      1e+20 1.33195e+12 1.72029e+12 1.64149e+12 2.35468e+12 1.83807e+12     102.616      98.732     126.606     96.0833     78.4092     136.165     145.602     132.966     154.263     67.0522     148.216     151.093     158.824      87.046     127.475     120.033     116.914     129.468     114.826     143.388     149.656     82.6196     118.533     139.262     104.087     106.212     117.388      150.36       1e+20 1.33195e+12 1.72029e+12 1.64149e+12 2.35468e+12 1.83807e+12
1.33195e+12       1e+20 4.20119e+11 1.86574e+12 1.66385e+12 5.10882e+11     104.235     36.2353     107.703     47.3814     102.728     83.1505     81.2219     77.2334     44.9444      82.201     41.1461         106     97.0155         110     40.1123     52.3927     61.4003     113.759     98.0816     101.178     47.0106     103.078     87.6413     54.4518     51.6236     104.652      59.203      101.02 1.33195e+12       1e+20 4.20119e+11 1.86574e+12 1.66385e+12 5.10882e+11
1.72029e+12 4.20119e+11       1e+20 2.22874e+12 1.80269e+12 2.92062e+11     143.694     77.9359       143.6     89.2749     144.257     115.434     110.354     110.136     64.6297     124.201     64.7611     136.062     123.471     150.987     75.1798     89.1852     98.6154     149.466     135.695     132.853      70.406     144.361     124.354      84.119     92.1954      143.67     96.3846     130.729 1.72029e+12 4.20119e+11       1e+20 2.22874e+12 1.80269e+12 2.92062e+11
1.64149e+12 1.86574e+12 2.22874e+12       1e+20 1.33754e+12  2.1095e+12     85.5862     162.262     79.3095     146.154     100.404     108.407     115.935     113.177     161.895     128.191     159.778     92.3147     109.041     89.2749     148.003      134.48     125.252     73.4098     88.6002     92.6553     155.048     97.1854     99.0202     139.589     136.795     84.0119     127.472     97.4526 1.64149e+12 1.86574e+12 2.22874e+12       1e+20 1.33754e+12  2.1095e+12
2.35468e+12 1.66385e+12 1.80269e+12 1.33754e+12       1e+20 1.54434e+12     134.183     168.834     110.073     157.877     157.889     102.069      95.483     106.832     121.852     171.012      125.24     84.3801     79.2465     151.288     133.135     129.835     127.287     108.632      120.83     92.1141     119.407     153.847     117.324     115.935     145.041     130.614     128.035     85.4459 2.35468e+12 1.66385e+12 1.80269e+12 1.33754e+12       1e+20 1.54434e+12
1.83807e+12 5.10882e+11 2.92062e+11  2.1095e+12 1.54434e+12       1e+20     137.931     85.3756     133.004     92.3093     143.391     102.626     95.2943     98.2293     49.0918     128.035     51.8556     120.341     105.688     148.223      69.029     82.9759     92.0217     138.452     127.475     118.596     56.0357     142.636     115.521     72.0069     91.0659     137.179     89.9389     114.965 1.83807e+12 5.10882e+11 2.92062e+11  2.1095e+12 1.54434e+12       1e+20
1.02616e+12 1.04235e+12 1.43694e+12 8.55862e+11 1.34183e+12 1.37931e+12       1e+10     76.9025     24.1868     60.8769     24.2074      44.911     56.0892     45.5412      90.802     46.2385     86.6833     50.9608     63.1269     17.4642     69.4262     55.2268     45.9674     26.9072          15     43.9318     83.8153          20     25.2982     67.6757     52.8015     3.60555     48.1041      51.788     102.616     104.235     143.694     85.5862     134.183     137.931
 9.8732e+11 3.62353e+11 7.79359e+11 1.62262e+12 1.68834e+12 8.53756e+11     76.9025       1e+10     87.0919     16.1245     69.9714     71.3092     74.4312     65.3911      59.808     46.6905     53.8516      94.578     91.4166      78.721     37.0135     39.4462     44.5982     93.0484     75.0267     87.9318     57.2451     71.1196     67.3647     53.7587     27.4591     78.2624     43.0813     90.6201      98.732     36.2353     77.9359     162.262     168.834     85.3756
1.26606e+12 1.07703e+12   1.436e+12 7.93095e+11 1.10073e+12 1.33004e+12     24.1868     87.0919       1e+10     71.2531     48.2597     31.1448     41.0488     34.8281     84.0238     66.8506     81.2712     28.0713     42.7551     41.2311     68.7095     55.3624     46.3249     6.08276     13.4164     22.2036     77.0065     44.1022     20.2237     61.0328     60.0083     20.5913     48.5077     30.1496     126.606     107.703       143.6     79.3095     110.073     133.004
9.60833e+11 4.73814e+11 8.92749e+11 1.46154e+12 1.57877e+12 9.23093e+11     60.8769     16.1245     71.2531       1e+10     55.6058     57.8014      62.482     52.1536     58.2151     35.7771     52.1536     80.5295     79.2023     63.6318     31.7805     28.4253     31.0644     77.1622          59     73.5391     53.9351     56.3028      51.788     46.0652     13.0384     62.1691          30     76.9415     96.0833     47.3814     89.2749     146.154     157.877     92.3093
7.84092e+11 1.02728e+12 1.44257e+12 1.00404e+12 1.57889e+12 1.43391e+12     24.2074     69.9714     48.2597     55.6058       1e+10     63.2851      74.108          62      99.925     28.0713     94.8472     73.9256     84.1724     11.1803      74.793     61.7414     54.0833     51.0882     37.1618     66.4831     93.4077     4.24264      43.566     78.4474     52.6308     27.8029     55.7136          74     78.4092     102.728     144.257     100.404     157.889     143.391
1.36165e+12 8.31505e+11 1.15434e+12 1.08407e+12 1.02069e+12 1.02626e+12      44.911     71.3092     31.1448     57.8014     63.2851       1e+10     11.1803     6.08276      53.535     69.8355     51.4296     23.5372     23.0217     61.2046     43.0465     32.7567     26.8328     36.1248     30.3645     18.0278     46.6476      60.075      20.025     31.3847     44.7772       42.45     28.2312     19.3132     136.165     83.1505     115.434     108.407     102.069     102.626
1.45602e+12 8.12219e+11 1.10354e+12 1.15935e+12  9.5483e+11 9.52943e+11     56.0892     74.4312     41.0488      62.482      74.108     11.1803       1e+10     12.6491     46.6154     78.7909      45.607     25.7099          17     72.3395     41.9762     34.9857     31.8277     45.4533     41.4849     23.3238     40.1622      71.007     31.1448     27.0185     49.5782     53.6004     32.5576     20.3961     145.602     81.2219     110.354     115.935      95.483     95.2943
1.32966e+12 7.72334e+11 1.10136e+12 1.13177e+12 1.06832e+12 9.82293e+11     45.5412     65.3911     34.8281     52.1536          62     6.08276     12.6491       1e+10     49.2037     66.2118     46.6476     29.6142     27.5862          61     37.1214     26.6833      21.095     40.2244     31.7648          24     42.2019     59.0762     20.2485     26.4197     39.1152     43.4626     22.3607     25.2982     132.966     77.2334     110.136     113.177     106.832     98.2293
1.54263e+12 4.49444e+11 6.46297e+11 1.61895e+12 1.21852e+12 4.90918e+11      90.802      59.808     84.0238     58.2151      99.925      53.535     46.6154     49.2037       1e+10     90.6697     6.08276      72.111     58.8558     102.956      27.074     38.2753     46.0652     89.4036     79.2465     69.7782     7.07107     98.4124     67.2086     23.3452     51.3517     89.6437     44.2832     66.7308     154.263     44.9444     64.6297     161.895     121.852     49.0918
6.70522e+11  8.2201e+11 1.24201e+12 1.28191e+12 1.71012e+12 1.28035e+12     46.2385     46.6905     66.8506     35.7771     28.0713     69.8355     78.7909     66.2118     90.6697       1e+10     84.8528     87.2067     92.7847          39     63.6396      54.037       50.01     71.3442     53.6004     79.3977     85.2115     31.0161     53.9073      73.171     39.3192     49.2443      50.636     85.6037     67.0522      82.201     124.201     128.191     171.012     128.035
1.48216e+12 4.11461e+11 6.47611e+11 1.59778e+12  1.2524e+12 5.18556e+11     86.6833     53.8516     81.2712     52.1536     94.8472     51.4296      45.607     46.6476     6.08276     84.8528       1e+10     71.3092     59.1354       98.27     21.2132     33.1059     41.3401     86.8217     75.6902      68.352     6.08276     93.4773     63.7024     20.2485     45.5412      85.703     39.4462     65.9697     148.216     41.1461     64.7611     159.778      125.24     51.8556
1.51093e+12    1.06e+12 1.36062e+12 9.23147e+11 8.43801e+11 1.20341e+12     50.9608      94.578     28.0713     80.5295     73.9256     23.5372     25.7099     29.6142      72.111     87.2067     71.3092       1e+10     17.2047     68.4105     66.0681     56.2939       49.98     29.2746     36.7696     7.81025     65.8027     70.0071     33.3017      52.469      67.624     47.5395     51.5461     5.38516     151.093         106     136.062     92.3147     84.3801     120.341
1.58824e+12 9.70155e+11 1.23471e+12 1.09041e+12 7.92465e+11 1.05688e+12     63.1269     91.4166     42.7551     79.2023     84.1724     23.0217          17     27.5862     58.8558     92.7847     59.1354     17.2047       1e+10      80.399     58.5235     51.9711     48.2701     45.2217     48.1664     20.6155     53.2353      80.604     40.8044     42.5793     66.2193     60.0333     49.2037          13     158.824     97.0155     123.471     109.041     79.2465     105.688
 8.7046e+11     1.1e+12 1.50987e+12 8.92749e+11 1.51288e+12 1.48223e+12     17.4642      78.721     41.2311     63.6318     11.1803     61.2046     72.3395          61     102.956          39       98.27     68.4105      80.399       1e+10     79.2023     65.4599     56.9386     43.0465      32.249     61.3922     96.1769     8.06226     41.1947     80.5295     58.7963     20.8806     58.8303     69.2315      87.046         110     150.987     89.2749     151.288     148.223
1.27475e+12 4.01123e+11 7.51798e+11 1.48003e+12 1.33135e+12  6.9029e+11     69.4262     37.0135     68.7095     31.7805      74.793     43.0465     41.9762     37.1214      27.074     63.6396     21.2132     66.0681     58.5235     79.2023       1e+10     14.2127     23.6008     74.6726     60.5392     61.0737     22.2036     73.7835     49.1935     17.2047     24.3311      69.029     21.4009     61.2046     127.475     40.1123     75.1798     148.003     133.135      69.029
1.20033e+12 5.23927e+11 8.91852e+11  1.3448e+12 1.29835e+12 8.29759e+11     55.2268     39.4462     55.3624     28.4253     61.7414     32.7567     34.9857     26.6833     38.2753      54.037     33.1059     56.2939     51.9711     65.4599     14.2127       1e+10     9.43398     61.4003     46.5296     50.3587     32.0156     60.4152     35.4683     19.2354     16.5529     54.8179      7.2111      51.923     120.033     52.3927     89.1852      134.48     129.835     82.9759
1.16914e+12 6.14003e+11 9.86154e+11 1.25252e+12 1.27287e+12 9.20217e+11     45.9674     44.5982     46.3249     31.0644     54.0833     26.8328     31.8277      21.095     46.0652       50.01     41.3401       49.98     48.2701     56.9386     23.6008     9.43398       1e+10     52.3927     37.1214     43.4166     39.3954     52.3927     26.2488     24.5153     18.0278     45.4533     2.23607     46.0977     116.914     61.4003     98.6154     125.252     127.287     92.0217
1.29468e+12 1.13759e+12 1.49466e+12 7.34098e+11 1.08632e+12 1.38452e+12     26.9072     93.0484     6.08276     77.1622     51.0882     36.1248     45.4533     40.2244     89.4036     71.3442     86.8217     29.2746     45.2217     43.0465     74.6726     61.4003     52.3927       1e+10     18.6815     24.6982     82.4197     46.8615     26.3059     66.5733     66.0303     23.3452     54.5711       32.28     129.468     113.759     149.466     73.4098     108.632     138.452
1.14826e+12 9.80816e+11 1.35695e+12 8.86002e+11  1.2083e+12 1.27475e+12          15     75.0267     13.4164          59     37.1618     30.3645     41.4849     31.7648     79.2465     53.6004     75.6902     36.7696     48.1664      32.249     60.5392     46.5296     37.1214     18.6815       1e+10     29.4109     72.1803     33.2415     12.0416     55.9017     48.5077     12.1655     39.3573      37.108     114.826     98.0816     135.695     88.6002      120.83     127.475
1.43388e+12 1.01178e+12 1.32853e+12 9.26553e+11 9.21141e+11 1.18596e+12     43.9318     87.9318     22.2036     73.5391     66.4831     18.0278     23.3238          24     69.7782     79.3977      68.352     7.81025     20.6155     61.3922     61.0737     50.3587     43.4166     24.6982     29.4109       1e+10     63.1585     62.6259     25.4951     48.7647     60.7454     40.6079     45.1221           8     143.388     101.178     132.853     92.6553     92.1141     118.596
1.49656e+12 4.70106e+11  7.0406e+11 1.55048e+12 1.19407e+12 5.60357e+11     83.8153     57.2451     77.0065     53.9351     93.4077     46.6476     40.1622     42.2019     7.07107     85.2115     6.08276     65.8027     53.2353     96.1769     22.2036     32.0156     39.3954     82.4197     72.1803     63.1585       1e+10     91.7878     60.1415     16.2788     46.0109     82.6196     37.6962     60.4401     149.656     47.0106      70.406     155.048     119.407     56.0357
8.26196e+11 1.03078e+12 1.44361e+12 9.71854e+11 1.53847e+12 1.42636e+12          20     71.1196     44.1022     56.3028     4.24264      60.075      71.007     59.0762     98.4124     31.0161     93.4773     70.0071      80.604     8.06226     73.7835     60.4152     52.3927     46.8615     33.2415     62.6259     91.7878       1e+10     40.1995     76.5506      52.345     23.6008     54.1295      70.214     82.6196     103.078     144.361     97.1854     153.847     142.636
1.18533e+12 8.76413e+11 1.24354e+12 9.90202e+11 1.17324e+12 1.15521e+12     25.2982     67.3647     20.2237      51.788      43.566      20.025     31.1448     20.2485     67.2086     53.9073     63.7024     33.3017     40.8044     41.1947     49.1935     35.4683     26.2488     26.3059     12.0416     25.4951     60.1415     40.1995       1e+10     43.8634       40.05     23.2594     28.4605     31.9061     118.533     87.6413     124.354     99.0202     117.324     115.521
1.39262e+12 5.44518e+11  8.4119e+11 1.39589e+12 1.15935e+12 7.20069e+11     67.6757     53.7587     61.0328     46.0652     78.4474     31.3847     27.0185     26.4197     23.3452      73.171     20.2485      52.469     42.5793     80.5295     17.2047     19.2354     24.5153     66.5733     55.9017     48.7647     16.2788     76.5506     43.8634       1e+10     35.4401     66.4003     23.1948     47.2652     139.262     54.4518      84.119     139.589     115.935     72.0069
1.04087e+12 5.16236e+11 9.21954e+11 1.36795e+12 1.45041e+12 9.10659e+11     52.8015     27.4591     60.0083     13.0384     52.6308     44.7772     49.5782     39.1152     51.3517     39.3192     45.5412      67.624     66.2193     58.7963     24.3311     16.5529     18.0278     66.0303     48.5077     60.7454     46.0109      52.345       40.05     35.4401       1e+10     53.4883     17.0294     63.9531     104.087     51.6236     92.1954     136.795     145.041     91.0659
1.06212e+12 1.04652e+12  1.4367e+12 8.40119e+11 1.30614e+12 1.37179e+12     3.60555     78.2624     20.5913     62.1691     27.8029       42.45     53.6004     43.4626     89.6437     49.2443      85.703     47.5395     60.0333     20.8806      69.029     54.8179     45.4533     23.3452     12.1655     40.6079     82.6196     23.6008     23.2594     66.4003     53.4883       1e+10      47.634     48.5077     106.212     104.652      143.67     84.0119     130.614     137.179
1.17388e+12  5.9203e+11 9.63846e+11 1.27472e+12 1.28035e+12 8.99389e+11     48.1041     43.0813     48.5077          30     55.7136     28.2312     32.5576     22.3607     44.2832      50.636     39.4462     51.5461     49.2037     58.8303     21.4009      7.2111     2.23607     54.5711     39.3573     45.1221     37.6962     54.1295     28.4605     23.1948     17.0294      47.634       1e+10     47.5395     117.388      59.203     96.3846     127.472     128.035     89.9389
 1.5036e+12  1.0102e+12 1.30729e+12 9.74526e+11 8.54459e+11 1.14965e+12      51.788     90.6201     30.1496     76.9415          74     19.3132     20.3961     25.2982     66.7308     85.6037     65.9697     5.38516          13     69.2315     61.2046      51.923     46.0977       32.28      37.108           8     60.4401      70.214     31.9061     47.2652     63.9531     48.5077     47.5395       1e+10      150.36      101.02     130.729     97.4526     85.4459     114.965
      1e+20 1.33195e+12 1.72029e+12 1.64149e+12 2.35468e+12 1.83807e+12 1.02616e+12  9.8732e+11 1.26606e+12 9.60833e+11 7.84092e+11 1.36165e+12 1.45602e+12 1.32966e+12 1.54263e+12 6.70522e+11 1.48216e+12 1.51093e+12 1.58824e+12  8.7046e+11 1.27475e+12 1.20033e+12 1.16914e+12 1.29468e+12 1.14826e+12 1.43388e+12 1.49656e+12 8.26196e+11 1.18533e+12 1.39262e+12 1.04087e+12 1.06212e+12 1.17388e+12  1.5036e+12       1e+20 1.33195e+12 1.72029e+12 1.64149e+12 2.35468e+12 1.83807e+12
1.33195e+12       1e+20 4.20119e+11 1.86574e+12 1.66385e+12 5.10882e+11 1.04235e+12 3.62353e+11 1.07703e+12 4.73814e+11 1.02728e+12 8.31505e+11 8.12219e+11 7.72334e+11 4.49444e+11  8.2201e+11 4.11461e+11    1.06e+12 9.70155e+11     1.1e+12 4.01123e+11 5.23927e+11 6.14003e+11 1.13759e+12 9.80816e+11 1.01178e+12 4.70106e+11 1.03078e+12 8.76413e+11 5.44518e+11 5.16236e+11 1.04652e+12  5.9203e+11  1.0102e+12 1.33195e+12       1e+20 4.20119e+11 1.86574e+12 1.66385e+12 5.10882e+11
1.72029e+12 4.20119e+11       1e+20 2.22874e+12 1.80269e+12 2.92062e+11 1.43694e+12 7.79359e+11   1.436e+12 8.92749e+11 1.44257e+12 1.15434e+12 1.10354e+12 1.10136e+12 6.46297e+11 1.24201e+12 6.47611e+11 1.36062e+12 1.23471e+12 1.50987e+12 7.51798e+11 8.91852e+11 9.86154e+11 1.49466e+12 1.35695e+12 1.32853e+12  7.0406e+11 1.44361e+12 1.24354e+12  8.4119e+11 9.21954e+11  1.4367e+12 9.63846e+11 1.30729e+12 1.72029e+12 4.20119e+11       1e+20 2.22874e+12 1.80269e+12 2.92062e+11
1.64149e+12 1.86574e+12 2.22874e+12       1e+20 1.33754e+12  2.1095e+12 8.55862e+11 1.62262e+12 7.93095e+11 1.46154e+12 1.00404e+12 1.08407e+12 1.15935e+12 1.13177e+12 1.61895e+12 1.28191e+12 1.59778e+12 9.23147e+11 1.09041e+12 8.92749e+11 1.48003e+12  1.3448e+12 1.25252e+12 7.34098e+11 8.86002e+11 9.26553e+11 1.55048e+12 9.71854e+11 9.90202e+11 1.39589e+12 1.36795e+12 8.40119e+11 1.27472e+12 9.74526e+11 1.64149e+12 1.86574e+12 2.22874e+12       1e+20 1.33754e+12  2.1095e+12
2.35468e+12 1.66385e+12 1.80269e+12 1.33754e+12       1e+20 1.54434e+12 1.34183e+12 1.68834e+12 1.10073e+12 1.57877e+12 1.57889e+12 1.02069e+12  9.5483e+11 1.06832e+12 1.21852e+12 1.71012e+12  1.2524e+12 8.43801e+11 7.92465e+11 1.51288e+12 1.33135e+12 1.29835e+12 1.27287e+12 1.08632e+12  1.2083e+12 9.21141e+11 1.19407e+12 1.53847e+12 1.17324e+12 1.15935e+12 1.45041e+12 1.30614e+12 1.28035e+12 8.54459e+11 2.35468e+12 1.66385e+12 1.80269e+12 1.33754e+12       1e+20 1.54434e+12
1.83807e+12 5.10882e+11 2.92062e+11  2.1095e+12 1.54434e+12       1e+20 1.37931e+12 8.53756e+11 1.33004e+12 9.23093e+11 1.43391e+12 1.02626e+12 9.52943e+11 9.82293e+11 4.90918e+11 1.28035e+12 5.18556e+11 1.20341e+12 1.05688e+12 1.48223e+12  6.9029e+11 8.29759e+11 9.20217e+11 1.38452e+12 1.27475e+12 1.18596e+12 5.60357e+11 1.42636e+12 1.15521e+12 7.20069e+11 9.10659e+11 1.37179e+12 8.99389e+11 1.14965e+12 1.83807e+12 5.10882e+11 2.92062e+11  2.1095e+12 1.54434e+12       1e+20
