      1e+20 1.30384e+12 1.15521e+12 1.50443e+12 1.45465e+12 8.19329e+11     17.4642      46.669     58.1378     41.3401     31.7805     32.6497     60.4152     40.3113           2     49.6488     54.8179     8.06226      27.074     56.5685     33.2415     37.3363     46.1411       42.45     31.1448     20.2237     20.2485     28.8444     22.1359     40.4969     43.8634      50.448     33.8378     62.8013          52       32.28     16.6433     22.8254     60.6383     47.4131     34.0588     43.0116     29.5296     39.2173       1e+20 1.30384e+12 1.15521e+12 1.50443e+12 1.45465e+12 8.19329e+11
1.30384e+12       1e+20 2.44632e+12   1.722e+12 1.53101e+12 1.71619e+12     115.261     99.6895     142.338     100.245     143.003     159.079     109.772     102.591     130.553     143.405     80.6536     134.034      133.09     130.384     157.496     165.027     95.8593      103.16     133.454     150.562     126.372     156.179     123.491     119.331      151.01     164.575     147.122     100.319     82.6075     140.577     144.003     151.463     125.925     112.641     96.3328     107.935     121.458     95.8019 1.30384e+12       1e+20 2.44632e+12   1.722e+12 1.53101e+12 1.71619e+12
1.15521e+12 2.44632e+12       1e+20 2.26813e+12 2.31407e+12 1.37004e+12     129.437     157.991     139.818     146.342     104.005     94.5145     163.783     152.315     114.983     131.034     164.985     113.886     123.944     148.003     87.4643     88.3233     151.268     153.522     114.004     95.5092     118.714      88.459     129.356     143.265     117.614     106.217         100     170.074     167.287     119.887     105.309     93.3916     154.616     152.201     148.933     151.608     125.144     149.215 1.15521e+12 2.44632e+12       1e+20 2.26813e+12 2.31407e+12 1.37004e+12
1.50443e+12   1.722e+12 2.26813e+12       1e+20 2.14709e+11 8.98109e+11      155.39     115.156     95.1893     170.188       182.2     144.309     95.0211     120.017     152.411     105.005     164.073     144.368     124.427     93.9415     178.443     148.556     171.493     117.017     180.602     158.146     168.193     171.747     128.565     110.766         117     123.944     183.967     98.6154     129.711     122.413     144.921     165.801     89.9444     106.118     146.168     113.018     174.485      161.31 1.50443e+12   1.722e+12 2.26813e+12       1e+20 2.14709e+11 8.98109e+11
1.45465e+12 1.53101e+12 2.31407e+12 2.14709e+11       1e+20  9.5901e+11     148.071     105.802     94.3398     160.378     177.116     144.062     86.6833     111.306     147.363     104.101     152.161     140.218     120.934      90.377     175.559      148.95     161.112     108.342     174.385     155.682     161.771     169.163     123.329     104.995     117.047     126.036     179.301     88.3629     118.017     120.308     142.271     162.963      85.235     98.9545     136.528     105.119     167.093     151.268 1.45465e+12 1.53101e+12 2.31407e+12 2.14709e+11       1e+20  9.5901e+11
8.19329e+11 1.71619e+12 1.37004e+12 8.98109e+11  9.5901e+11       1e+20     94.8262      75.213     30.6105     117.346     110.023     62.0081     61.8466     75.1665     83.8153     34.4093     121.828          74      56.356     41.6773      100.08     64.3817      120.93     73.2462     112.361      80.399     102.181      93.086     66.0379     57.3149     38.3275     38.2099     110.318     71.3092          95     49.7695     69.4262     88.3629     45.6946     61.0328     97.3088      67.624     111.234     111.018 8.19329e+11 1.71619e+12 1.37004e+12 8.98109e+11  9.5901e+11       1e+20
1.74642e+11 1.15261e+12 1.29437e+12  1.5539e+12 1.48071e+12 9.48262e+11       1e+10     43.4626     68.0074     24.2074     33.2415     50.0899     61.3922     37.3363     16.7631     60.9262     37.6563     24.4131     38.4708     63.5059     43.0813     54.7814     28.8444     40.1622     27.2947     36.2215          15          41     29.4109     45.0444     58.0086     66.4831     36.7967     61.0983     41.8688     45.4863          34     36.2215     66.0303      49.366     20.1246     42.9535      19.105     21.8403     17.4642     115.261     129.437      155.39     148.071     94.8262
 4.6669e+11 9.96895e+11 1.57991e+12 1.15156e+12 1.05802e+12  7.5213e+11     43.4626       1e+10     44.6542     55.0364     75.4718       64.56     20.3961     6.40312     48.1041     44.0114     51.0784     45.2217     35.5106     33.9706     79.9062     70.8802     56.4358     4.47214     70.6824     64.0703     58.1378     75.1665     28.6356     19.6469     51.4782     65.2763      78.492       17.72     19.8494     42.0476     52.7731      68.884     32.2025     14.2127     31.0161     8.24621     61.9839     46.1736      46.669     99.6895     157.991     115.156     105.802      75.213
5.81378e+11 1.42338e+12 1.39818e+12 9.51893e+11 9.43398e+11 3.06105e+11     68.0074     44.6542       1e+10          89     89.0505     49.7393     33.3766     44.5982     60.1332     9.84886     91.8314          51     31.0644     12.1655     83.4326     54.6443     92.1792      42.638     89.2749     63.0635     77.7817     76.6551     38.6005     26.9072     22.8035     33.8378     90.2718     42.7551      64.405     27.4591       50.01     70.8308     18.0278     30.5287     67.6757     37.0135     85.9069     81.9878     58.1378     142.338     139.818     95.1893     94.3398     30.6105
4.13401e+11 1.00245e+12 1.46342e+12 1.70188e+12 1.60378e+12 1.17346e+12     24.2074     55.0364          89       1e+10     42.9535     73.9256     75.2396     50.3587     40.3113      83.006     19.6977     48.6004     61.4003     82.5409     59.0085     78.2624     5.09902     53.3385     33.2415     58.1893     28.1603     59.3043     51.3128     63.5689     81.5659     90.6091     47.0744     72.0625     43.9659      68.884     57.9828     56.0892      83.678      65.307     24.0208     57.8705     21.3776     9.21954     41.3401     100.245     146.342     170.188     160.378     117.346
3.17805e+11 1.43003e+12 1.04005e+12   1.822e+12 1.77116e+12 1.10023e+12     33.2415     75.4718     89.0505     42.9535       1e+10     50.9902     91.3893     69.1158     29.8329     80.0062     62.3618     38.1182     58.2151     88.2836     18.7883     52.1536      47.676     71.6938          10     30.8707     18.4391     22.6716     53.8516     72.1249     71.8471     74.3303     4.12311     92.6607     75.0067     62.0322     40.6079     23.8537     92.4175     78.5493     52.6308     73.3485      21.587     47.5395     31.7805     143.003     104.005       182.2     177.116     110.023
3.26497e+11 1.59079e+12 9.45145e+11 1.44309e+12 1.44062e+12 6.20081e+11     50.0899       64.56     49.7393     73.9256     50.9902       1e+10     69.3397      59.439     33.6155     39.9625      86.977     26.2488     29.5466     55.2268     38.3275     6.32456     78.7718     60.1664     56.0357     20.1246     49.5177     31.4006     36.4966     48.7647      27.313     24.1868     50.3289      75.591     77.1622     25.6125     16.1555     27.5136     61.5224     57.7062     64.3273     57.5847     59.4138     71.6938     32.6497     159.079     94.5145     144.309     144.062     62.0081
6.04152e+11 1.09772e+12 1.63783e+12 9.50211e+11 8.66833e+11 6.18466e+11     61.3922     20.3961     33.3766     75.2396     91.3893     69.3397       1e+10          25     62.1772     37.2156     71.1688     56.6127     40.4599     21.2132     92.6553     75.4718     76.7919          22     87.9318      74.411     75.2861     87.0057      38.833     21.2132     48.7647     62.5859     93.9415     9.48683     38.0789      43.909     61.5224      80.604     16.1555     13.0384     51.2445     18.4391     80.4114     66.4831     60.4152     109.772     163.783     95.0211     86.6833     61.8466
4.03113e+11 1.02591e+12 1.52315e+12 1.20017e+12 1.11306e+12 7.51665e+11     37.3363     6.40312     44.5982     50.3587     69.1158      59.439          25       1e+10     41.7253     42.5441     48.3735     39.1152     31.0161          35     73.5527     65.7343     52.1728           3     64.4748     57.9828     51.8941      68.884     23.0868     18.0278     48.5077     61.9839      72.111     23.7697     20.6155     38.1182     47.0106     62.6259     34.4384     15.6525     26.4764     8.06226     56.0446     41.7732     40.3113     102.591     152.315     120.017     111.306     75.1665
      2e+10 1.30553e+12 1.14983e+12 1.52411e+12 1.47363e+12 8.38153e+11     16.7631     48.1041     60.1332     40.3113     29.8329     33.6155     62.1772     41.7253       1e+10     51.6236     54.3415     9.84886     29.0689     58.5491     31.8904     38.0789     45.1774     43.9318     29.1548      20.025     18.3848     27.7849     24.0416     42.3792     45.6946     52.0096     31.9531      64.405     52.8015     34.2053     17.8045     21.9317     62.5859     49.1935     34.2345     44.6542     27.7849     38.6005           2     130.553     114.983     152.411     147.363     83.8153
4.96488e+11 1.43405e+12 1.31034e+12 1.05005e+12 1.04101e+12 3.44093e+11     60.9262     44.0114     9.84886      83.006     80.0062     39.9625     37.2156     42.5441     51.6236       1e+10     87.6926       42.19     22.8035     17.4642     73.7564          45     86.5332     41.1461     80.7527     53.3667     69.6348     66.9403     31.7648     24.5967     13.4536          26     81.0555     46.0109     63.0635     18.0278     40.4475     61.1882     24.1661     30.8058     63.0317     35.8469     78.1601     76.6094     49.6488     143.405     131.034     105.005     104.101     34.4093
5.48179e+11 8.06536e+11 1.64985e+12 1.64073e+12 1.52161e+12 1.21828e+12     37.6563     51.0784     91.8314     19.6977     62.3618      86.977     71.1688     48.3735     54.3415     87.6926       1e+10     60.7454     68.6003     83.2166     77.5242     92.0489     15.8114          51      52.811     73.8241     46.2709      77.026     57.8014          65      89.202      100.17     66.4831     65.7343     34.3657     76.6094     70.8378     73.0616     82.7647     64.0078     24.8395     56.4358     40.8044     16.0312     54.8179     80.6536     164.985     164.073     152.161     121.828
8.06226e+10 1.34034e+12 1.13886e+12 1.44368e+12 1.40218e+12     7.4e+11     24.4131     45.2217          51     48.6004     38.1182     26.2488     56.6127     39.1152     9.84886       42.19     60.7454       1e+10     20.0998      50.448     36.0555     31.5753     53.2541     40.8044     38.6394      18.868     28.2312     30.4795     17.8045     35.8469     35.8469     42.5206     39.6232     60.1082     53.6004     24.5153      10.198     24.0832     55.0273     43.6005     38.3275     40.3113     37.5899      45.618     8.06226     134.034     113.886     144.368     140.218          74
 2.7074e+11  1.3309e+12 1.23944e+12 1.24427e+12 1.20934e+12  5.6356e+11     38.4708     35.5106     31.0644     61.4003     58.2151     29.5466     40.4599     31.0161     29.0689     22.8035     68.6003     20.0998       1e+10     30.6757      54.626     35.8469     65.2993      31.257     58.2151     34.9857     46.8722     48.3011     10.8167     19.4165     20.6155      32.311     59.6825     46.1411     50.4876     8.06226     21.6333     42.0476     35.7771     28.3019     43.8292     28.1603     55.3624     55.8659      27.074      133.09     123.944     124.427     120.934      56.356
5.65685e+11 1.30384e+12 1.48003e+12 9.39415e+11  9.0377e+11 4.16773e+11     63.5059     33.9706     12.1655     82.5409     88.2836     55.2268     21.2132          35     58.5491     17.4642     83.2166      50.448     30.6757       1e+10      85.235     60.8112      85.235     32.6497     87.1436      65.307     75.0067     78.7909     35.0143     18.9737     30.5287     43.4626     90.0278     30.5941     53.8145     30.2324     51.8941     72.6154      6.7082      19.799     59.9333     27.0185     82.2192     74.8465     56.5685     130.384     148.003     93.9415      90.377     41.6773
3.32415e+11 1.57496e+12 8.74643e+11 1.78443e+12 1.75559e+12  1.0008e+12     43.0813     79.9062     83.4326     59.0085     18.7883     38.3275     92.6553     73.5527     31.8904     73.7564     77.5242     36.0555      54.626      85.235       1e+10     37.6431          64     75.6637     28.1603     20.3961      31.257           7     53.8238     71.8679     63.2851      62.514     15.8114     95.7758      83.863     56.0446     33.5261     12.6491      90.377     79.6304     63.1585     75.9276     38.1182     61.8142     33.2415     157.496     87.4643     178.443     175.559      100.08
3.73363e+11 1.65027e+12 8.83233e+11 1.48556e+12  1.4895e+12 6.43817e+11     54.7814     70.8802     54.6443     78.2624     52.1536     6.32456     75.4718     65.7343     38.0789          45     92.0489     31.5753     35.8469     60.8112     37.6431       1e+10     83.1925     66.4831     58.1378     21.9317     52.8015     31.0161     42.7551     55.0091     31.9061     26.1725          51     81.8413     83.2947     31.6228     21.3776     28.3019     67.2086     63.9531     69.8713     63.9062     62.6259     76.5506     37.3363     165.027     88.3233     148.556      148.95     64.3817
4.61411e+11 9.58593e+11 1.51268e+12 1.71493e+12 1.61112e+12  1.2093e+12     28.8444     56.4358     92.1792     5.09902      47.676     78.7718     76.7919     52.1728     45.1774     86.5332     15.8114     53.2541     65.2993      85.235          64     83.1925       1e+10      55.109      37.855     63.2456     33.2415     64.3817          55     66.3099     85.6329     95.0158      51.788     73.0274     43.7379     72.9178     62.7694     61.1882     86.0233     67.4463     25.7099     59.9083     26.1725     10.4403     46.1411     95.8593     151.268     171.493     161.112      120.93
  4.245e+11  1.0316e+12 1.53522e+12 1.17017e+12 1.08342e+12 7.32462e+11     40.1622     4.47214      42.638     53.3385     71.6938     60.1664          22           3     43.9318     41.1461          51     40.8044      31.257     32.6497     75.6637     66.4831      55.109       1e+10     67.2309     59.6406      54.626     70.8378     24.1661     16.5529     47.8539     61.5224     74.6257     21.0238     21.9545          38     48.3011     64.5368     31.7648     13.0384     29.4279     5.65685     58.9406     44.7214       42.45      103.16     153.522     117.017     108.342     73.2462
3.11448e+11 1.33454e+12 1.14004e+12 1.80602e+12 1.74385e+12 1.12361e+12     27.2947     70.6824     89.2749     33.2415          10     56.0357     87.9318     64.4748     29.1548     80.7527      52.811     38.6394     58.2151     87.1436     28.1603     58.1378      37.855     67.2309       1e+10     36.2353     12.6491     30.8869     52.1536     69.8713     74.0405     78.2624     14.0357     88.2383     68.0147     63.1506     43.4626     30.4795     90.6697     75.4321     45.2769     69.5701      12.083     38.4708     31.1448     133.454     114.004     180.602     174.385     112.361
2.02237e+11 1.50562e+12 9.55092e+11 1.58146e+12 1.55682e+12  8.0399e+11     36.2215     64.0703     63.0635     58.1893     30.8707     20.1246      74.411     57.9828      20.025     53.3667     73.8241      18.868     34.9857      65.307     20.3961     21.9317     63.2456     59.6406     36.2353       1e+10     31.3847     13.6015     36.1248     53.2635     43.0465     43.6807     30.3645     78.5684     71.7844     35.7351     13.4164           8     70.7107     61.5549      54.231     58.8982     41.0488     57.8705     20.2237     150.562     95.5092     158.146     155.682      80.399
2.02485e+11 1.26372e+12 1.18714e+12 1.68193e+12 1.61771e+12 1.02181e+12          15     58.1378     77.7817     28.1603     18.4391     49.5177     75.2861     51.8941     18.3848     69.6348     46.2709     28.2312     46.8722     75.0067      31.257     52.8015     33.2415      54.626     12.6491     31.3847       1e+10     31.1448          40     57.4282     64.0781     69.8928     22.2036     75.6439     56.5862     52.4976          35     28.1603     78.3135     62.8172     34.2053      56.921     9.89949     30.5941     20.2485     126.372     118.714     168.193     161.771     102.181
2.88444e+11 1.56179e+12  8.8459e+11 1.71747e+12 1.69163e+12  9.3086e+11          41     75.1665     76.6551     59.3043     22.6716     31.4006     87.0057      68.884     27.7849     66.9403      77.026     30.4795     48.3011     78.7909           7     31.0161     64.3817     70.8378     30.8869     13.6015     31.1448       1e+10     48.2701     66.0303     56.3205     55.5788     20.6155     90.5539     80.4984     49.3356     26.9258     6.40312     84.0773      74.027     60.7289     70.7248     39.2938     61.0737     28.8444     156.179      88.459     171.747     169.163      93.086
2.21359e+11 1.23491e+12 1.29356e+12 1.28565e+12 1.23329e+12 6.60379e+11     29.4109     28.6356     38.6005     51.3128     53.8516     36.4966      38.833     23.0868     24.0416     31.7648     57.8014     17.8045     10.8167     35.0143     53.8238     42.7551          55     24.1661     52.1536     36.1248          40     48.2701       1e+10     18.3848     31.4006     42.9535     55.9732       42.45     41.0122      18.868     24.1868     41.8688     38.6394      25.807     33.0151     22.8035     47.5184     45.3431     22.1359     123.491     129.356     128.565     123.329     66.0379
4.04969e+11 1.19331e+12 1.43265e+12 1.10766e+12 1.04995e+12 5.73149e+11     45.0444     19.6469     26.9072     63.5689     72.1249     48.7647     21.2132     18.0278     42.3792     24.5967          65     35.8469     19.4165     18.9737     71.8679     55.0091     66.3099     16.5529     69.8713     53.2635     57.4282     66.0303     18.3848       1e+10     32.0624     46.0109     74.3303     26.8328     38.4708     24.0416     40.3113     59.6406          21     8.94427     41.1825     11.4018          64     55.9464     40.4969     119.331     143.265     110.766     104.995     57.3149
4.38634e+11  1.5101e+12 1.17614e+12    1.17e+12 1.17047e+12 3.83275e+11     58.0086     51.4782     22.8035     81.5659     71.8471      27.313     48.7647     48.5077     45.6946     13.4536      89.202     35.8469     20.6155     30.5287     63.2851     31.9061     85.6329     47.8539     74.0405     43.0465     64.0781     56.3205     31.4006     32.0624       1e+10     14.0357     72.3395     56.8859     68.9638     12.7279      31.257     51.0392     37.2156       40.05      64.405     43.2897     73.3485     76.3806     43.8634      151.01     117.614         117     117.047     38.3275
 5.0448e+11 1.64575e+12 1.06217e+12 1.23944e+12 1.26036e+12 3.82099e+11     66.4831     65.2763     33.8378     90.6091     74.3303     24.1868     62.5859     61.9839     52.0096          26      100.17     42.5206      32.311     43.4626      62.514     26.1725     95.0158     61.5224     78.2624     43.6807     69.8928     55.5788     42.9535     46.0109     14.0357       1e+10     74.0405      70.859     82.2253     24.3516     34.9857     51.4198     50.1597     54.0833     75.6637     57.1402     79.6304     86.4002      50.448     164.575     106.217     123.944     126.036     38.2099
3.38378e+11 1.47122e+12       1e+12 1.83967e+12 1.79301e+12 1.10318e+12     36.7967      78.492     90.2718     47.0744     4.12311     50.3289     93.9415      72.111     31.9531     81.0555     66.4831     39.6232     59.6825     90.0278     15.8114          51      51.788     74.6257     14.0357     30.3645     22.2036     20.6155     55.9732     74.3303     72.3395     74.0405       1e+10     95.5249     78.6448     63.0317     41.1096     22.8473     94.3716     81.0247     56.4004     76.0592     25.7099     51.6236     33.8378     147.122         100     183.967     179.301     110.318
6.28013e+11 1.00319e+12 1.70074e+12 9.86154e+11 8.83629e+11 7.13092e+11     61.0983       17.72     42.7551     72.0625     92.6607      75.591     9.48683     23.7697      64.405     46.0109     65.7343     60.1082     46.1411     30.5941     95.7758     81.8413     73.0274     21.0238     88.2383     78.5684     75.6439     90.5539       42.45     26.8328     56.8859      70.859     95.5249       1e+10     31.6228     50.6952     66.2193     84.1724      25.632     17.8885     48.1664     19.8494     79.6994     63.0079     62.8013     100.319     170.074     98.6154     88.3629     71.3092
    5.2e+11 8.26075e+11 1.67287e+12 1.29711e+12 1.18017e+12     9.5e+11     41.8688     19.8494      64.405     43.9659     75.0067     77.1622     38.0789     20.6155     52.8015     63.0635     34.3657     53.6004     50.4876     53.8145      83.863     83.2947     43.7379     21.9545     68.0147     71.7844     56.5862     80.4984     41.0122     38.4708     68.9638     82.2253     78.6448     31.6228       1e+10     58.0517     62.9682     74.7329     51.7397     34.0588     22.8035     27.4591     57.2014     34.7851          52     82.6075     167.287     129.711     118.017          95
  3.228e+11 1.40577e+12 1.19887e+12 1.22413e+12 1.20308e+12 4.97695e+11     45.4863     42.0476     27.4591      68.884     62.0322     25.6125      43.909     38.1182     34.2053     18.0278     76.6094     24.5153     8.06226     30.2324     56.0446     31.6228     72.9178          38     63.1506     35.7351     52.4976     49.3356      18.868     24.0416     12.7279     24.3516     63.0317     50.6952     58.0517       1e+10      22.561     43.4166     36.2353     32.8938     51.8652     34.2345     61.4654     63.6553       32.28     140.577     119.887     122.413     120.308     49.7695
1.66433e+11 1.44003e+12 1.05309e+12 1.44921e+12 1.42271e+12 6.94262e+11          34     52.7731       50.01     57.9828     40.6079     16.1555     61.5224     47.0106     17.8045     40.4475     70.8378      10.198     21.6333     51.8941     33.5261     21.3776     62.7694     48.3011     43.4626     13.4164          35     26.9258     24.1868     40.3113      31.257     34.9857     41.1096     66.2193     62.9682      22.561       1e+10     20.8806     57.3062     48.8365     48.5077     46.8722     44.8219     55.5428     16.6433     144.003     105.309     144.921     142.271     69.4262
2.28254e+11 1.51463e+12 9.33916e+11 1.65801e+12 1.62963e+12 8.83629e+11     36.2215      68.884     70.8308     56.0892     23.8537     27.5136      80.604     62.6259     21.9317     61.1882     73.0616     24.0832     42.0476     72.6154     12.6491     28.3019     61.1882     64.5368     30.4795           8     28.1603     6.40312     41.8688     59.6406     51.0392     51.4198     22.8473     84.1724     74.7329     43.4166     20.8806       1e+10     77.8203      67.624     55.5428     64.3506     37.1618     57.0351     22.8254     151.463     93.3916     165.801     162.963     88.3629
6.06383e+11 1.25925e+12 1.54616e+12 8.99444e+11  8.5235e+11 4.56946e+11     66.0303     32.2025     18.0278      83.678     92.4175     61.5224     16.1555     34.4384     62.5859     24.1661     82.7647     55.0273     35.7771      6.7082      90.377     67.2086     86.0233     31.7648     90.6697     70.7107     78.3135     84.0773     38.6394          21     37.2156     50.1597     94.3716      25.632     51.7397     36.2353     57.3062     77.8203       1e+10     18.7883      60.407     26.4008          85     75.5844     60.6383     125.925     154.616     89.9444      85.235     45.6946
4.74131e+11 1.12641e+12 1.52201e+12 1.06118e+12 9.89545e+11 6.10328e+11      49.366     14.2127     30.5287      65.307     78.5493     57.7062     13.0384     15.6525     49.1935     30.8058     64.0078     43.6005     28.3019      19.799     79.6304     63.9531     67.4463     13.0384     75.4321     61.5549     62.8172      74.027      25.807     8.94427       40.05     54.0833     81.0247     17.8885     34.0588     32.8938     48.8365      67.624     18.7883       1e+10     41.7612     7.61577      68.469     57.0088     47.4131     112.641     152.201     106.118     98.9545     61.0328
3.40588e+11 9.63328e+11 1.48933e+12 1.46168e+12 1.36528e+12 9.73088e+11     20.1246     31.0161     67.6757     24.0208     52.6308     64.3273     51.2445     26.4764     34.2345     63.0317     24.8395     38.3275     43.8292     59.9333     63.1585     69.8713     25.7099     29.4279     45.2769      54.231     34.2053     60.7289     33.0151     41.1825      64.405     75.6637     56.4004     48.1664     22.8035     51.8652     48.5077     55.5428      60.407     41.7612       1e+10     34.2053     34.4093     15.2971     34.0588     96.3328     148.933     146.168     136.528     97.3088
4.30116e+11 1.07935e+12 1.51608e+12 1.13018e+12 1.05119e+12  6.7624e+11     42.9535     8.24621     37.0135     57.8705     73.3485     57.5847     18.4391     8.06226     44.6542     35.8469     56.4358     40.3113     28.1603     27.0185     75.9276     63.9062     59.9083     5.65685     69.5701     58.8982      56.921     70.7248     22.8035     11.4018     43.2897     57.1402     76.0592     19.8494     27.4591     34.2345     46.8722     64.3506     26.4008     7.61577     34.2053       1e+10     61.9839     49.4773     43.0116     107.935     151.608     113.018     105.119      67.624
2.95296e+11 1.21458e+12 1.25144e+12 1.74485e+12 1.67093e+12 1.11234e+12      19.105     61.9839     85.9069     21.3776      21.587     59.4138     80.4114     56.0446     27.7849     78.1601     40.8044     37.5899     55.3624     82.2192     38.1182     62.6259     26.1725     58.9406      12.083     41.0488     9.89949     39.2938     47.5184          64     73.3485     79.6304     25.7099     79.6994     57.2014     61.4654     44.8219     37.1618          85      68.469     34.4093     61.9839       1e+10     26.4197     29.5296     121.458     125.144     174.485     167.093     111.234
3.92173e+11 9.58019e+11 1.49215e+12  1.6131e+12 1.51268e+12 1.11018e+12     21.8403     46.1736     81.9878     9.21954     47.5395     71.6938     66.4831     41.7732     38.6005     76.6094     16.0312      45.618     55.8659     74.8465     61.8142     76.5506     10.4403     44.7214     38.4708     57.8705     30.5941     61.0737     45.3431     55.9464     76.3806     86.4002     51.6236     63.0079     34.7851     63.6553     55.5428     57.0351     75.5844     57.0088     15.2971     49.4773     26.4197       1e+10     39.2173     95.8019     149.215      161.31     151.268     111.018
      1e+20 1.30384e+12 1.15521e+12 1.50443e+12 1.45465e+12 8.19329e+11 1.74642e+11  4.6669e+11 5.81378e+11 4.13401e+11 3.17805e+11 3.26497e+11 6.04152e+11 4.03113e+11       2e+10 4.96488e+11 5.48179e+11 8.06226e+10  2.7074e+11 5.65685e+11 3.32415e+11 3.73363e+11 4.61411e+11   4.245e+11 3.11448e+11 2.02237e+11 2.02485e+11 2.88444e+11 2.21359e+11 4.04969e+11 4.38634e+11  5.0448e+11 3.38378e+11 6.28013e+11     5.2e+11   3.228e+11 1.66433e+11 2.28254e+11 6.06383e+11 4.74131e+11 3.40588e+11 4.30116e+11 2.95296e+11 3.92173e+11       1e+20 1.30384e+12 1.15521e+12 1.50443e+12 1.45465e+12 8.19329e+11
1.30384e+12       1e+20 2.44632e+12   1.722e+12 1.53101e+12 1.71619e+12 1.15261e+12 9.96895e+11 1.42338e+12 1.00245e+12 1.43003e+12 1.59079e+12 1.09772e+12 1.02591e+12 1.30553e+12 1.43405e+12 8.06536e+11 1.34034e+12  1.3309e+12 1.30384e+12 1.57496e+12 1.65027e+12 9.58593e+11  1.0316e+12 1.33454e+12 1.50562e+12 1.26372e+12 1.56179e+12 1.23491e+12 1.19331e+12  1.5101e+12 1.64575e+12 1.47122e+12 1.00319e+12 8.26075e+11 1.40577e+12 1.44003e+12 1.51463e+12 1.25925e+12 1.12641e+12 9.63328e+11 1.07935e+12 1.21458e+12 9.58019e+11 1.30384e+12       1e+20 2.44632e+12   1.722e+12 1.53101e+12 1.71619e+12
1.15521e+12 2.44632e+12       1e+20 2.26813e+12 2.31407e+12 1.37004e+12 1.29437e+12 1.57991e+12 1.39818e+12 1.46342e+12 1.04005e+12 9.45145e+11 1.63783e+12 1.52315e+12 1.14983e+12 1.31034e+12 1.64985e+12 1.13886e+12 1.23944e+12 1.48003e+12 8.74643e+11 8.83233e+11 1.51268e+12 1.53522e+12 1.14004e+12 9.55092e+11 1.18714e+12  8.8459e+11 1.29356e+12 1.43265e+12 1.17614e+12 1.06217e+12       1e+12 1.70074e+12 1.67287e+12 1.19887e+12 1.05309e+12 9.33916e+11 1.54616e+12 1.52201e+12 1.48933e+12 1.51608e+12 1.25144e+12 1.49215e+12 1.15521e+12 2.44632e+12       1e+20 2.26813e+12 2.31407e+12 1.37004e+12
1.50443e+12   1.722e+12 2.26813e+12       1e+20 2.14709e+11 8.98109e+11  1.5539e+12 1.15156e+12 9.51893e+11 1.70188e+12   1.822e+12 1.44309e+12 9.50211e+11 1.20017e+12 1.52411e+12 1.05005e+12 1.64073e+12 1.44368e+12 1.24427e+12 9.39415e+11 1.78443e+12 1.48556e+12 1.71493e+12 1.17017e+12 1.80602e+12 1.58146e+12 1.68193e+12 1.71747e+12 1.28565e+12 1.10766e+12    1.17e+12 1.23944e+12 1.83967e+12 9.86154e+11 1.29711e+12 1.22413e+12 1.44921e+12 1.65801e+12 8.99444e+11 1.06118e+12 1.46168e+12 1.13018e+12 1.74485e+12  1.6131e+12 1.50443e+12   1.722e+12 2.26813e+12       1e+20 2.14709e+11 8.98109e+11
1.45465e+12 1.53101e+12 2.31407e+12 2.14709e+11       1e+20  9.5901e+11 1.48071e+12 1.05802e+12 9.43398e+11 1.60378e+12 1.77116e+12 1.44062e+12 8.66833e+11 1.11306e+12 1.47363e+12 1.04101e+12 1.52161e+12 1.40218e+12 1.20934e+12  9.0377e+11 1.75559e+12  1.4895e+12 1.61112e+12 1.08342e+12 1.74385e+12 1.55682e+12 1.61771e+12 1.69163e+12 1.23329e+12 1.04995e+12 1.17047e+12 1.26036e+12 1.79301e+12 8.83629e+11 1.18017e+12 1.20308e+12 1.42271e+12 1.62963e+12  8.5235e+11 9.89545e+11 1.36528e+12 1.05119e+12 1.67093e+12 1.51268e+12 1.45465e+12 1.53101e+12 2.31407e+12 2.14709e+11       1e+20  9.5901e+11
8.19329e+11 1.71619e+12 1.37004e+12 8.98109e+11  9.5901e+11       1e+20 9.48262e+11  7.5213e+11 3.06105e+11 1.17346e+12 1.10023e+12 6.20081e+11 6.18466e+11 7.51665e+11 8.38153e+11 3.44093e+11 1.21828e+12     7.4e+11  5.6356e+11 4.16773e+11  1.0008e+12 6.43817e+11  1.2093e+12 7.32462e+11 1.12361e+12  8.0399e+11 1.02181e+12  9.3086e+11 6.60379e+11 5.73149e+11 3.83275e+11 3.82099e+11 1.10318e+12 7.13092e+11     9.5e+11 4.97695e+11 6.94262e+11 8.83629e+11 4.56946e+11 6.10328e+11 9.73088e+11  6.7624e+11 1.11234e+12 1.11018e+12 8.19329e+11 1.71619e+12 1.37004e+12 8.98109e+11  9.5901e+11       1e+20
