      1e+20 1.12308e+12 7.41485e+11 1.91262e+12 1.66469e+12   1.636e+12 1.44554e+12     22.0227     115.104     84.5281     103.078     48.7545     72.0347     48.2701     26.0192      94.541     56.3649     59.1354     36.2353     83.5703     74.2428     54.1202     34.4384     71.8471     47.4342     79.4796     45.1221     76.6942       1e+20 1.12308e+12 7.41485e+11 1.91262e+12 1.66469e+12   1.636e+12 1.44554e+12
1.12308e+12       1e+20 4.46878e+11 9.63846e+11 1.83098e+12  6.5146e+11 1.98305e+12     91.1811     104.019     65.8027     22.0907      63.561     43.8634     109.986     89.8888     64.6297     125.252     53.8516     108.931     80.6536     59.9416          90     94.2603     65.7647     126.621     33.2866     81.3204     118.512 1.12308e+12       1e+20 4.46878e+11 9.63846e+11 1.83098e+12  6.5146e+11 1.98305e+12
7.41485e+11 4.46878e+11       1e+20 1.18038e+12 1.50765e+12 1.07782e+12  1.5741e+12     56.0089     75.0267     30.6757     29.5466     30.0832           5     65.2993     49.0408     36.0555      80.604     18.0278     64.6607     43.2897     19.0263     45.4863     50.4777     24.0832     82.0244     16.0312     37.0135     75.8947 7.41485e+11 4.46878e+11       1e+20 1.18038e+12 1.50765e+12 1.07782e+12  1.5741e+12
1.91262e+12 9.63846e+11 1.18038e+12       1e+20 1.74187e+12 1.20673e+12 2.15697e+12     174.046     113.004     111.086      92.228     147.411     121.202      166.76     165.366     101.651     177.792       135.3     172.244     119.871     118.089     147.221     161.941     121.824     184.394     118.533     148.354     157.877 1.91262e+12 9.63846e+11 1.18038e+12       1e+20 1.74187e+12 1.20673e+12 2.15697e+12
1.66469e+12 1.83098e+12 1.50765e+12 1.74187e+12       1e+20 2.46376e+12 6.01332e+11     169.532     79.1012     120.702      161.05     165.387     155.193     118.431     152.069     119.038     111.396     160.078     130.357     107.517     131.848     120.934     137.354     127.475     121.828      166.46     136.308     90.2109 1.66469e+12 1.83098e+12 1.50765e+12 1.74187e+12       1e+20 2.46376e+12 6.01332e+11
  1.636e+12  6.5146e+11 1.07782e+12 1.20673e+12 2.46376e+12       1e+20 2.63433e+12     141.598     167.451     130.943     86.8332     117.593     105.679     172.038         146     129.294     187.627     111.606     169.027     145.798     124.615     153.075     153.808     130.388     187.523     93.2952     142.285     183.175   1.636e+12  6.5146e+11 1.07782e+12 1.20673e+12 2.46376e+12       1e+20 2.63433e+12
1.44554e+12 1.98305e+12  1.5741e+12 2.15697e+12 6.01332e+11 2.63433e+12       1e+20     155.168     104.809     132.608     176.977     161.199     160.639     103.121     139.359     135.565     89.8053     160.253     112.752     117.745     139.284     115.624       125.1     133.664     97.2934      173.22     130.246     82.0366 1.44554e+12 1.98305e+12  1.5741e+12 2.15697e+12 6.01332e+11 2.63433e+12       1e+20
2.20227e+11 9.11811e+11 5.60089e+11 1.74046e+12 1.69532e+12 1.41598e+12 1.55168e+12       1e+10     109.225     72.4983     83.7257     27.8927     53.0848     52.8867     17.4929     82.0792     65.3758     39.3192     42.4264      75.213      60.407     49.8197     32.2025     59.5063     59.0339     58.9406     36.1248     79.7057     22.0227     91.1811     56.0089     174.046     169.532     141.598     155.168
1.15104e+12 1.04019e+12 7.50267e+11 1.13004e+12 7.91012e+11 1.67451e+12 1.04809e+12     109.225       1e+10     44.3847          82     96.0208     79.8499     71.8401     92.8009     40.6079     76.2365      87.818       82.28     34.8281     57.2451     61.0574     80.7775     54.3783     85.8429     89.8443     73.1095     51.0392     115.104     104.019     75.0267     113.004     79.1012     167.451     104.809
8.45281e+11 6.58027e+11 3.06757e+11 1.11086e+12 1.20702e+12 1.30943e+12 1.32608e+12     72.4983     44.3847       1e+10     44.3847     53.7587     35.4683     56.0803     58.9406     10.0499     68.6003     44.2041     61.1882     14.8661     13.4536     36.1386     52.0096          13     73.9256     45.8912     39.4588     54.8179     84.5281     65.8027     30.6757     111.086     120.702     130.943     132.608
1.03078e+12 2.20907e+11 2.95466e+11  9.2228e+11  1.6105e+12 8.68332e+11 1.76977e+12     83.7257          82     44.3847       1e+10     56.1427     31.0483     92.7631     78.4347     42.5793      107.48     44.4072     93.4773     59.2368     40.4599     72.1388     79.7559     46.2277     110.114     26.3059     66.0379       98.27     103.078     22.0907     29.5466      92.228      161.05     86.8332     176.977
4.87545e+11  6.3561e+11 3.00832e+11 1.47411e+12 1.65387e+12 1.17593e+12 1.61199e+12     27.8927     96.0208     53.7587     56.1427       1e+10     26.3059      59.439     28.4253     62.0081     74.7262     12.1655     53.3104     61.2944     40.3609     46.1736     38.2753     41.8688     72.0902     31.0483          31     80.1561     48.7545      63.561     30.0832     147.411     165.387     117.593     161.199
7.20347e+11 4.38634e+11       5e+10 1.21202e+12 1.55193e+12 1.05679e+12 1.60639e+12     53.0848     79.8499     35.4683     31.0483     26.3059       1e+10     66.6108     47.5395     41.0488     82.0975     14.1421     65.0692      47.676     23.3452     47.4131      50.448     28.0179     82.8794     12.6491     37.4833      78.848     72.0347     43.8634           5     121.202     155.193     105.679     160.639
4.82701e+11 1.09986e+12 6.52993e+11  1.6676e+12 1.18431e+12 1.72038e+12 1.03121e+12     52.8867     71.8401     56.0803     92.7631      59.439     66.6108       1e+10     36.3456      65.146     15.6525      61.327     12.0416     47.5184     53.0094     20.8087          22     47.7074     17.8885     78.7718     29.9666     28.4253     48.2701     109.986     65.2993      166.76     118.431     172.038     103.121
2.60192e+11 8.98888e+11 4.90408e+11 1.65366e+12 1.52069e+12    1.46e+12 1.39359e+12     17.4929     92.8009     58.9406     78.4347     28.4253     47.5395     36.3456       1e+10      68.884       50.04     36.0555     27.1662     59.5399     48.2597     32.5576     14.8661     46.0977     45.3542     56.6039     20.1246     62.3939     26.0192     89.8888     49.0408     165.366     152.069         146     139.359
 9.4541e+11 6.46297e+11 3.60555e+11 1.01651e+12 1.19038e+12 1.29294e+12 1.35565e+12     82.0792     40.6079     10.0499     42.5793     62.0081     41.0488      65.146      68.884       1e+10      76.922     51.6236      70.859     19.8494     21.9545     45.7056     62.0322     22.8035     82.8734     49.7695     49.4975     60.8276      94.541     64.6297     36.0555     101.651     119.038     129.294     135.565
5.63649e+11 1.25252e+12  8.0604e+11 1.77792e+12 1.11396e+12 1.87627e+12 8.98053e+11     65.3758     76.2365     68.6003      107.48     74.7262     82.0975     15.6525       50.04      76.922       1e+10     76.9675     23.0217     57.9396     67.2681     35.3836     36.6742     61.7171     10.8167     94.3398      45.618     26.2488     56.3649     125.252      80.604     177.792     111.396     187.627     89.8053
5.91354e+11 5.38516e+11 1.80278e+11   1.353e+12 1.60078e+12 1.11606e+12 1.60253e+12     39.3192      87.818     44.2041     44.4072     12.1655     14.1421      61.327     36.0555     51.6236     76.9675       1e+10     57.4282     53.7122     30.8058     44.7214     42.2019      33.541     76.0066     20.5913     31.3847     78.3135     59.1354     53.8516     18.0278       135.3     160.078     111.606     160.253
3.62353e+11 1.08931e+12 6.46607e+11 1.72244e+12 1.30357e+12 1.69027e+12 1.12752e+12     42.4264       82.28     61.1882     93.4773     53.3104     65.0692     12.0416     27.1662      70.859     23.0217     57.4282       1e+10     55.0364     55.5428     25.1794     15.2643     50.9215     18.7883     76.4853     27.6586     40.4599     36.2353     108.931     64.6607     172.244     130.357     169.027     112.752
8.35703e+11 8.06536e+11 4.32897e+11 1.19871e+12 1.07517e+12 1.45798e+12 1.17745e+12      75.213     34.8281     14.8661     59.2368     61.2944      47.676     47.5184     59.5399     19.8494     57.9396     53.7122     55.0364       1e+10     24.3311     30.4138     49.3356     20.2485     64.7611     59.1354     39.4462     41.0122     83.5703     80.6536     43.2897     119.871     107.517     145.798     117.745
7.42428e+11 5.99416e+11 1.90263e+11 1.18089e+12 1.31848e+12 1.24615e+12 1.39284e+12      60.407     57.2451     13.4536     40.4599     40.3609     23.3452     53.0094     48.2597     21.9545     67.2681     30.8058     55.5428     24.3311       1e+10     32.2025     43.9318     5.83095     70.7248          35     30.2655     58.6003     74.2428     59.9416     19.0263     118.089     131.848     124.615     139.284
5.41202e+11       9e+11 4.54863e+11 1.47221e+12 1.20934e+12 1.53075e+12 1.15624e+12     49.8197     61.0574     36.1386     72.1388     46.1736     47.4131     20.8087     32.5576     45.7056     35.3836     44.7214     25.1794     30.4138     32.2025       1e+10     19.7231     26.9258     38.5876     59.9333     15.5242     34.0147     54.1202          90     45.4863     147.221     120.934     153.075     115.624
3.44384e+11 9.42603e+11 5.04777e+11 1.61941e+12 1.37354e+12 1.53808e+12   1.251e+12     32.2025     80.7775     52.0096     79.7559     38.2753      50.448          22     14.8661     62.0322     36.6742     42.2019     15.2643     49.3356     43.9318     19.7231       1e+10     40.1995          34     61.5224     13.9284     47.5395     34.4384     94.2603     50.4777     161.941     137.354     153.808       125.1
7.18471e+11 6.57647e+11 2.40832e+11 1.21824e+12 1.27475e+12 1.30388e+12 1.33664e+12     59.5063     54.3783          13     46.2277     41.8688     28.0179     47.7074     46.0977     22.8035     61.7171      33.541     50.9215     20.2485     5.83095     26.9258     40.1995       1e+10     65.5134     40.1123     27.0185     52.8015     71.8471     65.7647     24.0832     121.824     127.475     130.388     133.664
4.74342e+11 1.26621e+12 8.20244e+11 1.84394e+12 1.21828e+12 1.87523e+12 9.72934e+11     59.0339     85.8429     73.9256     110.114     72.0902     82.8794     17.8885     45.3542     82.8734     10.8167     76.0066     18.7883     64.7611     70.7248     38.5876          34     65.5134       1e+10     94.6414     45.4533     36.7696     47.4342     126.621     82.0244     184.394     121.828     187.523     97.2934
7.94796e+11 3.32866e+11 1.60312e+11 1.18533e+12  1.6646e+12 9.32952e+11  1.7322e+12     58.9406     89.8443     45.8912     26.3059     31.0483     12.6491     78.7718     56.6039     49.7695     94.3398     20.5913     76.4853     59.1354          35     59.9333     61.5224     40.1123     94.6414       1e+10     49.2037     91.4822     79.4796     33.2866     16.0312     118.533      166.46     93.2952      173.22
4.51221e+11 8.13204e+11 3.70135e+11 1.48354e+12 1.36308e+12 1.42285e+12 1.30246e+12     36.1248     73.1095     39.4588     66.0379          31     37.4833     29.9666     20.1246     49.4975      45.618     31.3847     27.6586     39.4462     30.2655     15.5242     13.9284     27.0185     45.4533     49.2037       1e+10     49.2544     45.1221     81.3204     37.0135     148.354     136.308     142.285     130.246
7.66942e+11 1.18512e+12 7.58947e+11 1.57877e+12 9.02109e+11 1.83175e+12 8.20366e+11     79.7057     51.0392     54.8179       98.27     80.1561      78.848     28.4253     62.3939     60.8276     26.2488     78.3135     40.4599     41.0122     58.6003     34.0147     47.5395     52.8015     36.7696     91.4822     49.2544       1e+10     76.6942     118.512     75.8947     157.877     90.2109     183.175     82.0366
      1e+20 1.12308e+12 7.41485e+11 1.91262e+12 1.66469e+12   1.636e+12 1.44554e+12 2.20227e+11 1.15104e+12 8.45281e+11 1.03078e+12 4.87545e+11 7.20347e+11 4.82701e+11 2.60192e+11  9.4541e+11 5.63649e+11 5.91354e+11 3.62353e+11 8.35703e+11 7.42428e+11 5.41202e+11 3.44384e+11 7.18471e+11 4.74342e+11 7.94796e+11 4.51221e+11 7.66942e+11       1e+20 1.12308e+12 7.41485e+11 1.91262e+12 1.66469e+12   1.636e+12 1.44554e+12
1.12308e+12       1e+20 4.46878e+11 9.63846e+11 1.83098e+12  6.5146e+11 1.98305e+12 9.11811e+11 1.04019e+12 6.58027e+11 2.20907e+11  6.3561e+11 4.38634e+11 1.09986e+12 8.98888e+11 6.46297e+11 1.25252e+12 5.38516e+11 1.08931e+12 8.06536e+11 5.99416e+11       9e+11 9.42603e+11 6.57647e+11 1.26621e+12 3.32866e+11 8.13204e+11 1.18512e+12 1.12308e+12       1e+20 4.46878e+11 9.63846e+11 1.83098e+12  6.5146e+11 1.98305e+12
7.41485e+11 4.46878e+11       1e+20 1.18038e+12 1.50765e+12 1.07782e+12  1.5741e+12 5.60089e+11 7.50267e+11 3.06757e+11 2.95466e+11 3.00832e+11       5e+10 6.52993e+11 4.90408e+11 3.60555e+11  8.0604e+11 1.80278e+11 6.46607e+11 4.32897e+11 1.90263e+11 4.54863e+11 5.04777e+11 2.40832e+11 8.20244e+11 1.60312e+11 3.70135e+11 7.58947e+11 7.41485e+11 4.46878e+11       1e+20 1.18038e+12 1.50765e+12 1.07782e+12  1.5741e+12
1.91262e+12 9.63846e+11 1.18038e+12       1e+20 1.74187e+12 1.20673e+12 2.15697e+12 1.74046e+12 1.13004e+12 1.11086e+12  9.2228e+11 1.47411e+12 1.21202e+12  1.6676e+12 1.65366e+12 1.01651e+12 1.77792e+12   1.353e+12 1.72244e+12 1.19871e+12 1.18089e+12 1.47221e+12 1.61941e+12 1.21824e+12 1.84394e+12 1.18533e+12 1.48354e+12 1.57877e+12 1.91262e+12 9.63846e+11 1.18038e+12       1e+20 1.74187e+12 1.20673e+12 2.15697e+12
1.66469e+12 1.83098e+12 1.50765e+12 1.74187e+12       1e+20 2.46376e+12 6.01332e+11 1.69532e+12 7.91012e+11 1.20702e+12  1.6105e+12 1.65387e+12 1.55193e+12 1.18431e+12 1.52069e+12 1.19038e+12 1.11396e+12 1.60078e+12 1.30357e+12 1.07517e+12 1.31848e+12 1.20934e+12 1.37354e+12 1.27475e+12 1.21828e+12  1.6646e+12 1.36308e+12 9.02109e+11 1.66469e+12 1.83098e+12 1.50765e+12 1.74187e+12       1e+20 2.46376e+12 6.01332e+11
  1.636e+12  6.5146e+11 1.07782e+12 1.20673e+12 2.46376e+12       1e+20 2.63433e+12 1.41598e+12 1.67451e+12 1.30943e+12 8.68332e+11 1.17593e+12 1.05679e+12 1.72038e+12    1.46e+12 1.29294e+12 1.87627e+12 1.11606e+12 1.69027e+12 1.45798e+12 1.24615e+12 1.53075e+12 1.53808e+12 1.30388e+12 1.87523e+12 9.32952e+11 1.42285e+12 1.83175e+12   1.636e+12  6.5146e+11 1.07782e+12 1.20673e+12 2.46376e+12       1e+20 2.63433e+12
1.44554e+12 1.98305e+12  1.5741e+12 2.15697e+12 6.01332e+11 2.63433e+12       1e+20 1.55168e+12 1.04809e+12 1.32608e+12 1.76977e+12 1.61199e+12 1.60639e+12 1.03121e+12 1.39359e+12 1.35565e+12 8.98053e+11 1.60253e+12 1.12752e+12 1.17745e+12 1.39284e+12 1.15624e+12   1.251e+12 1.33664e+12 9.72934e+11  1.7322e+12 1.30246e+12 8.20366e+11 1.44554e+12 1.98305e+12  1.5741e+12 2.15697e+12 6.01332e+11 2.63433e+12       1e+20
