      1e+20 1.23548e+12     73.0821     123.438     104.661     140.036     106.963     141.651     171.058      118.36      156.63     127.016     139.445     111.615     128.062     124.619     54.5619     55.9017     79.0569     101.607     133.959     112.004     123.471     88.6172     155.724     138.463     117.239     161.419      79.555       1e+20 1.23548e+12
1.23548e+12       1e+20     87.5728     74.2765     35.4683      83.006     93.9415     28.1603     71.0282     97.0824     58.2151     5.38516     45.2217       17.72     99.3579     53.9073     74.4648     72.5328     63.1981     52.8015      45.618     77.1038     70.0071     50.4876     45.5412     111.803     6.40312     76.1577      89.627 1.23548e+12       1e+20
7.30821e+11 8.75728e+11       1e+10     52.6308     54.0833     68.5055     34.2345     91.7824     107.898     45.5412     95.0158     92.7793     80.1124     86.3308      55.109     60.5392     32.6497     33.6155     24.5153     40.8044     73.8241     40.2244     53.7587     37.1214     100.305     66.1891     83.1865     94.1116     7.07107     73.0821     87.5728
1.23438e+12 7.42765e+11     52.6308       1e+10     43.4166     16.7631     29.8329     61.4654     59.4643     26.3059     49.4975     79.3095     40.7922     83.8153     25.5539     21.4709     72.2772     71.8053     46.8722     29.6142     35.4401     12.8062     4.47214     44.1814     61.2944     37.5366     73.6614       42.72     48.0833     123.438     74.2765
1.04661e+12 3.54683e+11     54.0833     43.4166       1e+10     56.3205     58.8303          39     67.7422     63.0317          53     40.8534     35.5106     41.0366     66.7083     28.0713      50.448     48.9183     31.0483     17.4929     30.8707     43.1393     39.8121     18.0278      51.225     79.8123     32.7567     62.8172     55.1453     104.661     35.4683
1.40036e+12  8.3006e+11     68.5055     16.7631     56.3205       1e+10     41.0488          65     51.1566     33.2415      44.911     87.6185     42.4382     94.8262     27.1662     29.5296     89.0225     88.5268      63.561     45.0111     38.9487     28.3019     18.0278     60.0083     60.1664     34.2053     83.5284     31.7805     63.4114     140.036      83.006
1.06963e+12 9.39415e+11     34.2345     29.8329     58.8303     41.0488       1e+10     87.4757     89.1852     11.4018     79.2465     99.2975     69.0072     99.0202     21.1896     48.0937     63.9531     64.3273     43.8292     41.3401     63.0714     19.0263     33.3766     49.5782     90.0056     32.0156      91.586     71.5891     27.4591     106.963     93.9415
1.41651e+12 2.81603e+11     91.7824     61.4654          39          65     87.4757       1e+10     43.0116     87.2812     31.0483     30.0666     22.6716     45.7056     86.8159     40.1622     88.5099     86.8217     69.8928     51.3517     26.4197     68.6586     57.0088     57.0088     17.4642     97.6166     32.9848     50.5668     91.6624     141.651     28.1603
1.71058e+12 7.10282e+11     107.898     59.4643     67.7422     51.1566     89.1852     43.0116       1e+10     83.5464     14.7648     73.0616      32.249      88.278     78.3135      47.634     116.516     115.256     92.6337     70.0071     37.2022     71.6938     56.4624     82.4621     26.4764     84.1487      75.326     20.2237     104.957     171.058     71.0282
 1.1836e+12 9.70824e+11     45.5412     26.3059     63.0317     33.2415     11.4018     87.2812     83.5464       1e+10       75.06     102.343      67.082     103.966     9.84886     47.1275     74.4312     74.6726      52.811     45.9674     61.6117          20     30.5941     56.6039     87.5728      21.095     95.4254      64.846      38.833      118.36     97.0824
 1.5663e+12 5.82151e+11     95.0158     49.4975          53      44.911     79.2465     31.0483     14.7648       75.06       1e+10     60.8276     17.4929          75     71.2531     34.4819     102.069     100.767     78.5684     56.0803     22.6716     60.8769     45.8912     68.0147     17.6918     79.0759          62     20.6155     92.5743      156.63     58.2151
1.27016e+12 5.38516e+10     92.7793     79.3095     40.8534     87.6185     99.2975     30.0666     73.0616     102.343     60.8276       1e+10     48.8467     18.0278     104.484     58.7282     78.8543     76.9025     68.3593     58.1808     49.7393     82.3772     75.0067     55.7315     47.0425     116.846      10.198      79.404      94.921     127.016     5.38516
1.39445e+12 4.52217e+11     80.1124     40.7922     35.5106     42.4382     69.0072     22.6716      32.249      67.082     17.4929     48.8467       1e+10     60.6712     65.4599      21.095     84.8999     83.5464     62.0081     39.9625     6.32456          50     36.4966     50.9117      21.095     75.5844     47.8539      31.257     78.4347     139.445     45.2217
1.11615e+12   1.772e+11     86.3308     83.8153     41.0366     94.8262     99.0202     45.7056      88.278     103.966          75     18.0278     60.6712       1e+10     107.713     65.2993     67.0298     65.0308     62.0322     58.0517     59.9083     84.1487     79.8812          51     63.1506     120.739          13     91.9239     89.6939     111.615       17.72
1.28062e+12 9.93579e+11      55.109     25.5539     66.7083     27.1662     21.1896     86.8159     78.3135     9.84886     71.2531     104.484     65.4599     107.713       1e+10     47.0106     83.0963     83.2166     60.4152     50.4777     60.5392     24.1868     30.0167     62.6498     85.1469     13.4164     98.3107     58.8558     48.5077     128.062     99.3579
1.24619e+12 5.39073e+11     60.5392     21.4709     28.0713     29.5296     48.0937     40.1622      47.634     47.1275     34.4819     58.7282      21.095     65.2993     47.0106       1e+10     70.4911     69.4622      45.607     23.0217          15     29.0689          17     37.1618       42.19     58.6003     54.0833     37.1214     58.1808     124.619     53.9073
5.45619e+11 7.44648e+11     32.6497     72.2772      50.448     89.0225     63.9531     88.5099     116.516     74.4312     102.069     78.8543     84.8999     67.0298     83.0963     70.4911       1e+10           2      25.632     47.5079     79.3977      62.514     71.4703     34.0588     101.671     95.5249     68.6586     107.541     39.3954     54.5619     74.4648
5.59017e+11 7.25328e+11     33.6155     71.8053     48.9183     88.5268     64.3273     86.8217     115.256     74.6726     100.767     76.9025     83.5464     65.0308     83.2166     69.4622           2       1e+10          25     46.5296     78.1025     62.2896     70.8802     32.8024     100.125     95.7549     66.7083      106.55     40.2492     55.9017     72.5328
7.90569e+11 6.31981e+11     24.5153     46.8722     31.0483      63.561     43.8292     69.8928     92.6337      52.811     78.5684     68.3593     62.0081     62.0322     60.4152      45.607      25.632          25       1e+10     22.6716     56.0803     38.0132     45.8803     13.1529     80.6226     73.4983     58.6941     82.3772     27.7308     79.0569     63.1981
1.01607e+12 5.28015e+11     40.8044     29.6142     17.4929     45.0111     41.3401     51.3517     70.0071     45.9674     56.0803     58.1808     39.9625     58.0517     50.4777     23.0217     47.5079     46.5296     22.6716       1e+10     33.8378     26.4008      27.074     15.1327     59.6154     63.8122     50.2494     60.0333     40.3113     101.607     52.8015
1.33959e+12  4.5618e+11     73.8241     35.4401     30.8707     38.9487     63.0714     26.4197     37.2022     61.6117     22.6716     49.7393     6.32456     59.9083     60.5392          15     79.3977     78.1025     56.0803     33.8378       1e+10     44.0454     31.0483     45.3431     27.2947     71.1969     47.4342     33.0606      72.111     133.959      45.618
1.12004e+12 7.71038e+11     40.2244     12.8062     43.1393     28.3019     19.0263     68.6586     71.6938          20     60.8769     82.3772          50     84.1487     24.1868     29.0689      62.514     62.2896     38.0132     26.4008     44.0454       1e+10     15.2315     38.6264     71.0282     37.5899     75.4321     55.4707     35.3836     112.004     77.1038
1.23471e+12 7.00071e+11     53.7587     4.47214     39.8121     18.0278     33.3766     57.0088     56.4624     30.5941     45.8912     75.0067     36.4966     79.8812     30.0167          17     71.4703     70.8802     45.8803      27.074     31.0483     15.2315       1e+10          42     57.1402     41.8688      69.527     40.6079      49.679     123.471     70.0071
8.86172e+11 5.04876e+11     37.1214     44.1814     18.0278     60.0083     49.5782     57.0088     82.4621     56.6039     68.0147     55.7315     50.9117          51     62.6498     37.1618     34.0588     32.8024     13.1529     15.1327     45.3431     38.6264          42       1e+10     68.5055     76.0592     46.3249     74.2496     39.2938     88.6172     50.4876
1.55724e+12 4.55412e+11     100.305     61.2944      51.225     60.1664     90.0056     17.4642     26.4764     87.5728     17.6918     47.0425      21.095     63.1506     85.1469       42.19     101.671     100.125     80.6226     59.6154     27.2947     71.0282     57.1402     68.5055       1e+10     94.2444      50.448     38.2884     99.0404     155.724     45.5412
1.38463e+12 1.11803e+12     66.1891     37.5366     79.8123     34.2053     32.0156     97.6166     84.1487      21.095     79.0759     116.846     75.5844     120.739     13.4164     58.6003     95.5249     95.7549     73.4983     63.8122     71.1969     37.5899     41.8688     76.0592     94.2444       1e+10     111.036     64.0312     59.3043     138.463     111.803
1.17239e+12 6.40312e+10     83.1865     73.6614     32.7567     83.5284      91.586     32.9848      75.326     95.4254          62      10.198     47.8539          13     98.3107     54.0833     68.6586     66.7083     58.6941     50.2494     47.4342     75.4321      69.527     46.3249      50.448     111.036       1e+10     79.0759     85.6154     117.239     6.40312
1.61419e+12 7.61577e+11     94.1116       42.72     62.8172     31.7805     71.5891     50.5668     20.2237      64.846     20.6155      79.404      31.257     91.9239     58.8558     37.1214     107.541      106.55     82.3772     60.0333     33.0606     55.4707     40.6079     74.2496     38.2884     64.0312     79.0759       1e+10     90.2718     161.419     76.1577
 7.9555e+11  8.9627e+11     7.07107     48.0833     55.1453     63.4114     27.4591     91.6624     104.957      38.833     92.5743      94.921     78.4347     89.6939     48.5077     58.1808     39.3954     40.2492     27.7308     40.3113      72.111     35.3836      49.679     39.2938     99.0404     59.3043     85.6154     90.2718       1e+10      79.555      89.627
      1e+20 1.23548e+12 7.30821e+11 1.23438e+12 1.04661e+12 1.40036e+12 1.06963e+12 1.41651e+12 1.71058e+12  1.1836e+12  1.5663e+12 1.27016e+12 1.39445e+12 1.11615e+12 1.28062e+12 1.24619e+12 5.45619e+11 5.59017e+11 7.90569e+11 1.01607e+12 1.33959e+12 1.12004e+12 1.23471e+12 8.86172e+11 1.55724e+12 1.38463e+12 1.17239e+12 1.61419e+12  7.9555e+11       1e+20 1.23548e+12
1.23548e+12       1e+20 8.75728e+11 7.42765e+11 3.54683e+11  8.3006e+11 9.39415e+11 2.81603e+11 7.10282e+11 9.70824e+11 5.82151e+11 5.38516e+10 4.52217e+11   1.772e+11 9.93579e+11 5.39073e+11 7.44648e+11 7.25328e+11 6.31981e+11 5.28015e+11  4.5618e+11 7.71038e+11 7.00071e+11 5.04876e+11 4.55412e+11 1.11803e+12 6.40312e+10 7.61577e+11  8.9627e+11 1.23548e+12       1e+20
