      1e+20 2.12438e+12 2.04287e+12 1.23406e+12 2.19463e+12 1.41676e+12 1.41676e+12     132.439     150.217     93.0484     160.003     102.396      133.66     128.316      141.76     170.575     114.272     150.083     173.819      173.77     128.701     146.492     176.284     181.342     155.168     148.165     158.231     160.028     138.463     102.528     153.183     180.469     150.479     154.055     132.458       1e+20 2.12438e+12 2.04287e+12 1.23406e+12 2.19463e+12 1.41676e+12 1.41676e+12
2.12438e+12       1e+20 1.18191e+12 1.94589e+12 1.68077e+12 2.24129e+12 7.50067e+11     87.6926     68.6804     134.358     102.201     123.746          95     107.075     77.8332     112.614     137.011     63.6003     43.4166     63.8905     85.3815     95.2575     107.787     33.2415     85.4927     98.8989     56.0803      104.12     88.6002     111.221     86.3308     84.4808     93.5201     86.8159     103.175 2.12438e+12       1e+20 1.18191e+12 1.94589e+12 1.68077e+12 2.24129e+12 7.50067e+11
2.04287e+12 1.18191e+12       1e+20 2.52032e+12 2.68784e+12 2.83113e+12 1.34852e+12     145.344     137.266     174.233     187.211         168     158.858         170     141.156     202.744     194.312     123.369     128.825     156.541     107.168     170.766     201.109     122.115     166.337     176.114     124.064     189.114      154.78     141.128     165.723     181.604      171.84     166.979     168.689 2.04287e+12 1.18191e+12       1e+20 2.52032e+12 2.68784e+12 2.83113e+12 1.34852e+12
1.23406e+12 1.94589e+12 2.52032e+12       1e+20 1.10114e+12  3.1257e+11 1.26242e+12     113.053     129.097     78.1601     96.5401     84.0952     101.843     89.1964     121.116     94.3663     59.9083     139.843     152.118     132.306     145.344      99.363     101.533     162.874     109.417     96.0417     144.222     95.0158     107.912     111.018     108.407     120.283     101.356     108.046      92.477 1.23406e+12 1.94589e+12 2.52032e+12       1e+20 1.10114e+12  3.1257e+11 1.26242e+12
2.19463e+12 1.68077e+12 2.68784e+12 1.10114e+12       1e+20 1.19549e+12 1.37594e+12      131.21      132.97     136.213     84.0536     132.201     118.562     112.432     131.469     67.6757     108.784     146.769      140.73     112.606     172.047     102.801          68      149.04     104.101     97.6166     144.931     82.4197         120     154.208     105.152     87.5957     100.439     103.774     111.072 2.19463e+12 1.68077e+12 2.68784e+12 1.10114e+12       1e+20 1.19549e+12 1.37594e+12
1.41676e+12 2.24129e+12 2.83113e+12  3.1257e+11 1.19549e+12       1e+20 1.57175e+12     144.069     159.703     109.005      124.02     115.278     132.563     119.921     151.921     119.331     91.0055     170.766     182.168     161.059     176.556      128.95     126.254     192.938     138.654      125.24     174.909     122.332     138.521     142.014     137.801     146.823     130.614     137.321     123.016 1.41676e+12 2.24129e+12 2.83113e+12  3.1257e+11 1.19549e+12       1e+20 1.57175e+12
1.41676e+12 7.50067e+11 1.34852e+12 1.26242e+12 1.37594e+12 1.57175e+12       1e+20     13.4164           9     59.4138     53.7122     48.9183     25.0799     37.4833     6.32456     69.9714     66.4078     13.6015     32.7567     37.3631     35.3836     36.0555          70     41.8688     33.6006     41.4367     19.2094     55.4707     20.0998     39.2938       32.45     56.6127     37.5766     33.8378     35.0571 1.41676e+12 7.50067e+11 1.34852e+12 1.26242e+12 1.37594e+12 1.57175e+12       1e+20
1.32439e+12 8.76926e+11 1.45344e+12 1.13053e+12  1.3121e+12 1.44069e+12 1.34164e+11       1e+10     19.2094     46.7547     47.4236     36.0694     13.6015          25          10     63.7809     53.1601     26.9258     44.6878     42.0476     41.1825     28.4253     65.1153     54.4518     30.0167     33.6006       32.45     48.9183     11.3137     32.0624     28.3019     56.0803     31.1127     29.6816     23.3452     132.439     87.6926     145.344     113.053      131.21     144.069     13.4164
1.50217e+12 6.86804e+11 1.37266e+12 1.29097e+12  1.3297e+12 1.59703e+12       9e+10     19.2094       1e+10     65.9469       49.98     55.2268      27.313     39.9249     9.21954     65.7951     69.7782     13.9284     25.4951     28.7924     42.4382     34.1321          65     35.4683     29.1548     39.3192     15.2971     51.8652     21.1896     48.0521     28.4605     49.5782     34.7131     29.7321     36.6879     150.217     68.6804     137.266     129.097      132.97     159.703           9
9.30484e+11 1.34358e+12 1.74233e+12 7.81601e+11 1.36213e+12 1.09005e+12 5.94138e+11     46.7547     65.9469       1e+10     67.1193     10.8167     42.9535     35.5106     56.7274     78.8543     28.2843     71.8401     91.4385     83.7735     68.6586     53.7587     84.0119     101.139     63.0635     55.1453     78.5684     67.2681     48.7647     33.1361      61.131     87.5728     57.7062     61.8466     39.8121     93.0484     134.358     174.233     78.1601     136.213     109.005     59.4138
1.60003e+12 1.02201e+12 1.87211e+12 9.65401e+11 8.40536e+11  1.2402e+12 5.37122e+11     47.4236       49.98     67.1193       1e+10     58.8558      35.609     33.5261     47.5079     16.4012     49.6488     63.9062     64.0312     38.3275     88.0057      19.105     18.3576     74.2428     20.8806     14.4222      63.561           2     36.1248     73.9256     21.5407     24.4131     16.4012     20.2485     30.4631     160.003     102.201     187.211     96.5401     84.0536      124.02     53.7122
1.02396e+12 1.23746e+12    1.68e+12 8.40952e+11 1.32201e+12 1.15278e+12 4.89183e+11     36.0694     55.2268     10.8167     58.8558       1e+10      32.311          26     46.0109     71.7844     28.2312     61.6117     80.7217     73.1642     61.2944     44.1022     76.4003     90.5097     52.9528     46.0435     68.1175     59.2284     38.0132     27.6586     50.9902     78.1025     48.0937      51.788     30.0666     102.396     123.746         168     84.0952     132.201     115.278     48.9183
 1.3366e+12     9.5e+11 1.58858e+12 1.01843e+12 1.18562e+12 1.32563e+12 2.50799e+11     13.6015      27.313     42.9535      35.609      32.311       1e+10     12.6491     19.4165     51.6624     42.4853     38.4708      51.614     40.8534     54.5619     16.6433     53.8238     62.1289     22.0907     21.2603     42.3792     36.8782     6.40312          39     20.0998     48.6621     20.1246     21.2132          10      133.66          95     158.858     101.843     118.562     132.563     25.0799
1.28316e+12 1.07075e+12     1.7e+12 8.91964e+11 1.12432e+12 1.19921e+12 3.74833e+11          25     39.9249     35.5106     33.5261          26     12.6491       1e+10     32.0156     47.8853     30.0167     50.9902     63.8122       49.93      64.195     18.2483     51.6236     74.4312     27.8568     20.0998     55.0273      34.176     18.7883     41.8688          26     52.1536     22.2036     26.5707     4.47214     128.316     107.075         170     89.1964     112.432     119.921     37.4833
 1.4176e+12 7.78332e+11 1.41156e+12 1.21116e+12 1.31469e+12 1.51921e+12 6.32456e+10          10     9.21954     56.7274     47.5079     46.0109     19.4165     32.0156       1e+10     63.8122     61.4654      19.105     34.7131     34.2345     41.0366     29.7321     64.0312     44.5982     27.6586     35.1141     23.2594     49.2443          14     40.1995     26.4008     51.6236      31.305     27.8029     29.2746      141.76     77.8332     141.156     121.116     131.469     151.921     6.32456
1.70575e+12 1.12614e+12 2.02744e+12 9.43663e+11 6.76757e+11 1.19331e+12 6.99714e+11     63.7809     65.7951     78.8543     16.4012     71.7844     51.6624     47.8853     63.8122       1e+10     57.0789     79.7057     77.4145          50     104.403     35.3836      7.2111     87.0919     36.6742     30.4138     78.7464     14.8661     52.4976     89.3085     37.5899     28.7924     32.8024     36.2353     45.4863     170.575     112.614     202.744     94.3663     67.6757     119.331     69.9714
1.14272e+12 1.37011e+12 1.94312e+12 5.99083e+11 1.08784e+12 9.10055e+11 6.64078e+11     53.1601     69.7782     28.2843     49.6488     28.2312     42.4853     30.0167     61.4654     57.0789       1e+10     80.0062     93.8136     77.8332     87.1436     43.9318     63.3877     104.446     54.5619     42.4382     84.6936     49.0408     48.7647     55.6597     53.0754     73.4098     47.0106     53.1507     33.8378     114.272     137.011     194.312     59.9083     108.784     91.0055     66.4078
1.50083e+12 6.36003e+11 1.23369e+12 1.39843e+12 1.46769e+12 1.70766e+12 1.36015e+11     26.9258     13.9284     71.8401     63.9062     61.6117     38.4708     50.9902      19.105     79.7057     80.0062       1e+10     24.3311     39.4081     31.9531      47.676     78.7718      31.305     43.0813     52.9528     8.24621     65.7875     33.0606     47.8853     42.3792     62.2896     48.5077     43.6578     48.3735     150.083     63.6003     123.369     139.843     146.769     170.766     13.6015
1.73819e+12 4.34166e+11 1.28825e+12 1.52118e+12  1.4073e+12 1.82168e+12 3.27567e+11     44.6878     25.4951     91.4385     64.0312     80.7217      51.614     63.8122     34.7131     77.4145     93.8136     24.3311       1e+10     28.1603     54.4518     53.4509     74.3303     10.7703     44.7214     57.7235     16.1245     66.0303     45.2217     71.3092     45.1221     53.1413     52.3927     45.8912     60.0333     173.819     43.4166     128.825     152.118      140.73     182.168     32.7567
 1.7377e+12 6.38905e+11 1.56541e+12 1.32306e+12 1.12606e+12 1.61059e+12 3.73631e+11     42.0476     28.7924     83.7735     38.3275     73.1642     40.8534       49.93     34.2345          50     77.8332     39.4081     28.1603       1e+10     70.7107     33.9411     46.3897     37.2156     23.3452     36.4005     34.6554     40.2616     35.4401          74     24.7588     25.0799      31.241     24.7588     45.4863      173.77     63.8905     156.541     132.306     112.606     161.059     37.3631
1.28701e+12 8.53815e+11 1.07168e+12 1.45344e+12 1.72047e+12 1.76556e+12 3.53836e+11     41.1825     42.4382     68.6586     88.0057     61.2944     54.5619      64.195     41.0366     104.403     87.1436     31.9531     54.4518     70.7107       1e+10     69.3397     104.995     58.0775     68.6804     74.6257     39.0512      89.627     52.1536     36.0555     67.3573     91.8314     71.6101     68.7677     63.6946     128.701     85.3815     107.168     145.344     172.047     176.556     35.3836
1.46492e+12 9.52575e+11 1.70766e+12  9.9363e+11 1.02801e+12  1.2895e+12 3.60555e+11     28.4253     34.1321     53.7587      19.105     44.1022     16.6433     18.2483     29.7321     35.3836     43.9318      47.676     53.4509     33.9411     69.3397       1e+10     37.2022      64.195     10.6301     5.38516          49     20.5183     17.2047     55.4617     9.21954     34.0147           4     9.21954     14.0357     146.492     95.2575     170.766      99.363     102.801      128.95     36.0555
1.76284e+12 1.07787e+12 2.01109e+12 1.01533e+12     6.8e+11 1.26254e+12       7e+11     65.1153          65     84.0119     18.3576     76.4003     53.8238     51.6236     64.0312      7.2111     63.3877     78.7718     74.3303     46.3897     104.995     37.2022       1e+10     83.6002     36.4005     32.7567     77.0779     17.4642     53.8145     92.2822     37.6431     23.3452     34.0588     36.2353     48.7545     176.284     107.787     201.109     101.533          68     126.254          70
1.81342e+12 3.32415e+11 1.22115e+12 1.62874e+12  1.4904e+12 1.92938e+12 4.18688e+11     54.4518     35.4683     101.139     74.2428     90.5097     62.1289     74.4312     44.5982     87.0919     104.446      31.305     10.7703     37.2156     58.0775      64.195     83.6002       1e+10     55.3173     68.4105     23.3238     76.2365     55.7584      79.177     55.7853     61.6117     63.0635     56.5155     70.7107     181.342     33.2415     122.115     162.874      149.04     192.938     41.8688
1.55168e+12 8.54927e+11 1.66337e+12 1.09417e+12 1.04101e+12 1.38654e+12 3.36006e+11     30.0167     29.1548     63.0635     20.8806     52.9528     22.0907     27.8568     27.6586     36.6742     54.5619     43.0813     44.7214     23.3452     68.6804     10.6301     36.4005     55.3173       1e+10     13.4164     42.7551     22.8035     19.3132     60.4401           2     26.6833     8.06226     1.41421     23.4094     155.168     85.4927     166.337     109.417     104.101     138.654     33.6006
1.48165e+12 9.88989e+11 1.76114e+12 9.60417e+11 9.76166e+11  1.2524e+12 4.14367e+11     33.6006     39.3192     55.1453     14.4222     46.0435     21.2603     20.0998     35.1141     30.4138     42.4382     52.9528     57.7235     36.4005     74.6257     5.38516     32.7567     68.4105     13.4164       1e+10      54.037     15.6205     22.4722     59.5399     12.6491     32.5576     5.38516      12.083     16.4924     148.165     98.8989     176.114     96.0417     97.6166      125.24     41.4367
1.58231e+12 5.60803e+11 1.24064e+12 1.44222e+12 1.44931e+12 1.74909e+12 1.92094e+11       32.45     15.2971     78.5684      63.561     68.1175     42.3792     55.0273     23.2594     78.7464     84.6936     8.24621     16.1245     34.6554     39.0512          49     77.0779     23.3238     42.7551      54.037       1e+10     65.5134     36.4005     55.9017     42.4264     58.8218      49.163      43.566      51.923     158.231     56.0803     124.064     144.222     144.931     174.909     19.2094
1.60028e+12  1.0412e+12 1.89114e+12 9.50158e+11 8.24197e+11 1.22332e+12 5.54707e+11     48.9183     51.8652     67.2681           2     59.2284     36.8782      34.176     49.2443     14.8661     49.0408     65.7875     66.0303     40.2616      89.627     20.5183     17.4642     76.2365     22.8035     15.6205     65.5134       1e+10     37.6431     74.9466     23.4094     25.6125     18.0278     22.1359      31.305     160.028      104.12     189.114     95.0158     82.4197     122.332     55.4707
1.38463e+12 8.86002e+11  1.5478e+12 1.07912e+12     1.2e+12 1.38521e+12 2.00998e+11     11.3137     21.1896     48.7647     36.1248     38.0132     6.40312     18.7883          14     52.4976     48.7647     33.0606     45.2217     35.4401     52.1536     17.2047     53.8145     55.7584     19.3132     22.4722     36.4005     37.6431       1e+10     41.2311     17.4642     45.8803      19.799     18.7883     15.5242     138.463     88.6002      154.78     107.912         120     138.521     20.0998
1.02528e+12 1.11221e+12 1.41128e+12 1.11018e+12 1.54208e+12 1.42014e+12 3.92938e+11     32.0624     48.0521     33.1361     73.9256     27.6586          39     41.8688     40.1995     89.3085     55.6597     47.8853     71.3092          74     36.0555     55.4617     92.2822      79.177     60.4401     59.5399     55.9017     74.9466     41.2311       1e+10     58.5235     87.0919     59.0931     59.7746     43.8292     102.528     111.221     141.128     111.018     154.208     142.014     39.2938
1.53183e+12 8.63308e+11 1.65723e+12 1.08407e+12 1.05152e+12 1.37801e+12   3.245e+11     28.3019     28.4605      61.131     21.5407     50.9902     20.0998          26     26.4008     37.5899     53.0754     42.3792     45.1221     24.7588     67.3573     9.21954     37.6431     55.7853           2     12.6491     42.4264     23.4094     17.4642     58.5235       1e+10     28.6356     7.28011     1.41421     21.5407     153.183     86.3308     165.723     108.407     105.152     137.801       32.45
1.80469e+12 8.44808e+11 1.81604e+12 1.20283e+12 8.75957e+11 1.46823e+12 5.66127e+11     56.0803     49.5782     87.5728     24.4131     78.1025     48.6621     52.1536     51.6236     28.7924     73.4098     62.2896     53.1413     25.0799     91.8314     34.0147     23.3452     61.6117     26.6833     32.5576     58.8218     25.6125     45.8803     87.0919     28.6356       1e+10     30.0167     27.4591     48.0416     180.469     84.4808     181.604     120.283     87.5957     146.823     56.6127
1.50479e+12 9.35201e+11  1.7184e+12 1.01356e+12 1.00439e+12 1.30614e+12 3.75766e+11     31.1127     34.7131     57.7062     16.4012     48.0937     20.1246     22.2036      31.305     32.8024     47.0106     48.5077     52.3927      31.241     71.6101           4     34.0588     63.0635     8.06226     5.38516      49.163     18.0278      19.799     59.0931     7.28011     30.0167       1e+10      6.7082     18.0278     150.479     93.5201      171.84     101.356     100.439     130.614     37.5766
1.54055e+12 8.68159e+11 1.66979e+12 1.08046e+12 1.03774e+12 1.37321e+12 3.38378e+11     29.6816     29.7321     61.8466     20.2485      51.788     21.2132     26.5707     27.8029     36.2353     53.1507     43.6578     45.8912     24.7588     68.7677     9.21954     36.2353     56.5155     1.41421      12.083      43.566     22.1359     18.7883     59.7746     1.41421     27.4591      6.7082       1e+10     22.1359     154.055     86.8159     166.979     108.046     103.774     137.321     33.8378
1.32458e+12 1.03175e+12 1.68689e+12  9.2477e+11 1.11072e+12 1.23016e+12 3.50571e+11     23.3452     36.6879     39.8121     30.4631     30.0666          10     4.47214     29.2746     45.4863     33.8378     48.3735     60.0333     45.4863     63.6946     14.0357     48.7545     70.7107     23.4094     16.4924      51.923      31.305     15.5242     43.8292     21.5407     48.0416     18.0278     22.1359       1e+10     132.458     103.175     168.689      92.477     111.072     123.016     35.0571
      1e+20 2.12438e+12 2.04287e+12 1.23406e+12 2.19463e+12 1.41676e+12 1.41676e+12 1.32439e+12 1.50217e+12 9.30484e+11 1.60003e+12 1.02396e+12  1.3366e+12 1.28316e+12  1.4176e+12 1.70575e+12 1.14272e+12 1.50083e+12 1.73819e+12  1.7377e+12 1.28701e+12 1.46492e+12 1.76284e+12 1.81342e+12 1.55168e+12 1.48165e+12 1.58231e+12 1.60028e+12 1.38463e+12 1.02528e+12 1.53183e+12 1.80469e+12 1.50479e+12 1.54055e+12 1.32458e+12       1e+20 2.12438e+12 2.04287e+12 1.23406e+12 2.19463e+12 1.41676e+12 1.41676e+12
2.12438e+12       1e+20 1.18191e+12 1.94589e+12 1.68077e+12 2.24129e+12 7.50067e+11 8.76926e+11 6.86804e+11 1.34358e+12 1.02201e+12 1.23746e+12     9.5e+11 1.07075e+12 7.78332e+11 1.12614e+12 1.37011e+12 6.36003e+11 4.34166e+11 6.38905e+11 8.53815e+11 9.52575e+11 1.07787e+12 3.32415e+11 8.54927e+11 9.88989e+11 5.60803e+11  1.0412e+12 8.86002e+11 1.11221e+12 8.63308e+11 8.44808e+11 9.35201e+11 8.68159e+11 1.03175e+12 2.12438e+12       1e+20 1.18191e+12 1.94589e+12 1.68077e+12 2.24129e+12 7.50067e+11
2.04287e+12 1.18191e+12       1e+20 2.52032e+12 2.68784e+12 2.83113e+12 1.34852e+12 1.45344e+12 1.37266e+12 1.74233e+12 1.87211e+12    1.68e+12 1.58858e+12     1.7e+12 1.41156e+12 2.02744e+12 1.94312e+12 1.23369e+12 1.28825e+12 1.56541e+12 1.07168e+12 1.70766e+12 2.01109e+12 1.22115e+12 1.66337e+12 1.76114e+12 1.24064e+12 1.89114e+12  1.5478e+12 1.41128e+12 1.65723e+12 1.81604e+12  1.7184e+12 1.66979e+12 1.68689e+12 2.04287e+12 1.18191e+12       1e+20 2.52032e+12 2.68784e+12 2.83113e+12 1.34852e+12
1.23406e+12 1.94589e+12 2.52032e+12       1e+20 1.10114e+12  3.1257e+11 1.26242e+12 1.13053e+12 1.29097e+12 7.81601e+11 9.65401e+11 8.40952e+11 1.01843e+12 8.91964e+11 1.21116e+12 9.43663e+11 5.99083e+11 1.39843e+12 1.52118e+12 1.32306e+12 1.45344e+12  9.9363e+11 1.01533e+12 1.62874e+12 1.09417e+12 9.60417e+11 1.44222e+12 9.50158e+11 1.07912e+12 1.11018e+12 1.08407e+12 1.20283e+12 1.01356e+12 1.08046e+12  9.2477e+11 1.23406e+12 1.94589e+12 2.52032e+12       1e+20 1.10114e+12  3.1257e+11 1.26242e+12
2.19463e+12 1.68077e+12 2.68784e+12 1.10114e+12       1e+20 1.19549e+12 1.37594e+12  1.3121e+12  1.3297e+12 1.36213e+12 8.40536e+11 1.32201e+12 1.18562e+12 1.12432e+12 1.31469e+12 6.76757e+11 1.08784e+12 1.46769e+12  1.4073e+12 1.12606e+12 1.72047e+12 1.02801e+12     6.8e+11  1.4904e+12 1.04101e+12 9.76166e+11 1.44931e+12 8.24197e+11     1.2e+12 1.54208e+12 1.05152e+12 8.75957e+11 1.00439e+12 1.03774e+12 1.11072e+12 2.19463e+12 1.68077e+12 2.68784e+12 1.10114e+12       1e+20 1.19549e+12 1.37594e+12
1.41676e+12 2.24129e+12 2.83113e+12  3.1257e+11 1.19549e+12       1e+20 1.57175e+12 1.44069e+12 1.59703e+12 1.09005e+12  1.2402e+12 1.15278e+12 1.32563e+12 1.19921e+12 1.51921e+12 1.19331e+12 9.10055e+11 1.70766e+12 1.82168e+12 1.61059e+12 1.76556e+12  1.2895e+12 1.26254e+12 1.92938e+12 1.38654e+12  1.2524e+12 1.74909e+12 1.22332e+12 1.38521e+12 1.42014e+12 1.37801e+12 1.46823e+12 1.30614e+12 1.37321e+12 1.23016e+12 1.41676e+12 2.24129e+12 2.83113e+12  3.1257e+11 1.19549e+12       1e+20 1.57175e+12
1.41676e+12 7.50067e+11 1.34852e+12 1.26242e+12 1.37594e+12 1.57175e+12       1e+20 1.34164e+11       9e+10 5.94138e+11 5.37122e+11 4.89183e+11 2.50799e+11 3.74833e+11 6.32456e+10 6.99714e+11 6.64078e+11 1.36015e+11 3.27567e+11 3.73631e+11 3.53836e+11 3.60555e+11       7e+11 4.18688e+11 3.36006e+11 4.14367e+11 1.92094e+11 5.54707e+11 2.00998e+11 3.92938e+11   3.245e+11 5.66127e+11 3.75766e+11 3.38378e+11 3.50571e+11 1.41676e+12 7.50067e+11 1.34852e+12 1.26242e+12 1.37594e+12 1.57175e+12       1e+20
