      1e+20 2.48073e+12     138.917     69.7209     94.1488     151.251     89.8109     122.544     98.2293     114.983     128.413     78.6448     136.059     90.2497       1e+20 2.48073e+12
2.48073e+12       1e+20     112.294     179.045     156.627         101     183.657     147.719      175.57     141.651      132.28     194.517     133.701     166.208 2.48073e+12       1e+20
1.38917e+12 1.12294e+12       1e+10     69.2315     45.0999     12.3693     73.3485     43.2782     66.3702     59.0339     25.6125     83.2166     35.4683     53.9351     138.917     112.294
6.97209e+11 1.79045e+12     69.2315       1e+10     25.0799     81.5843     45.0444      60.959     48.2701          58     61.5873     43.1741     71.7008     27.4591     69.7209     179.045
9.41488e+11 1.56627e+12     45.0999     25.0799       1e+10     57.3149     40.8167     39.8121     38.8973     53.4883     37.0135     45.9674     48.1664     15.2643     94.1488     156.627
1.51251e+12    1.01e+12     12.3693     81.5843     57.3149       1e+10     83.2166          50     75.6439     67.6757     32.7567     93.6803     39.0512     65.3758     151.251         101
8.98109e+11 1.83657e+12     73.3485     45.0444     40.8167     83.2166       1e+10     38.0132     9.21954     93.9415     51.4198     12.3693     53.0094     25.5539     89.8109     183.657
1.22544e+12 1.47719e+12     43.2782      60.959     39.8121          50     38.0132       1e+10     29.0172     86.0233     17.6918     50.1597          15     33.9706     122.544     147.719
9.82293e+11  1.7557e+12     66.3702     48.2701     38.8973     75.6439     9.21954     29.0172       1e+10      92.358     43.3244      21.587     44.0114     24.3311     98.2293      175.57
1.14983e+12 1.41651e+12     59.0339          58     53.4883     67.6757     93.9415     86.0233      92.358       1e+10     73.6817     97.0979      86.977      68.542     114.983     141.651
1.28413e+12  1.3228e+12     25.6125     61.5873     37.0135     32.7567     51.4198     17.6918     43.3244     73.6817       1e+10     62.6498     13.3417     38.3275     128.413      132.28
7.86448e+11 1.94517e+12     83.2166     43.1741     45.9674     93.6803     12.3693     50.1597      21.587     97.0979     62.6498       1e+10      65.123     31.4006     78.6448     194.517
1.36059e+12 1.33701e+12     35.4683     71.7008     48.1664     39.0512     53.0094          15     44.0114      86.977     13.3417      65.123       1e+10     46.1411     136.059     133.701
9.02497e+11 1.66208e+12     53.9351     27.4591     15.2643     65.3758     25.5539     33.9706     24.3311      68.542     38.3275     31.4006     46.1411       1e+10     90.2497     166.208
      1e+20 2.48073e+12 1.38917e+12 6.97209e+11 9.41488e+11 1.51251e+12 8.98109e+11 1.22544e+12 9.82293e+11 1.14983e+12 1.28413e+12 7.86448e+11 1.36059e+12 9.02497e+11       1e+20 2.48073e+12
2.48073e+12       1e+20 1.12294e+12 1.79045e+12 1.56627e+12    1.01e+12 1.83657e+12 1.47719e+12  1.7557e+12 1.41651e+12  1.3228e+12 1.94517e+12 1.33701e+12 1.66208e+12 2.48073e+12       1e+20
