image: circlemaze.png
resolution: 0.050000
#origin: [-10.000000, 10.000000, 0.000000]
origin: [0.00, 0.00, 0.00 ]
negate: 0
occupied_thresh: 0.65
free_thresh: 0.196

