image: my_map.pgm
resolution: 0.050000
origin: [-14.100000, -12.800000, 0.000000]
#origin: [0.00000, 0.00000, 0.000000]
#origin: [-12.65.00000, -16.35000, 0.000000]
negate: 0
occupied_thresh: 0.65
free_thresh: 0.196

