      0 53.2259  21.095 19.7231 24.2074 48.2597 16.4012 32.7567 31.6228 38.0132 15.6525  32.249 16.7631 40.1622 8.06226 24.5153 10.6301 16.1245  27.313 44.5533 31.0161      12 49.0102 50.3289 34.4819 35.3836 48.8774 16.0312 32.3883 36.8782 11.3137 17.8045 48.5077 14.0357 21.6333 47.1699 42.0476 26.2488 30.5287 42.2019      25 28.4429 26.4008 23.6008 9.05539 21.9545 18.3848 20.5183 33.3017 44.1814 17.1172 25.0799  19.105      15 18.6815 17.4642  52.811  22.561 29.4109 29.2746 33.8378 48.3839 27.8029   25.02      18 45.8803 10.2956 26.0192       6 27.5136
53.2259       0 34.2053 38.4708 53.4135      28  52.345 22.6274 37.5899 42.3792 41.9762 21.1896 42.5206 14.1421 46.6476      30 51.4004 37.1618 41.0488 16.4924 29.4109 49.2443 22.0227 41.0122 43.8634 24.1868 6.32456  38.833 24.0832 33.2415   42.72 48.0833      16 41.6173 31.9531  7.2111 42.2019 48.8262 32.1403 14.1421 41.0122 34.4093 32.0624  54.037 50.9608 44.6878 41.4367 50.9902 23.0217 27.2947 50.3587   50.04 65.2993 61.2209 34.9857 44.4072 6.32456 31.6228 46.6476 44.4072 37.5766 8.24621 26.6833 49.0408 63.1269 36.2215 48.0104 31.1127 50.9215 26.0768
 21.095 34.2053       0 18.6011 21.8403 27.8927 18.6011  12.083      15 23.0217 18.4391 15.6525 8.60233 20.2485 13.3417 4.24264 17.2047 9.21954 13.6015 23.5372 10.4403 23.2594 28.0179 32.8024 21.0238 24.1868 31.1448 5.09902 11.4018 18.0278 14.3178 14.7648 27.4591 7.61577 10.4403 27.4591 26.2488 19.0263 24.5153 26.4197 26.0768 9.89949 19.6469 22.1359 23.0868 13.1529 20.5183 18.3848 20.3961 23.7697 27.4591 32.5269 31.1448 27.0185 4.24264 22.6716 32.6497 3.16228 19.2354 31.9061 17.0294  28.178 15.0333 31.8277      29 27.4591 13.8924 5.09902 21.3776 8.60233
19.7231 38.4708 18.6011       0 36.3456  43.909      30 24.1661 33.6006 41.6173 4.24264 18.0278 22.8035 28.2843 18.1108 18.4391 25.1794 9.84886 31.7648 35.4401 27.6586 11.1803 42.1545 50.9313 39.4462 16.6433 32.9848  17.088 25.0599 36.0694 9.21954 28.2843 39.2938 18.4391 9.43398      34 44.8219 35.4401 10.8167 25.2982 7.61577 28.4253  7.2111 36.2215 13.6015 29.4109       3  32.249 15.8114 39.9625      12 14.4222 37.9473 33.5261 14.4222       6      40 16.9706 36.7696 13.4164  35.609 36.0555      12 13.6015 36.4005 45.3431 22.0227 22.6274 14.8661 17.8885
24.2074 53.4135 21.8403 36.3456       0 35.8469 7.81025 31.0644 17.4929  19.105 33.9559 37.3363 14.0357 39.4081 19.3132  25.632 13.6015 27.0185 12.8062 38.9487 24.0832 34.4384 39.4462 32.0156 15.1327 45.8912 51.6236  20.025 29.4109 23.7065 27.8927 8.06226 42.0119 18.0278 31.1448 46.2277 23.0217 5.38516 45.0111  47.927 43.7379  19.105 40.0125       1  32.249 8.94427 36.8782 4.12311 42.2019 32.6497 39.8121 47.1699      17 15.5242 24.1868 37.6431 50.2096      25 9.21954 49.2443 18.7883 46.0109 36.6742 46.8188 15.0333 29.6142 15.2315 22.8254 29.1548 30.0832
48.2597      28 27.8927  43.909 35.8469       0  38.833      20 18.6815 18.4391 45.1885      29      32 20.5913 40.1995      26 41.1096 36.4005 23.7697 12.6491 17.4642 50.9215 6.08276 13.0384 21.6333 39.2046 30.5941 32.5576  18.868 12.3693 42.0595 34.5254      12 34.2345 34.4819 22.3607 16.4012 30.4631 44.5533 33.1059 50.2195      20 41.2311 36.7696 50.9608 29.6142 46.5296 35.4401 35.4683 4.12311  54.626 58.3095  51.923 49.0306 31.6228 49.1935 22.0907 27.8568 26.8328 55.6058  17.088 20.0998 34.0588 57.4543 49.7293 8.94427      39 22.8035 49.2443 26.0768
16.4012  52.345 18.6011      30 7.81025  38.833       0 29.7321 20.2237 24.3311 27.1662 34.1321      10 38.2099 12.1655 22.8035 5.83095 21.3776 15.1327 39.4462 24.1868 26.9258 41.4367 37.3363 20.3961 41.4367  49.679 15.2315 28.4253 26.4764  21.095 4.47214 42.9418 12.6491 26.2488 45.3431 28.4429 10.7703 39.4588 44.9444 37.1214 19.6977 34.5254  7.2111 24.5967 9.21954 30.1496 4.47214 38.0789  35.171  32.311 39.8497 13.4164  10.198 19.6977 30.5941      50 21.6333 14.5602 42.4264 22.0907  45.607  32.311 39.5601 11.1803      34 8.06226 21.2603 21.4709 27.2029
32.7567 22.6274  12.083 24.1661 31.0644      20 29.7321       0 17.1172 24.0832 25.9615 9.84886      20 8.48528 25.2982 8.24621 29.1548 18.0278 19.3132      12 8.06226 32.3883 18.0278 29.1548 24.0832 20.6155 20.5913  17.088       2 15.5242 24.0208 25.4558      16 19.6977 14.8661 15.6205 25.7099 26.8328 24.8395 18.1108 30.2324 12.6491 21.2603 31.6228 33.0606 22.2036 26.9258 28.4253 16.5529 16.2788 35.4401 38.4708 42.8019  38.833 14.1421 29.7321 20.5913  10.198 25.2982  35.609      18 16.1245 14.1421 37.5899 40.6079 23.3238 25.9422 8.48528 32.0156 6.32456
31.6228 37.5899      15 33.6006 17.4929 18.6815 20.2237 17.1172       0 8.06226 33.2415 26.0768 14.8661 24.3516 23.7697 16.1555 23.0868 24.0832 5.09902 22.0227 9.05539 37.2022 21.9545 18.7883       7 36.4966      37 17.8045 15.1327 6.32456 28.4253 16.0312 24.7588 18.3576 25.0599 30.4138 11.3137 12.2066 38.6264 35.2278 41.0488 5.38516 34.0147 18.3576 36.3593 11.0454 35.4683 16.7631 32.3883 15.2315 41.8688 47.4236 33.2415 30.4138 19.2094 37.4833 33.6006      17 9.21954 46.8722 2.23607 29.6816 28.1603 46.7547 31.0483 14.3178  21.587 11.7047      34 19.4165
38.0132 42.3792 23.0217 41.6173  19.105 18.4391 24.3311 24.0832 8.06226       0 41.1096  33.541 21.6333 30.2655 30.5287 24.1661 28.4605 32.0156 10.8167      26 16.2788 44.6878 23.4307 13.0384       4 44.1475 42.7551 25.4558 22.0907 9.21954 36.0694 20.8806 27.7849 25.6125  33.121 35.4401 4.12311      14 46.6154      42 49.0918 13.4164 42.0476 20.0998 43.6005 16.1555 43.4166 20.0998  40.025 16.4012 49.5177 55.3173 36.0555 34.0588 27.2029 45.3431 37.5766 25.0599      10 54.9181 6.32456  34.176 36.0555 54.6717 34.0147 10.7703 27.7308 19.6977 41.0488 27.2029
15.6525 41.9762 18.4391 4.24264 33.9559 45.1885 27.1662 25.9615 33.2415 41.1096       0  21.095 21.0238 31.0161 15.0333 19.2354      22 9.21954 30.8058 37.6563 28.3019 7.28011 43.9659  51.225 38.6005 20.8087 36.6879 15.8114 26.5707 36.4005 6.08276 25.9615 41.5933 16.5529 11.1803 37.1214 44.5533 33.6155      15 29.1548      10 28.3196 11.4018 33.7343 9.43398 27.7308       3 29.8329 19.6977 41.1461 9.48683 14.2127 34.2053 29.8329 14.2127 4.24264 43.1045 17.4929 35.3553 15.2971 35.3553 39.0128 15.2971 13.6015 32.7567 45.8039  19.105 23.0217 10.6301 19.6469
 32.249 21.1896 15.6525 18.0278 37.3363      29 34.1321 9.84886 26.0768  33.541  21.095       0 24.1868 10.4403 26.2488 11.7047 31.8904 16.1245 27.1662 18.3576 17.2627 28.2843  25.807 38.9487 33.0606 10.7703 16.6433 19.2094 11.7047 25.2982 21.5407 30.4138 21.9317 22.0227 10.7703 16.0312 35.4401 33.9559 15.6205 10.8167 22.4722      21      13 37.6962 29.8329 28.4605 21.0238 34.0147  6.7082 25.6125 30.0167 31.3209 46.0977 41.7732 14.8661 24.0208 22.0227   12.53 33.2415 27.2947 27.2947 18.0278 6.08276 30.3645 44.0454  33.121 28.3196 15.1327 29.7321 7.28011
16.7631 42.5206 8.60233 22.8035 14.0357      32      10      20 14.8661 21.6333 21.0238 24.1868       0 28.4253 8.94427 12.8062 9.48683 13.1529 10.8167 30.4631 15.5242 23.3452  33.541 33.6155 18.4391 32.0156 39.6989       6  18.868 20.2237 15.2643 6.32456  34.176 4.47214 17.1172  35.609 25.5539 12.6491      31 34.9857 30.3645      12      26 14.1421 22.0227  6.7082 23.7697  10.198 28.4605 28.0179 28.4253 34.9857 22.8035  18.868  10.198 25.0599 40.4969 11.6619 14.4222 36.0555  17.088 36.0555 22.8035 34.4819 20.6155 29.1204       7 11.6619 19.4165 17.2047
40.1622 14.1421 20.2485 28.2843 39.4081 20.5913 38.2099 8.48528 24.3516 30.2655 31.0161 10.4403 28.4253       0 33.1059 16.1245 37.4433 24.5153 27.2947 8.48528 15.6525 38.0132 16.2788   32.28 31.0483  19.105 12.6491 25.0599      10  21.095 30.4138 33.9411 11.6619 27.7849  20.025  7.2111      31 34.9857 25.5539 12.6491 32.8938 20.5913 23.4094      40 39.2046 30.6105  31.257 36.8782 15.8114 18.0278 40.1995 41.7612  51.225 47.2017 21.5407 34.2345 12.6491 17.8885 33.1059 37.5766 24.7386 8.24621 16.4924 40.8044 49.0408 26.6833 34.1321 16.9706 38.6394 12.6491
8.06226 46.6476 13.3417 18.1108 19.3132 40.1995 12.1655 25.2982 23.7697 30.5287 15.0333 26.2488 8.94427 33.1059       0  17.088 7.07107 10.8167 19.7231 36.8782      23 15.2643 41.0488 42.5441 27.2029 31.3847 42.8019 8.24621 24.7386 28.8617       9 11.6619 40.7922       6 16.4012 40.2492 34.4819      20 28.1603 36.7696   25.02 20.3961 23.4094 18.9737 13.4536 14.8661 18.0278 15.2315 28.6007 36.1248 20.5913 27.8568 20.5913 16.1245 11.6619 18.4391 45.6946 15.2315 22.6274 30.2655      26 41.2311 22.8035 27.5136 18.7883 37.9473 4.12311 18.1108 10.6301 20.5913
24.5153      30 4.24264 18.4391  25.632      26 22.8035 8.24621 16.1555 24.1661 19.2354 11.7047 12.8062 16.1245  17.088       0 21.4009 10.4403 16.0312 20.0998 9.21954      25  25.318 32.5269 22.8035      21 26.9072 8.94427       8 17.6918 16.2788  18.868 24.0832 11.6619 9.21954 23.3238 26.9258 22.3607 22.4722 22.3607 25.4951 10.7703 17.8885      26  25.318 16.7631 20.8087 22.3607 17.0294 21.9317 28.6356 32.8024 35.3836  31.241       6 23.3238 28.6356       2      22  31.241 17.8885 24.1661 12.1655 32.0156 33.2415 26.9072 18.0278 4.47214 24.0208 4.47214
10.6301 51.4004 17.2047 25.1794 13.6015 41.1096 5.83095 29.1548 23.0868 28.4605      22 31.8904 9.48683 37.4433 7.07107 21.4009       0 17.4642 18.2483 39.9249      25 21.1896 42.9535 41.2311 24.6982 38.0132 48.1041 12.7279  28.178      29 16.0312 7.61577 43.6578 9.89949 22.8254 44.6542  32.573 15.8114  35.171  42.638      32 21.2132 30.3645 13.0384 18.7883 12.3693      25 9.89949 34.9857 37.2156 26.5707 34.2053 14.2127 9.89949 17.0294 25.1794 49.7393 19.8494 19.2354 37.1214 25.1794 45.2769 29.1548 33.9559 12.2066 37.3363 3.60555 21.0238 15.6525 25.4951
16.1245 37.1618 9.21954 9.84886 27.0185 36.4005 21.3776 18.0278 24.0832 32.0156 9.21954 16.1245 13.1529 24.5153 10.8167 10.4403 17.4642       0 21.9545 30.0167 19.2354 14.5602 35.6931 42.0119 29.6816 20.5913 32.7567 7.28011 18.2483 27.2029       6      19 34.0147       9 5.65685 31.3209 35.3836 25.7099 18.1108 26.2488 17.4642  19.105 13.1529      27 15.0333 19.6469 11.4018      23 17.8045  32.311 18.3576 23.3452 31.3847 26.9258       5 13.4536  37.108   8.544 26.9258 23.2594 26.1725 32.7567 12.0416 22.6716 29.5296 36.6197 13.9284 13.8924 14.1421 12.0416
 27.313 41.0488 13.6015 31.7648 12.8062 23.7697 15.1327 19.3132 5.09902 10.8167 30.8058 27.1662 10.8167 27.2947 19.7231 16.0312 18.2483 21.9545       0 26.1725 11.6619 33.9706 26.8328 23.0868 7.81025 37.0135 39.8121      15 17.4642 11.4018 25.4951      11 29.2062 14.8661 24.0416 33.8378 14.7648 7.81025 38.0789  37.108 39.3573  6.7082 33.2415 13.6015 32.8024       6 33.2866 11.7047      33 20.2485 38.8973      45 28.1603  25.318 17.4642      35 37.5366 16.2788 6.08276 45.1774       7 33.4215 28.1603 44.4072 25.9615  19.105  17.088 12.0416 30.2324  20.025
44.5533 16.4924 23.5372 35.4401 38.9487 12.6491 39.4462      12 22.0227      26 37.6563 18.3576 30.4631 8.48528 36.8782 20.0998 39.9249 30.0167 26.1725       0 15.2643 44.2832 7.81025 25.1794 27.7849 27.5862 18.1108 28.6356 12.1655      17 36.0139 34.9857       4 31.0483 26.4764      10 25.7099 33.9411 33.8378 20.5913 40.7185      20  31.305 39.6989 45.0444 30.8058 38.3275 37.2022 24.2074      11 47.0744 49.3964 52.8394 49.1935 26.0768 41.2311 11.6619 22.0907  31.241 45.6508 21.6333 8.24621 24.1661 48.4665 50.6063      20      37 18.9737 44.0114 18.1108
31.0161 29.4109 10.4403 27.6586 24.0832 17.4642 24.1868 8.06226 9.05539 16.2788 28.3019 17.2627 15.5242 15.6525      23 9.21954      25 19.2354 11.6619 15.2643       0 33.6155 18.1108 23.3452 16.0312 27.8927 28.2312 15.1327 6.08276 8.60233 24.6982 19.7231 18.7883      17 18.3848 22.2036 18.3848 19.4165 30.8869 26.1725 34.6554       5 26.6271 24.7588 33.5261 15.6205      30 22.0227 23.7697 13.3417 37.5899 42.0119 37.5899 34.0147 14.3178   32.45 26.1725 10.8167 17.4642 40.3609 10.0499 21.9317 20.1246 41.2311 35.3553 17.6918 22.3607 5.38516 31.7805 11.1803
     12 49.2443 23.2594 11.1803 34.4384 50.9215 26.9258 32.3883 37.2022 44.6878 7.28011 28.2843 23.3452 38.0132 15.2643      25 21.1896 14.5602 33.9706 44.2832 33.6155       0 50.2195 55.7584 41.7253 27.7849 43.9659 19.4165 32.7567 41.1825 8.94427 26.9258 48.2597  19.105      18 44.2832 48.4149 35.2278 21.2603 36.4005 13.8924 32.7567 18.3576 34.0147 3.16228 29.8329 8.60233 30.4138 26.9258 46.8188 5.38516 13.1529 31.0644      27 19.3132 6.40312 50.2494 23.0868 37.6431 17.4642 39.4081 46.0977  22.561 13.0384      30 50.6063 19.2354 28.2312       6 26.1725
49.0102 22.0227 28.0179 42.1545 39.4462 6.08276 41.4367 18.0278 21.9545 23.4307 43.9659  25.807  33.541 16.2788 41.0488  25.318 42.9535 35.6931 26.8328 7.81025 18.1108 50.2195       0  19.105 26.1725 35.3553      25      33 17.4642 15.8114 41.5933      37 6.08276 35.0571 32.8938 16.7631 21.9545 34.1321 41.4005 28.3019 47.8853 21.8403 38.5876 40.3113  50.636  32.311 44.9444 38.4838 31.8904 7.07107 53.4509 56.3649 54.7814 51.5461  31.257 47.7598 16.0312 27.2947 30.8058      53 20.8087 14.3178 31.3847 55.4617 52.5547 14.8661 40.4475      23 49.2544 24.3516
50.3289 41.0122 32.8024 50.9313 32.0156 13.0384 37.3363 29.1548 18.7883 13.0384  51.225 38.9487 33.6155   32.28 42.5441 32.5269 41.2311 42.0119 23.0868 25.1794 23.3452 55.7584  19.105       0 17.0294 49.6488 43.2897 36.3593 27.4591 14.8661 46.8722 33.7343   25.02 37.1214 41.7253 35.1283       9 27.0185 53.8238 44.9222      58 23.0217 49.8197 33.0151 55.0727 28.8617 53.1507 33.1361 45.6508 14.3178 60.2163  65.192 49.0102 47.0956 37.0135 55.4437 35.1283 33.9706 23.0217 63.7024 16.5529 33.0151 43.0116 64.4438      47 5.83095 40.1622 28.3196 52.7731 34.2053
34.4819 43.8634 21.0238 39.4462 15.1327 21.6333 20.3961 24.0832       7       4 38.6005 33.0606 18.4391 31.0483 27.2029 22.8035 24.6982 29.6816 7.81025 27.7849 16.0312 41.7253 26.1725 17.0294       0 43.4166 43.6807 22.8035 22.0907 10.8167 33.3017  17.088      30 22.6274 31.3847 36.7696 8.06226      10 45.2217   42.19 47.0106 12.1655 40.4969 16.1245 40.4599   12.53 41.0488 16.1245 39.3192  19.105 46.6905 52.8015 32.0624 30.0666 25.0599 42.8019 39.4462 23.4094       6 52.8394 6.32456 35.7771 34.9285 52.2015 30.0167 14.5602 24.1868 18.4391 37.8021 26.3059
35.3836 24.1868 24.1868 16.6433 45.8912 39.2046 41.4367 20.6155 36.4966 44.1475 20.8087 10.7703 32.0156  19.105 31.3847      21 38.0132 20.5913 37.0135 27.5862 27.8927 27.7849 35.3553 49.6488 43.4166       0 18.0278 26.2488 22.4722 36.0555 24.0832 38.3275 30.6105 28.7924 15.2315 21.9317 46.1736 43.1856       8 10.0499 17.1172  31.257 9.43398 46.0977 30.2324 37.3363 19.2354 42.2019 4.12311 36.0555 27.5136 26.0192 51.9711 47.5079 21.8403 21.9317 27.5136  21.095      43 20.2237  37.855 24.5967 9.21954   25.02 50.1199 43.8292 34.4384 25.0799  31.241 17.1172
48.8774 6.32456 31.1448 32.9848 51.6236 30.5941  49.679 20.5913      37 42.7551 36.6879 16.6433 39.6989 12.6491 42.8019 26.9072 48.1041 32.7567 39.8121 18.1108 28.2312 43.9659      25 43.2897 43.6807 18.0278       0 35.3836 22.3607  33.541 38.0132  45.607 18.9737 38.2099 27.2947 8.24621 43.1856 47.4131 26.0192       8 35.0143 33.1059 26.3059 52.1536 45.8803   42.72 35.9026 48.8262 17.2627 29.0689 44.7214      44 62.2254      58  31.241  38.833 11.3137 28.2843 45.6946 38.2099 37.3631 10.7703 21.5407      43 60.1082 38.0526 44.5982 28.8444 46.0977 22.6274
16.0312  38.833 5.09902  17.088  20.025 32.5576 15.2315  17.088 17.8045 25.4558 15.8114 19.2094       6 25.0599 8.24621 8.94427 12.7279 7.28011      15 28.6356 15.1327 19.4165      33 36.3593 22.8035 26.2488 35.3836       0 16.4924 21.9317 10.6301 12.1655 32.5576 2.82843 11.1803  32.249 29.0689 18.4391      25      30 24.6982 13.4164      20 20.0998 18.7883 12.3693 18.3576 16.1245 22.8473 28.4429 24.0832      30 26.9072 22.6274 4.47214      20 37.5766  7.2111 19.6977 30.4631      20 33.1059  17.088 29.4109 24.8395  31.305 9.21954      10 16.7631 12.8062
32.3883 24.0832 11.4018 25.0599 29.4109  18.868 28.4253       2 15.1327 22.0907 26.5707 11.7047  18.868      10 24.7386       8  28.178 18.2483 17.4642 12.1655 6.08276 32.7567 17.4642 27.4591 22.0907 22.4722 22.3607 16.4924       0 13.6015 24.1868 24.0832 16.1245 18.9737 15.6525 16.9706 23.7697 25.0599 26.4008 20.0998 31.4006 10.7703 22.6274      30 33.2415 20.6155 27.7308 26.9072 18.3848      15 36.0555 39.4462 41.6173 37.7359      14 30.4631 21.6333      10 23.4094 36.8782      16 17.2047 15.6205 38.5876 39.4081 21.6333 25.0799  7.2111 32.0156  7.2111
36.8782 33.2415 18.0278 36.0694 23.7065 12.3693 26.4764 15.5242 6.32456 9.21954 36.4005 25.2982 20.2237  21.095 28.8617 17.6918      29 27.2029 11.4018      17 8.60233 41.1825 15.8114 14.8661 10.8167 36.0555  33.541 21.9317 13.6015       0  32.249 22.2036 19.2094 23.0868 26.9072 26.2488  10.198 18.3576 39.4462 33.0606 43.1856   8.544 35.2278 24.5967 40.7185 17.2627 38.2884 23.0868 31.9531 8.94427 45.4863 50.3289 39.5601 36.6742 22.2036 40.6079 28.6531  19.105      15 48.9183       5 25.0799 28.6531 49.5782 37.3631 9.43398 27.1662 13.4536 38.6264 19.7231
11.3137   42.72 14.3178 9.21954 27.8927 42.0595  21.095 24.0208 28.4253 36.0694 6.08276 21.5407 15.2643 30.4138       9 16.2788 16.0312       6 25.4951 36.0139 24.6982 8.94427 41.5933 46.8722 33.3017 24.0832 38.0132 10.6301 24.1868  32.249       0 19.9249 40.0125 10.8167 10.7703  37.108 39.6989 27.7308 19.6977 31.0644 16.0312 23.8537 15.2643 27.6586 9.05539 21.9545 9.05539 23.7697 22.0227 37.9473 13.4536 19.7231 28.7924 24.3516 10.4403 9.84886 42.9535 14.3178 29.6816 21.3776 30.6105 38.6394 16.6433 19.2354 27.2029 41.6773 13.0384 19.3132 8.24621 18.0278
17.8045 48.0833 14.7648 28.2843 8.06226 34.5254 4.47214 25.4558 16.0312 20.8806 25.9615 30.4138 6.32456 33.9411 11.6619  18.868 7.61577      19      11 34.9857 19.7231 26.9258      37 33.7343  17.088 38.3275  45.607 12.1655 24.0832 22.2036 19.9249       0 38.4708      10 23.3452 41.0366      25 8.48528  37.054 41.1825 35.6931 15.2315 32.0624       8      25       5 28.8617       4 34.7851 30.8058  32.249 39.3954 17.8885 14.5602 16.4924 29.7321  45.607 17.8885 11.6619 41.2311      18 41.2311 29.1204      39 15.6525 30.0666 7.81025 16.9706 22.0227 23.3238
48.5077      16 27.4591 39.2938 42.0119      12 42.9418      16 24.7588 27.7849 41.5933 21.9317  34.176 11.6619 40.7922 24.0832 43.6578 34.0147 29.2062       4 18.7883 48.2597 6.08276   25.02      30 30.6105 18.9737 32.5576 16.1245 19.2094 40.0125 38.4708       0 34.9285 30.4138 10.7703 26.9258 36.8782 37.2156 22.8035 44.3847 23.3238 34.9285 42.8019 49.0408 34.1321 42.2019 40.4969 27.4591 11.7047 50.9902 53.1413  56.356 52.8015 30.0666 45.1221  10.198 26.0768 33.9411 49.1935 24.0832 8.24621 27.8568 52.2015 54.1202 20.3961 40.8044 22.8035 48.0104 22.0907
14.0357 41.6173 7.61577 18.4391 18.0278 34.2345 12.6491 19.6977 18.3576 25.6125 16.5529 22.0227 4.47214 27.7849       6 11.6619 9.89949       9 14.8661 31.0483      17  19.105 35.0571 37.1214 22.6274 28.7924 38.2099 2.82843 18.9737 23.0868 10.8167      10 34.9285       0 13.6015 34.9857 29.4109  17.088  27.074 32.8024 25.9615 14.5602 22.0907      18 18.0278 11.1803 19.3132      14 25.4951 30.1496 24.0832 30.5287 24.0832  19.799  7.2111 20.5913 40.2492      10  18.868 31.6228 20.5913 35.7771 19.6977 30.0167 22.0227  32.311 6.40312 12.1655 15.6525 15.6205
21.6333 31.9531 10.4403 9.43398 31.1448 34.4819 26.2488 14.8661 25.0599  33.121 11.1803 10.7703 17.1172  20.025 16.4012 9.21954 22.8254 5.65685 24.0416 26.4764 18.3848      18 32.8938 41.7253 31.3847 15.2315 27.2947 11.1803 15.6525 26.9072 10.7703 23.3452 30.4138 13.6015       0 26.4764 36.0555 29.0689 14.1421 20.6155 16.2788 19.7231 9.21954  31.257 19.2354 23.0217  12.083 27.2947 12.2066 30.5287 20.6155 23.8537 36.8917   32.45       7 14.8661 32.3883 8.06226 29.6142 22.0227 26.9258 28.1603 6.40312 23.0217 34.9857 36.0694 19.2354 13.6015 18.9737   8.544
47.1699  7.2111 27.4591      34 46.2277 22.3607 45.3431 15.6205 30.4138 35.4401 37.1214 16.0312  35.609  7.2111 40.2492 23.3238 44.6542 31.3209 33.8378      10 22.2036 44.2832 16.7631 35.1283 36.7696 21.9317 8.24621  32.249 16.9706 26.2488  37.108 41.0366 10.7703 34.9857 26.4764       0 35.5106 41.6173 29.4109 12.8062 37.6563 27.2029 28.2843 46.8615 45.7056 37.5366      37 43.8634 19.6469      21      46 46.6905 58.4123 54.4059 28.6356      40       6 25.0599 39.4462 41.7612 30.4631 2.82843      22 45.7056 56.2228      30 41.3401 24.0832 45.3542 19.6977
42.0476 42.2019 26.2488 44.8219 23.0217 16.4012 28.4429 25.7099 11.3137 4.12311 44.5533 35.4401 25.5539      31 34.4819 26.9258  32.573 35.3836 14.7648 25.7099 18.3848 48.4149 21.9545       9 8.06226 46.1736 43.1856 29.0689 23.7697  10.198 39.6989      25 26.9258 29.4109 36.0555 35.5106       0 18.0278 49.1935 43.1856 52.2015 16.4012 44.7772 24.0208 47.4342 20.2485 46.7547 24.1868 42.0595 15.2315 53.1507 58.7282 40.0125 38.1182 30.4795 48.7955      37 28.0179 14.0357 58.0086 9.21954 33.9559 38.4838 58.0517      38 7.81025 31.7805 22.4722 44.9444 29.5466
26.2488 48.8262 19.0263 35.4401 5.38516 30.4631 10.7703 26.8328 12.2066      14 33.6155 33.9559 12.6491 34.9857      20 22.3607 15.8114 25.7099 7.81025 33.9411 19.4165 35.2278 34.1321 27.0185      10 43.1856 47.4131 18.4391 25.0599 18.3576 27.7308 8.48528 36.8782  17.088 29.0689 41.6173 18.0278       0 43.1856 44.2719 43.0116 14.4222 38.2099 6.32456 33.4215 6.08276 36.4005 6.32456 39.3192 27.2947 40.4969 47.4131 22.0907 20.0998 22.0907 37.5766 45.3431 22.0907       4 48.7032 13.4164 41.2311 34.0588 46.9574  20.025 24.3311 16.2788 18.9737 30.4795 26.6833
30.5287 32.1403 24.5153 10.8167 45.0111 44.5533 39.4588 24.8395 38.6264 46.6154      15 15.6205      31 25.5539 28.1603 22.4722  35.171 18.1108 38.0789 33.8378 30.8869 21.2603 41.4005 53.8238 45.2217       8 26.0192      25 26.4008 39.4462 19.6977  37.054 37.2156  27.074 14.1421 29.4109 49.1935 43.1856       0 18.0278 9.21954 33.2415       5 45.0444 24.0416 37.1214 12.7279 41.0488 9.84886 41.0366 20.1246 18.0278 48.4665 44.0114  21.095      15  35.171 21.8403 43.7379 12.3693 40.3113 31.9531 10.8167 17.0294 46.8188 48.0104 31.7805 26.9258 25.6125 19.7231
42.2019 14.1421 26.4197 25.2982  47.927 33.1059 44.9444 18.1108 35.2278      42 29.1548 10.8167 34.9857 12.6491 36.7696 22.3607  42.638 26.2488  37.108 20.5913 26.1725 36.4005 28.3019 44.9222   42.19 10.0499       8      30 20.0998 33.0606 31.0644 41.1825 22.8035 32.8024 20.6155 12.8062 43.1856 44.2719 18.0278       0 27.0185 30.5941 18.4391 48.3322 38.4838      39 28.1603 44.7214 9.48683 30.6757 36.8782      36 56.8507 52.4976 25.6125 31.0483 17.8885 23.3238 43.1741 30.2655 36.0555 15.6205 14.4222      35 54.8179 39.2938 39.0512 25.2982 38.9487 17.8885
     25 41.0122 26.0768 7.61577 43.7379 50.2195 37.1214 30.2324 41.0488 49.0918      10 22.4722 30.3645 32.8938   25.02 25.4951      32 17.4642 39.3573 40.7185 34.6554 13.8924 47.8853      58 47.0106 17.1172 35.0143 24.6982 31.4006 43.1856 16.0312 35.6931 44.3847 25.9615 16.2788 37.6563 52.2015 43.0116 9.21954 27.0185       0  35.805 9.48683  43.566      17      37       7 39.6232 18.1108 46.4004 11.4018 9.05539 43.9318 39.6232 21.9545 7.61577  43.566 24.2074 44.3847 5.83095 43.0116  40.025 16.5529 8.06226 42.5793 52.3259 29.0689 29.8329 19.3132 24.2074
28.4429 34.4093 9.89949 28.4253  19.105      20 19.6977 12.6491 5.38516 13.4164 28.3196      21      12 20.5913 20.3961 10.7703 21.2132  19.105  6.7082      20       5 32.7567 21.8403 23.0217 12.1655  31.257 33.1059 13.4164 10.7703   8.544 23.8537 15.2315 23.3238 14.5602 19.7231 27.2029 16.4012 14.4222 33.2415 30.5941  35.805       0 28.6356  19.799 32.2025 10.8167 30.4138 17.2047 27.1662 16.0312 37.2022 42.4264 33.1059 29.7321 14.1421 32.5576 31.1127 11.6619 12.6491 41.6173  7.2111 26.9072 22.8035 41.7253 30.8707 17.8885      19 6.32456 30.0832 14.1421
26.4008 32.0624 19.6469  7.2111 40.0125 41.2311 34.5254 21.2603 34.0147 42.0476 11.4018      13      26 23.4094 23.4094 17.8885 30.3645 13.1529 33.2415  31.305 26.6271 18.3576 38.5876 49.8197 40.4969 9.43398 26.3059      20 22.6274 35.2278 15.2643 32.0624 34.9285 22.0907 9.21954 28.2843 44.7772 38.2099       5 18.4391 9.48683 28.6356       0   40.05 20.8087 32.1403 9.84886 36.0555 9.05539 37.5366 18.4391 18.4391 43.8634 39.3954 16.1245 12.6491 34.2345  17.088  38.833 14.4222 35.7771 30.5941  7.2111 17.4642 42.1545 44.0454 26.9258 22.3607 21.9317 15.6205
23.6008  54.037 22.1359 36.2215       1 36.7696  7.2111 31.6228 18.3576 20.0998 33.7343 37.6962 14.1421      40 18.9737      26 13.0384      27 13.6015 39.6989 24.7588 34.0147 40.3113 33.0151 16.1245 46.0977 52.1536 20.0998      30 24.5967 27.6586       8 42.8019      18  31.257 46.8615 24.0208 6.32456 45.0444 48.3322  43.566  19.799   40.05       0 31.7648 9.43398 36.6742       4   42.45  33.541 39.3954 46.8188      16 14.5602 24.3311 37.3631 50.9117 25.2982  10.198 49.0306 19.6977 46.6905 36.8782 46.4866 14.0357 30.5941 14.8661 23.3238 28.6531 30.4631
9.05539 50.9608 23.0868 13.6015  32.249 50.9608 24.5967 33.0606 36.3593 43.6005 9.43398 29.8329 22.0227 39.2046 13.4536  25.318 18.7883 15.0333 32.8024 45.0444 33.5261 3.16228  50.636 55.0727 40.4599 30.2324 45.8803 18.7883 33.2415 40.7185 9.05539      25 49.0408 18.0278 19.2354 45.7056 47.4342 33.4215 24.0416 38.4838      17 32.2025 20.8087 31.7648       0 28.2843 11.3137 28.3019 29.0689 46.8402 8.06226 16.0312 28.0179 24.0208 19.4165 9.43398 51.6236 23.3452 36.0694 20.6155 38.5876 47.3814 24.3516      16 27.0185 50.0899 17.2047 28.1603 3.16228      27
21.9545 44.6878 13.1529 29.4109 8.94427 29.6142 9.21954 22.2036 11.0454 16.1555 27.7308 28.4605  6.7082 30.6105 14.8661 16.7631 12.3693 19.6469       6 30.8058 15.6205 29.8329  32.311 28.8617   12.53 37.3363   42.72 12.3693 20.6155 17.2627 21.9545       5 34.1321 11.1803 23.0217 37.5366 20.2485 6.08276 37.1214      39      37 10.8167 32.1403 9.43398 28.2843       0 30.4631 6.40312  33.541 25.9615      35 41.6773 22.4722 19.4165 16.0312 31.7648 41.7732 16.2788 7.81025   42.72      13 37.4833 28.1603 41.1825 20.2485 25.0799 11.6619 13.8924 25.4951 21.1896
18.3848 41.4367 20.5183       3 36.8782 46.5296 30.1496 26.9258 35.4683 43.4166       3 21.0238 23.7697  31.257 18.0278 20.8087      25 11.4018 33.2866 38.3275      30 8.60233 44.9444 53.1507 41.0488 19.2354 35.9026 18.3576 27.7308 38.2884 9.05539 28.8617 42.2019 19.3132  12.083      37 46.7547 36.4005 12.7279 28.1603       7 30.4138 9.84886 36.6742 11.3137 30.4631       0 32.7567 18.6815 42.5441       9 12.0416  37.108 32.7567 16.2788       3      43 19.2094 38.0132 12.3693 37.5366 39.0512      15 11.3137 35.6931  47.634 22.0907 24.8395 13.0384 20.6155
20.5183 50.9902 18.3848  32.249 4.12311 35.4401 4.47214 28.4253 16.7631 20.0998 29.8329 34.0147  10.198 36.8782 15.2315 22.3607 9.89949      23 11.7047 37.2022 22.0227 30.4138 38.4838 33.1361 16.1245 42.2019 48.8262 16.1245 26.9072 23.0868 23.7697       4 40.4969      14 27.2947 43.8634 24.1868 6.32456 41.0488 44.7214 39.6232 17.2047 36.0555       4 28.3019 6.40312 32.7567       0 38.6005 31.9531 35.7771 43.0813 16.4924      14 20.3961 33.5261 48.1664 21.5407  10.198 45.1221 18.4391 43.8634 32.9848   42.72 14.3178 30.0666 11.1803      20 25.2389 26.8328
33.3017 23.0217 20.3961 15.8114 42.2019 35.4683 38.0789 16.5529 32.3883  40.025 19.6977  6.7082 28.4605 15.8114 28.6007 17.0294 34.9857 17.8045      33 24.2074 23.7697 26.9258 31.8904 45.6508 39.3192 4.12311 17.2627 22.8473 18.3848 31.9531 22.0227 34.7851 27.4591 25.4951 12.2066 19.6469 42.0595 39.3192 9.84886 9.48683 18.1108 27.1662 9.05539   42.45 29.0689  33.541 18.6815 38.6005       0 32.2025 27.4591 27.1662 49.0918 44.6542 18.3848  21.587 25.4951 17.2627 39.0128 22.1359 33.7343 22.1359 5.83095 26.1725 47.1699 39.8246 31.3847 21.0238 29.6816 13.0384
44.1814 27.2947 23.7697 39.9625 32.6497 4.12311  35.171 16.2788 15.2315 16.4012 41.1461 25.6125 28.0179 18.0278 36.1248 21.9317 37.2156  32.311 20.2485      11 13.3417 46.8188 7.07107 14.3178  19.105 36.0555 29.0689 28.4429      15 8.94427 37.9473 30.8058 11.7047 30.1496 30.5287      21 15.2315 27.2947 41.0366 30.6757 46.4004 16.0312 37.5366  33.541 46.8402 25.9615 42.5441 31.9531 32.2025       0 50.5668 54.3783 48.3839 45.3542 27.5136 45.1774 21.8403 23.7697 23.8537 51.8556 13.8924  19.105 30.4138  53.535 46.1736       9 35.0143 18.6815 45.1221 22.2036
17.1172 50.3587 27.4591      12 39.8121  54.626  32.311 35.4401 41.8688 49.5177 9.48683 30.0167 28.4253 40.1995 20.5913 28.6356 26.5707 18.3576 38.8973 47.0744 37.5899 5.38516 53.4509 60.2163 46.6905 27.5136 44.7214 24.0832 36.0555 45.4863 13.4536  32.249 50.9902 24.0832 20.6155      46 53.1507 40.4969 20.1246 36.8782 11.4018 37.2022 18.4391 39.3954 8.06226      35       9 35.7771 27.4591 50.5668       0       8      36 32.0624 23.3238       6      52 26.8328 42.8019 13.4164 44.0454 48.0416      24 8.06226 35.0571 54.9181 24.5967  32.249 11.1803 29.1204
25.0799   50.04 32.5269 14.4222 47.1699 58.3095 39.8497 38.4708 47.4236 55.3173 14.2127 31.3209 34.9857 41.7612 27.8568 32.8024 34.2053 23.3452      45 49.3964 42.0119 13.1529 56.3649  65.192 52.8015 26.0192      44      30 39.4462 50.3289 19.7231 39.3954 53.1413 30.5287 23.8537 46.6905 58.7282 47.4131 18.0278      36 9.05539 42.4264 18.4391 46.8188 16.0312 41.6773 12.0416 43.0813 27.1662 54.3783       8       0      44   40.05 28.2843      10 52.6118  31.241 49.3964  7.2111 49.5177 49.0306 25.2982       1 43.0465 59.6657 31.9531 36.8782  19.105  32.249
 19.105 65.2993 31.1448 37.9473      17  51.923 13.4164 42.8019 33.2415 36.0555 34.2053 46.0977 22.8035  51.225 20.5913 35.3836 14.2127 31.3847 28.1603 52.8394 37.5899 31.0644 54.7814 49.0102 32.0624 51.9711 62.2254 26.9072 41.6173 39.5601 28.7924 17.8885  56.356 24.0832 36.8917 58.4123 40.0125 22.0907 48.4665 56.8507 43.9318 33.1059 43.8634      16 28.0179 22.4722  37.108 16.4924 49.0918 48.3839      36      44       0 4.47214  31.241 36.4966 63.2456 33.9411 26.0768 48.3735 34.9285 58.8218 43.2666 44.0114 2.23607 46.3897 17.8045 34.4093 25.0799  39.598
     15 61.2209 27.0185 33.5261 15.5242 49.0306  10.198  38.833 30.4138 34.0588 29.8329 41.7732  18.868 47.2017 16.1245  31.241 9.89949 26.9258  25.318 49.1935 34.0147      27 51.5461 47.0956 30.0666 47.5079      58 22.6274 37.7359 36.6742 24.3516 14.5602 52.8015  19.799   32.45 54.4059 38.1182 20.0998 44.0114 52.4976 39.6232 29.7321 39.3954 14.5602 24.0208 19.4165 32.7567      14 44.6542 45.3542 32.0624   40.05 4.47214       0 26.9072  32.249 59.3633 29.7321 24.0832 44.1814  32.249 54.9181  38.833 40.0125       3 44.0454 13.4536 30.5287      21 35.3836
18.6815 34.9857 4.24264 14.4222 24.1868 31.6228 19.6977 14.1421 19.2094 27.2029 14.2127 14.8661  10.198 21.5407 11.6619       6 17.0294       5 17.4642 26.0768 14.3178 19.3132  31.257 37.0135 25.0599 21.8403  31.241 4.47214      14 22.2036 10.4403 16.4924 30.0666  7.2111       7 28.6356 30.4795 22.0907  21.095 25.6125 21.9545 14.1421 16.1245 24.3311 19.4165 16.0312 16.2788 20.3961 18.3848 27.5136 23.3238 28.2843  31.241 26.9072       0 18.4391  34.176       4 22.8035 27.7849 21.2603 29.7321 12.6491 27.5862 29.2062 31.6228 13.4536 8.94427 18.0278 8.94427
17.4642 44.4072 22.6716       6 37.6431 49.1935 30.5941 29.7321 37.4833 45.3431 4.24264 24.0208 25.0599 34.2345 18.4391 23.3238 25.1794 13.4536      35 41.2311   32.45 6.40312 47.7598 55.4437 42.8019 21.9317  38.833      20 30.4631 40.6079 9.84886 29.7321 45.1221 20.5913 14.8661      40 48.7955 37.5766      15 31.0483 7.61577 32.5576 12.6491 37.3631 9.43398 31.7648       3 33.5261  21.587 45.1774       6      10 36.4966  32.249 18.4391       0      46 21.6333 39.4462      12  39.598 42.0476      18 9.43398 35.2278      50  22.561 27.2029 11.7047 23.4094
 52.811 6.32456 32.6497      40 50.2096 22.0907      50 20.5913 33.6006 37.5766 43.1045 22.0227 40.4969 12.6491 45.6946 28.6356 49.7393  37.108 37.5366 11.6619 26.1725 50.2494 16.0312 35.1283 39.4462 27.5136 11.3137 37.5766 21.6333 28.6531 42.9535  45.607  10.198 40.2492 32.3883       6      37 45.3431  35.171 17.8885  43.566 31.1127 34.2345 50.9117 51.6236 41.7732      43 48.1664 25.4951 21.8403      52 52.6118 63.2456 59.3633  34.176      46       0 30.4631 42.8019 47.5395 33.2866 4.47214      28 51.6236 61.0328 30.5941 46.5296 28.8444 51.1957 25.2982
 22.561 31.6228 3.16228 16.9706      25 27.8568 21.6333  10.198      17 25.0599 17.4929   12.53 11.6619 17.8885 15.2315       2 19.8494   8.544 16.2788 22.0907 10.8167 23.0868 27.2947 33.9706 23.4094  21.095 28.2843  7.2111      10  19.105 14.3178 17.8885 26.0768      10 8.06226 25.0599 28.0179 22.0907 21.8403 23.3238 24.2074 11.6619  17.088 25.2982 23.3452 16.2788 19.2094 21.5407 17.2627 23.7697 26.8328  31.241 33.9411 29.7321       4 21.6333 30.4631       0 22.0907      30  18.868      26      12 30.4795 31.8277 28.4253 16.4012 5.65685 22.0227 5.65685
29.4109 46.6476 19.2354 36.7696 9.21954 26.8328 14.5602 25.2982 9.21954      10 35.3553 33.2415 14.4222 33.1059 22.6274      22 19.2354 26.9258 6.08276  31.241 17.4642 37.6431 30.8058 23.0217       6      43 45.6946 19.6977 23.4094      15 29.6816 11.6619 33.9411  18.868 29.6142 39.4462 14.0357       4 43.7379 43.1741 44.3847 12.6491  38.833  10.198 36.0694 7.81025 38.0132  10.198 39.0128 23.8537 42.8019 49.3964 26.0768 24.0832 22.8035 39.4462 42.8019 22.0907       0 50.1597      10  38.833 34.0588 48.8774 24.0208 20.3961 19.2094 18.1108 33.2415 26.0768
29.2746 44.4072 31.9061 13.4164 49.2443 55.6058 42.4264  35.609 46.8722 54.9181 15.2971 27.2947 36.0555 37.5766 30.2655  31.241 37.1214 23.2594 45.1774 45.6508 40.3609 17.4642      53 63.7024 52.8394 20.2237 38.2099 30.4631 36.8782 48.9183 21.3776 41.2311 49.1935 31.6228 22.0227 41.7612 58.0086 48.7032 12.3693 30.2655 5.83095 41.6173 14.4222 49.0306 20.6155   42.72 12.3693 45.1221 22.1359 51.8556 13.4164  7.2111 48.3735 44.1814 27.7849      12 47.5395      30 50.1597       0 48.8262 44.2719 21.6333 6.40312 47.1699      58 34.3657  35.609 23.3452 29.7321
33.8378 37.5766 17.0294  35.609 18.7883  17.088 22.0907      18 2.23607 6.32456 35.3553 27.2947  17.088 24.7386      26 17.8885 25.1794 26.1725       7 21.6333 10.0499 39.4081 20.8087 16.5529 6.32456  37.855 37.3631      20      16       5 30.6105      18 24.0832 20.5913 26.9258 30.4631 9.21954 13.4164 40.3113 36.0555 43.0116  7.2111 35.7771 19.6977 38.5876      13 37.5366 18.4391 33.7343 13.8924 44.0454 49.5177 34.9285  32.249 21.2603  39.598 33.2866  18.868      10 48.8262       0 29.5296 29.7321 48.8365 32.7567 12.1655 23.7697 13.4164 36.2353 20.8806
48.3839 8.24621  28.178 36.0555 46.0109 20.0998  45.607 16.1245 29.6816  34.176 39.0128 18.0278 36.0555 8.24621 41.2311 24.1661 45.2769 32.7567 33.4215 8.24621 21.9317 46.0977 14.3178 33.0151 35.7771 24.5967 10.7703 33.1059 17.2047 25.0799 38.6394 41.2311 8.24621 35.7771 28.1603 2.82843 33.9559 41.2311 31.9531 15.6205  40.025 26.9072 30.5941 46.6905 47.3814 37.4833 39.0512 43.8634 22.1359  19.105 48.0416 49.0306 58.8218 54.9181 29.7321 42.0476 4.47214      26  38.833 44.2719 29.5296       0 24.0832 48.0521 56.6127 28.0713 42.0595 24.4131 46.8722 20.8806
27.8029 26.6833 15.0333      12 36.6742 34.0588  32.311 14.1421 28.1603 36.0555 15.2971 6.08276 22.8035 16.4924 22.8035 12.1655 29.1548 12.0416 28.1603 24.1661 20.1246  22.561 31.3847 43.0116 34.9285 9.21954 21.5407  17.088 15.6205 28.6531 16.6433 29.1204 27.8568 19.6977 6.40312      22 38.4838 34.0588 10.8167 14.4222 16.5529 22.8035  7.2111 36.8782 24.3516 28.1603      15 32.9848 5.83095 30.4138      24 25.2982 43.2666  38.833 12.6491      18      28      12 34.0588 21.6333 29.7321 24.0832       0 24.3516 41.3401 37.2022 25.5539 16.4924 24.5967 8.94427
  25.02 49.0408 31.8277 13.6015 46.8188 57.4543 39.5601 37.5899 46.7547 54.6717 13.6015 30.3645 34.4819 40.8044 27.5136 32.0156 33.9559 22.6716 44.4072 48.4665 41.2311 13.0384 55.4617 64.4438 52.2015   25.02      43 29.4109 38.5876 49.5782 19.2354      39 52.2015 30.0167 23.0217 45.7056 58.0517 46.9574 17.0294      35 8.06226 41.7253 17.4642 46.4866      16 41.1825 11.3137   42.72 26.1725  53.535 8.06226       1 44.0114 40.0125 27.5862 9.43398 51.6236 30.4795 48.8774 6.40312 48.8365 48.0521 24.3516       0 43.0116 58.8982 31.6228 36.1248 19.0263 31.3847
     18 63.1269      29 36.4005 15.0333 49.7293 11.1803 40.6079 31.0483 34.0147 32.7567 44.0454 20.6155 49.0408 18.7883 33.2415 12.2066 29.5296 25.9615 50.6063 35.3553      30 52.5547      47 30.0167 50.1199 60.1082 24.8395 39.4081 37.3631 27.2029 15.6525 54.1202 22.0227 34.9857 56.2228      38  20.025 46.8188 54.8179 42.5793 30.8707 42.1545 14.0357 27.0185 20.2485 35.6931 14.3178 47.1699 46.1736 35.0571 43.0465 2.23607       3 29.2062 35.2278 61.0328 31.8277 24.0208 47.1699 32.7567 56.6127 41.3401 43.0116       0 44.2832 15.8114 32.2025      24 37.4833
45.8803 36.2215 27.4591 45.3431 29.6142 8.94427      34 23.3238 14.3178 10.7703 45.8039  33.121 29.1204 26.6833 37.9473 26.9072 37.3363 36.6197  19.105      20 17.6918 50.6063 14.8661 5.83095 14.5602 43.8292 38.0526  31.305 21.6333 9.43398 41.6773 30.0666 20.3961  32.311 36.0694      30 7.81025 24.3311 48.0104 39.2938 52.3259 17.8885 44.0454 30.5941 50.0899 25.0799  47.634 30.0666 39.8246       9 54.9181 59.6657 46.3897 44.0454 31.6228      50 30.5941 28.4253 20.3961      58 12.1655 28.0713 37.2022 58.8982 44.2832       0 35.9026 22.8035  47.927 28.4253
10.2956 48.0104 13.8924 22.0227 15.2315      39 8.06226 25.9422  21.587 27.7308  19.105 28.3196       7 34.1321 4.12311 18.0278 3.60555 13.9284  17.088      37 22.3607 19.2354 40.4475 40.1622 24.1868 34.4384 44.5982 9.21954 25.0799 27.1662 13.0384 7.81025 40.8044 6.40312 19.2354 41.3401 31.7805 16.2788 31.7805 39.0512 29.0689      19 26.9258 14.8661 17.2047 11.6619 22.0907 11.1803 31.3847 35.0143 24.5967 31.9531 17.8045 13.4536 13.4536  22.561 46.5296 16.4012 19.2094 34.3657 23.7697 42.0595 25.5539 31.6228 15.8114 35.9026       0 18.0278 14.2127 22.0227
26.0192 31.1127 5.09902 22.6274 22.8254 22.8035 21.2603 8.48528 11.7047 19.6977 23.0217 15.1327 11.6619 16.9706 18.1108 4.47214 21.0238 13.8924 12.0416 18.9737 5.38516 28.2312      23 28.3196 18.4391 25.0799 28.8444      10  7.2111 13.4536 19.3132 16.9706 22.8035 12.1655 13.6015 24.0832 22.4722 18.9737 26.9258 25.2982 29.8329 6.32456 22.3607 23.3238 28.1603 13.8924 24.8395      20 21.0238 18.6815  32.249 36.8782 34.4093 30.5287 8.94427 27.2029 28.8444 5.65685 18.1108  35.609 13.4164 24.4131 16.4924 36.1248 32.2025 22.8035 18.0278       0 26.4764       8
      6 50.9215 21.3776 14.8661 29.1548 49.2443 21.4709 32.0156      34 41.0488 10.6301 29.7321 19.4165 38.6394 10.6301 24.0208 15.6525 14.1421 30.2324 44.0114 31.7805       6 49.2544 52.7731 37.8021  31.241 46.0977 16.7631 32.0156 38.6264 8.24621 22.0227 48.0104 15.6525 18.9737 45.3542 44.9444 30.4795 25.6125 38.9487 19.3132 30.0832 21.9317 28.6531 3.16228 25.4951 13.0384 25.2389 29.6816 45.1221 11.1803  19.105 25.0799      21 18.0278 11.7047 51.1957 22.0227 33.2415 23.3452 36.2353 46.8722 24.5967 19.0263      24  47.927 14.2127 26.4764       0 26.1725
27.5136 26.0768 8.60233 17.8885 30.0832 26.0768 27.2029 6.32456 19.4165 27.2029 19.6469 7.28011 17.2047 12.6491 20.5913 4.47214 25.4951 12.0416  20.025 18.1108 11.1803 26.1725 24.3516 34.2053 26.3059 17.1172 22.6274 12.8062  7.2111 19.7231 18.0278 23.3238 22.0907 15.6205   8.544 19.6977 29.5466 26.6833 19.7231 17.8885 24.2074 14.1421 15.6205 30.4631      27 21.1896 20.6155 26.8328 13.0384 22.2036 29.1204  32.249  39.598 35.3836 8.94427 23.4094 25.2982 5.65685 26.0768 29.7321 20.8806 20.8806 8.94427 31.3847 37.4833 28.4253 22.0227       8 26.1725       0

