      0 53.2259  21.095 19.7231 24.2074 15.6525  32.249 16.7631 40.1622 8.06226 24.5153 10.6301 16.1245  27.313 44.5533 31.0161      12 47.0106 42.9535 34.4819 35.3836 48.8774 16.0312 33.8378 48.3839 27.8029 22.0907      15
53.2259       0 34.2053 38.4708 53.4135 41.9762 21.1896 42.5206 14.1421 46.6476      30 51.4004 37.1618 41.0488 16.4924 29.4109 49.2443 22.0227 32.5576 43.8634 24.1868 6.32456  38.833 37.5766 8.24621 26.6833 46.0109 61.2209
 21.095 34.2053       0 18.6011 21.8403 18.4391 15.6525 8.60233 20.2485 13.3417 4.24264 17.2047 9.21954 13.6015 23.5372 10.4403 23.2594 26.0192 23.7065 21.0238 24.1868 31.1448 5.09902 17.0294  28.178 15.0333 27.5862 27.0185
19.7231 38.4708 18.6011       0 36.3456 4.24264 18.0278 22.8035 28.2843 18.1108 18.4391 25.1794 9.84886 31.7648 35.4401 27.6586 11.1803 40.3113 41.2311 39.4462 16.6433 32.9848  17.088  35.609 36.0555      12 9.43398 33.5261
24.2074 53.4135 21.8403 36.3456       0 33.9559 37.3363 14.0357 39.4081 19.3132  25.632 13.6015 27.0185 12.8062 38.9487 24.0832 34.4384 37.7359 28.7924 15.1327 45.8912 51.6236  20.025 18.7883 46.0109 36.6742 43.0116 15.5242
15.6525 41.9762 18.4391 4.24264 33.9559       0  21.095 21.0238 31.0161 15.0333 19.2354      22 9.21954 30.8058 37.6563 28.3019 7.28011 42.0595 41.8808 38.6005 20.8087 36.6879 15.8114 35.3553 39.0128 15.2971 9.43398 29.8329
 32.249 21.1896 15.6525 18.0278 37.3363  21.095       0 24.1868 10.4403 26.2488 11.7047 31.8904 16.1245 27.1662 18.3576 17.2627 28.2843 24.2074 28.6531 33.0606 10.7703 16.6433 19.2094 27.2947 18.0278 6.08276 26.6833 41.7732
16.7631 42.5206 8.60233 22.8035 14.0357 21.0238 24.1868       0 28.4253 8.94427 12.8062 9.48683 13.1529 10.8167 30.4631 15.5242 23.3452 31.5753 26.3059 18.4391 32.0156 39.6989       6  17.088 36.0555 22.8035 30.4138  18.868
40.1622 14.1421 20.2485 28.2843 39.4081 31.0161 10.4403 28.4253       0 33.1059 16.1245 37.4433 24.5153 27.2947 8.48528 15.6525 38.0132      15 22.3607 31.0483  19.105 12.6491 25.0599 24.7386 8.24621 16.4924  37.108 47.2017
8.06226 46.6476 13.3417 18.1108 19.3132 15.0333 26.2488 8.94427 33.1059       0  17.088 7.07107 10.8167 19.7231 36.8782      23 15.2643 39.0512 34.9285 27.2029 31.3847 42.8019 8.24621      26 41.2311 22.8035 23.7697 16.1245
24.5153      30 4.24264 18.4391  25.632 19.2354 11.7047 12.8062 16.1245  17.088       0 21.4009 10.4403 16.0312 20.0998 9.21954      25 23.3452 22.8035 22.8035      21 26.9072 8.94427 17.8885 24.1661 12.1655 27.8029  31.241
10.6301 51.4004 17.2047 25.1794 13.6015      22 31.8904 9.48683 37.4433 7.07107 21.4009       0 17.4642 18.2483 39.9249      25 21.1896      41 35.0143 24.6982 38.0132 48.1041 12.7279 25.1794 45.2769 29.1548 30.4138 9.89949
16.1245 37.1618 9.21954 9.84886 27.0185 9.21954 16.1245 13.1529 24.5153 10.8167 10.4403 17.4642       0 21.9545 30.0167 19.2354 14.5602 33.7343 32.7567 29.6816 20.5913 32.7567 7.28011 26.1725 32.7567 12.0416 18.4391 26.9258
 27.313 41.0488 13.6015 31.7648 12.8062 30.8058 27.1662 10.8167 27.2947 19.7231 16.0312 18.2483 21.9545       0 26.1725 11.6619 33.9706 25.0599 17.1172 7.81025 37.0135 39.8121      15       7 33.4215 28.1603 40.2244  25.318
44.5533 16.4924 23.5372 35.4401 38.9487 37.6563 18.3576 30.4631 8.48528 36.8782 20.0998 39.9249 30.0167 26.1725       0 15.2643 44.2832  6.7082 16.1245 27.7849 27.5862 18.1108 28.6356 21.6333 8.24621 24.1661 44.5982 49.1935
31.0161 29.4109 10.4403 27.6586 24.0832 28.3019 17.2627 15.5242 15.6525      23 9.21954      25 19.2354 11.6619 15.2643       0 33.6155 16.1245 13.6015 16.0312 27.8927 28.2312 15.1327 10.0499 21.9317 20.1246 37.0135 34.0147
     12 49.2443 23.2594 11.1803 34.4384 7.28011 28.2843 23.3452 38.0132 15.2643      25 21.1896 14.5602 33.9706 44.2832 33.6155       0 48.2701 46.9574 41.7253 27.7849 43.9659 19.4165 39.4081 46.0977  22.561  10.198      27
47.0106 22.0227 26.0192 40.3113 37.7359 42.0595 24.2074 31.5753      15 39.0512 23.3452      41 33.7343 25.0599  6.7082 16.1245 48.2701       0 11.1803 24.7588 33.9706 24.5153      31 19.2094 14.0357 29.6816 49.6588 49.6488
42.9535 32.5576 23.7065 41.2311 28.7924 41.8808 28.6531 26.3059 22.3607 34.9285 22.8035 35.0143 32.7567 17.1172 16.1245 13.6015 46.9574 11.1803       0 14.4222 39.3573      34 27.8568  10.198 24.3311 32.8024 50.6063 42.4264
34.4819 43.8634 21.0238 39.4462 15.1327 38.6005 33.0606 18.4391 31.0483 27.2029 22.8035 24.6982 29.6816 7.81025 27.7849 16.0312 41.7253 24.7588 14.4222       0 43.4166 43.6807 22.8035 6.32456 35.7771 34.9285 48.0104 30.0666
35.3836 24.1868 24.1868 16.6433 45.8912 20.8087 10.7703 32.0156  19.105 31.3847      21 38.0132 20.5913 37.0135 27.5862 27.8927 27.7849 33.9706 39.3573 43.4166       0 18.0278 26.2488  37.855 24.5967 9.21954 22.3607 47.5079
48.8774 6.32456 31.1448 32.9848 51.6236 36.6879 16.6433 39.6989 12.6491 42.8019 26.9072 48.1041 32.7567 39.8121 18.1108 28.2312 43.9659 24.5153      34 43.6807 18.0278       0 35.3836 37.3631 10.7703 21.5407 40.1123      58
16.0312  38.833 5.09902  17.088  20.025 15.8114 19.2094       6 25.0599 8.24621 8.94427 12.7279 7.28011      15 28.6356 15.1327 19.4165      31 27.8568 22.8035 26.2488 35.3836       0      20 33.1059  17.088 25.2389 22.6274
33.8378 37.5766 17.0294  35.609 18.7883 35.3553 27.2947  17.088 24.7386      26 17.8885 25.1794 26.1725       7 21.6333 10.0499 39.4081 19.2094  10.198 6.32456  37.855 37.3631      20       0 29.5296 29.7321 44.5982  32.249
48.3839 8.24621  28.178 36.0555 46.0109 39.0128 18.0278 36.0555 8.24621 41.2311 24.1661 45.2769 32.7567 33.4215 8.24621 21.9317 46.0977 14.0357 24.3311 35.7771 24.5967 10.7703 33.1059 29.5296       0 24.0832 44.5533 54.9181
27.8029 26.6833 15.0333      12 36.6742 15.2971 6.08276 22.8035 16.4924 22.8035 12.1655 29.1548 12.0416 28.1603 24.1661 20.1246  22.561 29.6816 32.8024 34.9285 9.21954 21.5407  17.088 29.7321 24.0832       0 20.6155  38.833
22.0907 46.0109 27.5862 9.43398 43.0116 9.43398 26.6833 30.4138  37.108 23.7697 27.8029 30.4138 18.4391 40.2244 44.5982 37.0135  10.198 49.6588 50.6063 48.0104 22.3607 40.1123 25.2389 44.5982 44.5533 20.6155       0  37.054
     15 61.2209 27.0185 33.5261 15.5242 29.8329 41.7732  18.868 47.2017 16.1245  31.241 9.89949 26.9258  25.318 49.1935 34.0147      27 49.6488 42.4264 30.0666 47.5079      58 22.6274  32.249 54.9181  38.833  37.054       0

