      0 53.2259  21.095 19.7231 24.2074 15.6525  32.249 16.7631 40.1622 8.06226 24.5153 10.6301 16.1245  27.313 44.5533 31.0161      12 49.0102 50.3289 34.4819 35.3836 48.8774 16.0312 32.3883 36.8782 11.3137 17.8045 48.5077 14.0357 21.6333 47.1699 42.0476 26.2488 30.5287 42.2019 33.8378 48.3839 27.8029   25.02      18
53.2259       0 34.2053 38.4708 53.4135 41.9762 21.1896 42.5206 14.1421 46.6476      30 51.4004 37.1618 41.0488 16.4924 29.4109 49.2443 22.0227 41.0122 43.8634 24.1868 6.32456  38.833 24.0832 33.2415   42.72 48.0833      16 41.6173 31.9531  7.2111 42.2019 48.8262 32.1403 14.1421 37.5766 8.24621 26.6833 49.0408 63.1269
 21.095 34.2053       0 18.6011 21.8403 18.4391 15.6525 8.60233 20.2485 13.3417 4.24264 17.2047 9.21954 13.6015 23.5372 10.4403 23.2594 28.0179 32.8024 21.0238 24.1868 31.1448 5.09902 11.4018 18.0278 14.3178 14.7648 27.4591 7.61577 10.4403 27.4591 26.2488 19.0263 24.5153 26.4197 17.0294  28.178 15.0333 31.8277      29
19.7231 38.4708 18.6011       0 36.3456 4.24264 18.0278 22.8035 28.2843 18.1108 18.4391 25.1794 9.84886 31.7648 35.4401 27.6586 11.1803 42.1545 50.9313 39.4462 16.6433 32.9848  17.088 25.0599 36.0694 9.21954 28.2843 39.2938 18.4391 9.43398      34 44.8219 35.4401 10.8167 25.2982  35.609 36.0555      12 13.6015 36.4005
24.2074 53.4135 21.8403 36.3456       0 33.9559 37.3363 14.0357 39.4081 19.3132  25.632 13.6015 27.0185 12.8062 38.9487 24.0832 34.4384 39.4462 32.0156 15.1327 45.8912 51.6236  20.025 29.4109 23.7065 27.8927 8.06226 42.0119 18.0278 31.1448 46.2277 23.0217 5.38516 45.0111  47.927 18.7883 46.0109 36.6742 46.8188 15.0333
15.6525 41.9762 18.4391 4.24264 33.9559       0  21.095 21.0238 31.0161 15.0333 19.2354      22 9.21954 30.8058 37.6563 28.3019 7.28011 43.9659  51.225 38.6005 20.8087 36.6879 15.8114 26.5707 36.4005 6.08276 25.9615 41.5933 16.5529 11.1803 37.1214 44.5533 33.6155      15 29.1548 35.3553 39.0128 15.2971 13.6015 32.7567
 32.249 21.1896 15.6525 18.0278 37.3363  21.095       0 24.1868 10.4403 26.2488 11.7047 31.8904 16.1245 27.1662 18.3576 17.2627 28.2843  25.807 38.9487 33.0606 10.7703 16.6433 19.2094 11.7047 25.2982 21.5407 30.4138 21.9317 22.0227 10.7703 16.0312 35.4401 33.9559 15.6205 10.8167 27.2947 18.0278 6.08276 30.3645 44.0454
16.7631 42.5206 8.60233 22.8035 14.0357 21.0238 24.1868       0 28.4253 8.94427 12.8062 9.48683 13.1529 10.8167 30.4631 15.5242 23.3452  33.541 33.6155 18.4391 32.0156 39.6989       6  18.868 20.2237 15.2643 6.32456  34.176 4.47214 17.1172  35.609 25.5539 12.6491      31 34.9857  17.088 36.0555 22.8035 34.4819 20.6155
40.1622 14.1421 20.2485 28.2843 39.4081 31.0161 10.4403 28.4253       0 33.1059 16.1245 37.4433 24.5153 27.2947 8.48528 15.6525 38.0132 16.2788   32.28 31.0483  19.105 12.6491 25.0599      10  21.095 30.4138 33.9411 11.6619 27.7849  20.025  7.2111      31 34.9857 25.5539 12.6491 24.7386 8.24621 16.4924 40.8044 49.0408
8.06226 46.6476 13.3417 18.1108 19.3132 15.0333 26.2488 8.94427 33.1059       0  17.088 7.07107 10.8167 19.7231 36.8782      23 15.2643 41.0488 42.5441 27.2029 31.3847 42.8019 8.24621 24.7386 28.8617       9 11.6619 40.7922       6 16.4012 40.2492 34.4819      20 28.1603 36.7696      26 41.2311 22.8035 27.5136 18.7883
24.5153      30 4.24264 18.4391  25.632 19.2354 11.7047 12.8062 16.1245  17.088       0 21.4009 10.4403 16.0312 20.0998 9.21954      25  25.318 32.5269 22.8035      21 26.9072 8.94427       8 17.6918 16.2788  18.868 24.0832 11.6619 9.21954 23.3238 26.9258 22.3607 22.4722 22.3607 17.8885 24.1661 12.1655 32.0156 33.2415
10.6301 51.4004 17.2047 25.1794 13.6015      22 31.8904 9.48683 37.4433 7.07107 21.4009       0 17.4642 18.2483 39.9249      25 21.1896 42.9535 41.2311 24.6982 38.0132 48.1041 12.7279  28.178      29 16.0312 7.61577 43.6578 9.89949 22.8254 44.6542  32.573 15.8114  35.171  42.638 25.1794 45.2769 29.1548 33.9559 12.2066
16.1245 37.1618 9.21954 9.84886 27.0185 9.21954 16.1245 13.1529 24.5153 10.8167 10.4403 17.4642       0 21.9545 30.0167 19.2354 14.5602 35.6931 42.0119 29.6816 20.5913 32.7567 7.28011 18.2483 27.2029       6      19 34.0147       9 5.65685 31.3209 35.3836 25.7099 18.1108 26.2488 26.1725 32.7567 12.0416 22.6716 29.5296
 27.313 41.0488 13.6015 31.7648 12.8062 30.8058 27.1662 10.8167 27.2947 19.7231 16.0312 18.2483 21.9545       0 26.1725 11.6619 33.9706 26.8328 23.0868 7.81025 37.0135 39.8121      15 17.4642 11.4018 25.4951      11 29.2062 14.8661 24.0416 33.8378 14.7648 7.81025 38.0789  37.108       7 33.4215 28.1603 44.4072 25.9615
44.5533 16.4924 23.5372 35.4401 38.9487 37.6563 18.3576 30.4631 8.48528 36.8782 20.0998 39.9249 30.0167 26.1725       0 15.2643 44.2832 7.81025 25.1794 27.7849 27.5862 18.1108 28.6356 12.1655      17 36.0139 34.9857       4 31.0483 26.4764      10 25.7099 33.9411 33.8378 20.5913 21.6333 8.24621 24.1661 48.4665 50.6063
31.0161 29.4109 10.4403 27.6586 24.0832 28.3019 17.2627 15.5242 15.6525      23 9.21954      25 19.2354 11.6619 15.2643       0 33.6155 18.1108 23.3452 16.0312 27.8927 28.2312 15.1327 6.08276 8.60233 24.6982 19.7231 18.7883      17 18.3848 22.2036 18.3848 19.4165 30.8869 26.1725 10.0499 21.9317 20.1246 41.2311 35.3553
     12 49.2443 23.2594 11.1803 34.4384 7.28011 28.2843 23.3452 38.0132 15.2643      25 21.1896 14.5602 33.9706 44.2832 33.6155       0 50.2195 55.7584 41.7253 27.7849 43.9659 19.4165 32.7567 41.1825 8.94427 26.9258 48.2597  19.105      18 44.2832 48.4149 35.2278 21.2603 36.4005 39.4081 46.0977  22.561 13.0384      30
49.0102 22.0227 28.0179 42.1545 39.4462 43.9659  25.807  33.541 16.2788 41.0488  25.318 42.9535 35.6931 26.8328 7.81025 18.1108 50.2195       0  19.105 26.1725 35.3553      25      33 17.4642 15.8114 41.5933      37 6.08276 35.0571 32.8938 16.7631 21.9545 34.1321 41.4005 28.3019 20.8087 14.3178 31.3847 55.4617 52.5547
50.3289 41.0122 32.8024 50.9313 32.0156  51.225 38.9487 33.6155   32.28 42.5441 32.5269 41.2311 42.0119 23.0868 25.1794 23.3452 55.7584  19.105       0 17.0294 49.6488 43.2897 36.3593 27.4591 14.8661 46.8722 33.7343   25.02 37.1214 41.7253 35.1283       9 27.0185 53.8238 44.9222 16.5529 33.0151 43.0116 64.4438      47
34.4819 43.8634 21.0238 39.4462 15.1327 38.6005 33.0606 18.4391 31.0483 27.2029 22.8035 24.6982 29.6816 7.81025 27.7849 16.0312 41.7253 26.1725 17.0294       0 43.4166 43.6807 22.8035 22.0907 10.8167 33.3017  17.088      30 22.6274 31.3847 36.7696 8.06226      10 45.2217   42.19 6.32456 35.7771 34.9285 52.2015 30.0167
35.3836 24.1868 24.1868 16.6433 45.8912 20.8087 10.7703 32.0156  19.105 31.3847      21 38.0132 20.5913 37.0135 27.5862 27.8927 27.7849 35.3553 49.6488 43.4166       0 18.0278 26.2488 22.4722 36.0555 24.0832 38.3275 30.6105 28.7924 15.2315 21.9317 46.1736 43.1856       8 10.0499  37.855 24.5967 9.21954   25.02 50.1199
48.8774 6.32456 31.1448 32.9848 51.6236 36.6879 16.6433 39.6989 12.6491 42.8019 26.9072 48.1041 32.7567 39.8121 18.1108 28.2312 43.9659      25 43.2897 43.6807 18.0278       0 35.3836 22.3607  33.541 38.0132  45.607 18.9737 38.2099 27.2947 8.24621 43.1856 47.4131 26.0192       8 37.3631 10.7703 21.5407      43 60.1082
16.0312  38.833 5.09902  17.088  20.025 15.8114 19.2094       6 25.0599 8.24621 8.94427 12.7279 7.28011      15 28.6356 15.1327 19.4165      33 36.3593 22.8035 26.2488 35.3836       0 16.4924 21.9317 10.6301 12.1655 32.5576 2.82843 11.1803  32.249 29.0689 18.4391      25      30      20 33.1059  17.088 29.4109 24.8395
32.3883 24.0832 11.4018 25.0599 29.4109 26.5707 11.7047  18.868      10 24.7386       8  28.178 18.2483 17.4642 12.1655 6.08276 32.7567 17.4642 27.4591 22.0907 22.4722 22.3607 16.4924       0 13.6015 24.1868 24.0832 16.1245 18.9737 15.6525 16.9706 23.7697 25.0599 26.4008 20.0998      16 17.2047 15.6205 38.5876 39.4081
36.8782 33.2415 18.0278 36.0694 23.7065 36.4005 25.2982 20.2237  21.095 28.8617 17.6918      29 27.2029 11.4018      17 8.60233 41.1825 15.8114 14.8661 10.8167 36.0555  33.541 21.9317 13.6015       0  32.249 22.2036 19.2094 23.0868 26.9072 26.2488  10.198 18.3576 39.4462 33.0606       5 25.0799 28.6531 49.5782 37.3631
11.3137   42.72 14.3178 9.21954 27.8927 6.08276 21.5407 15.2643 30.4138       9 16.2788 16.0312       6 25.4951 36.0139 24.6982 8.94427 41.5933 46.8722 33.3017 24.0832 38.0132 10.6301 24.1868  32.249       0 19.9249 40.0125 10.8167 10.7703  37.108 39.6989 27.7308 19.6977 31.0644 30.6105 38.6394 16.6433 19.2354 27.2029
17.8045 48.0833 14.7648 28.2843 8.06226 25.9615 30.4138 6.32456 33.9411 11.6619  18.868 7.61577      19      11 34.9857 19.7231 26.9258      37 33.7343  17.088 38.3275  45.607 12.1655 24.0832 22.2036 19.9249       0 38.4708      10 23.3452 41.0366      25 8.48528  37.054 41.1825      18 41.2311 29.1204      39 15.6525
48.5077      16 27.4591 39.2938 42.0119 41.5933 21.9317  34.176 11.6619 40.7922 24.0832 43.6578 34.0147 29.2062       4 18.7883 48.2597 6.08276   25.02      30 30.6105 18.9737 32.5576 16.1245 19.2094 40.0125 38.4708       0 34.9285 30.4138 10.7703 26.9258 36.8782 37.2156 22.8035 24.0832 8.24621 27.8568 52.2015 54.1202
14.0357 41.6173 7.61577 18.4391 18.0278 16.5529 22.0227 4.47214 27.7849       6 11.6619 9.89949       9 14.8661 31.0483      17  19.105 35.0571 37.1214 22.6274 28.7924 38.2099 2.82843 18.9737 23.0868 10.8167      10 34.9285       0 13.6015 34.9857 29.4109  17.088  27.074 32.8024 20.5913 35.7771 19.6977 30.0167 22.0227
21.6333 31.9531 10.4403 9.43398 31.1448 11.1803 10.7703 17.1172  20.025 16.4012 9.21954 22.8254 5.65685 24.0416 26.4764 18.3848      18 32.8938 41.7253 31.3847 15.2315 27.2947 11.1803 15.6525 26.9072 10.7703 23.3452 30.4138 13.6015       0 26.4764 36.0555 29.0689 14.1421 20.6155 26.9258 28.1603 6.40312 23.0217 34.9857
47.1699  7.2111 27.4591      34 46.2277 37.1214 16.0312  35.609  7.2111 40.2492 23.3238 44.6542 31.3209 33.8378      10 22.2036 44.2832 16.7631 35.1283 36.7696 21.9317 8.24621  32.249 16.9706 26.2488  37.108 41.0366 10.7703 34.9857 26.4764       0 35.5106 41.6173 29.4109 12.8062 30.4631 2.82843      22 45.7056 56.2228
42.0476 42.2019 26.2488 44.8219 23.0217 44.5533 35.4401 25.5539      31 34.4819 26.9258  32.573 35.3836 14.7648 25.7099 18.3848 48.4149 21.9545       9 8.06226 46.1736 43.1856 29.0689 23.7697  10.198 39.6989      25 26.9258 29.4109 36.0555 35.5106       0 18.0278 49.1935 43.1856 9.21954 33.9559 38.4838 58.0517      38
26.2488 48.8262 19.0263 35.4401 5.38516 33.6155 33.9559 12.6491 34.9857      20 22.3607 15.8114 25.7099 7.81025 33.9411 19.4165 35.2278 34.1321 27.0185      10 43.1856 47.4131 18.4391 25.0599 18.3576 27.7308 8.48528 36.8782  17.088 29.0689 41.6173 18.0278       0 43.1856 44.2719 13.4164 41.2311 34.0588 46.9574  20.025
30.5287 32.1403 24.5153 10.8167 45.0111      15 15.6205      31 25.5539 28.1603 22.4722  35.171 18.1108 38.0789 33.8378 30.8869 21.2603 41.4005 53.8238 45.2217       8 26.0192      25 26.4008 39.4462 19.6977  37.054 37.2156  27.074 14.1421 29.4109 49.1935 43.1856       0 18.0278 40.3113 31.9531 10.8167 17.0294 46.8188
42.2019 14.1421 26.4197 25.2982  47.927 29.1548 10.8167 34.9857 12.6491 36.7696 22.3607  42.638 26.2488  37.108 20.5913 26.1725 36.4005 28.3019 44.9222   42.19 10.0499       8      30 20.0998 33.0606 31.0644 41.1825 22.8035 32.8024 20.6155 12.8062 43.1856 44.2719 18.0278       0 36.0555 15.6205 14.4222      35 54.8179
33.8378 37.5766 17.0294  35.609 18.7883 35.3553 27.2947  17.088 24.7386      26 17.8885 25.1794 26.1725       7 21.6333 10.0499 39.4081 20.8087 16.5529 6.32456  37.855 37.3631      20      16       5 30.6105      18 24.0832 20.5913 26.9258 30.4631 9.21954 13.4164 40.3113 36.0555       0 29.5296 29.7321 48.8365 32.7567
48.3839 8.24621  28.178 36.0555 46.0109 39.0128 18.0278 36.0555 8.24621 41.2311 24.1661 45.2769 32.7567 33.4215 8.24621 21.9317 46.0977 14.3178 33.0151 35.7771 24.5967 10.7703 33.1059 17.2047 25.0799 38.6394 41.2311 8.24621 35.7771 28.1603 2.82843 33.9559 41.2311 31.9531 15.6205 29.5296       0 24.0832 48.0521 56.6127
27.8029 26.6833 15.0333      12 36.6742 15.2971 6.08276 22.8035 16.4924 22.8035 12.1655 29.1548 12.0416 28.1603 24.1661 20.1246  22.561 31.3847 43.0116 34.9285 9.21954 21.5407  17.088 15.6205 28.6531 16.6433 29.1204 27.8568 19.6977 6.40312      22 38.4838 34.0588 10.8167 14.4222 29.7321 24.0832       0 24.3516 41.3401
  25.02 49.0408 31.8277 13.6015 46.8188 13.6015 30.3645 34.4819 40.8044 27.5136 32.0156 33.9559 22.6716 44.4072 48.4665 41.2311 13.0384 55.4617 64.4438 52.2015   25.02      43 29.4109 38.5876 49.5782 19.2354      39 52.2015 30.0167 23.0217 45.7056 58.0517 46.9574 17.0294      35 48.8365 48.0521 24.3516       0 43.0116
     18 63.1269      29 36.4005 15.0333 32.7567 44.0454 20.6155 49.0408 18.7883 33.2415 12.2066 29.5296 25.9615 50.6063 35.3553      30 52.5547      47 30.0167 50.1199 60.1082 24.8395 39.4081 37.3631 27.2029 15.6525 54.1202 22.0227 34.9857 56.2228      38  20.025 46.8188 54.8179 32.7567 56.6127 41.3401 43.0116       0

