     0 53.2259  21.095 19.7231 24.2074 15.6525  32.249 16.7631 40.1622 8.06226 33.8378 48.3839 27.8029   25.02      18
53.2259       0 34.2053 38.4708 53.4135 41.9762 21.1896 42.5206 14.1421 46.6476 37.5766 8.24621 26.6833 49.0408 63.1269
 21.095 34.2053       0 18.6011 21.8403 18.4391 15.6525 8.60233 20.2485 13.3417 17.0294  28.178 15.0333 31.8277      29
19.7231 38.4708 18.6011       0 36.3456 4.24264 18.0278 22.8035 28.2843 18.1108  35.609 36.0555      12 13.6015 36.4005
24.2074 53.4135 21.8403 36.3456       0 33.9559 37.3363 14.0357 39.4081 19.3132 18.7883 46.0109 36.6742 46.8188 15.0333
15.6525 41.9762 18.4391 4.24264 33.9559       0  21.095 21.0238 31.0161 15.0333 35.3553 39.0128 15.2971 13.6015 32.7567
 32.249 21.1896 15.6525 18.0278 37.3363  21.095       0 24.1868 10.4403 26.2488 27.2947 18.0278 6.08276 30.3645 44.0454
16.7631 42.5206 8.60233 22.8035 14.0357 21.0238 24.1868       0 28.4253 8.94427  17.088 36.0555 22.8035 34.4819 20.6155
40.1622 14.1421 20.2485 28.2843 39.4081 31.0161 10.4403 28.4253       0 33.1059 24.7386 8.24621 16.4924 40.8044 49.0408
8.06226 46.6476 13.3417 18.1108 19.3132 15.0333 26.2488 8.94427 33.1059       0      26 41.2311 22.8035 27.5136 18.7883
33.8378 37.5766 17.0294  35.609 18.7883 35.3553 27.2947  17.088 24.7386      26       0 29.5296 29.7321 48.8365 32.7567
48.3839 8.24621  28.178 36.0555 46.0109 39.0128 18.0278 36.0555 8.24621 41.2311 29.5296       0 24.0832 48.0521 56.6127
27.8029 26.6833 15.0333      12 36.6742 15.2971 6.08276 22.8035 16.4924 22.8035 29.7321 24.0832       0 24.3516 41.3401
  25.02 49.0408 31.8277 13.6015 46.8188 13.6015 30.3645 34.4819 40.8044 27.5136 48.8365 48.0521 24.3516       0 43.0116
     18 63.1269      29 36.4005 15.0333 32.7567 44.0454 20.6155 49.0408 18.7883 32.7567 56.6127 41.3401 43.0116       0

