      0 53.2259  21.095 19.7231 24.2074 48.2597 15.6525  32.249 16.7631 40.1622 8.06226 24.5153 10.6301 16.1245  27.313 44.5533 31.0161      12 49.0102 50.3289 34.4819 35.3836 48.8774 16.0312 33.8378 48.3839 27.8029   25.02      18 45.8803
53.2259       0 34.2053 38.4708 53.4135      28 41.9762 21.1896 42.5206 14.1421 46.6476      30 51.4004 37.1618 41.0488 16.4924 29.4109 49.2443 22.0227 41.0122 43.8634 24.1868 6.32456  38.833 37.5766 8.24621 26.6833 49.0408 63.1269 36.2215
 21.095 34.2053       0 18.6011 21.8403 27.8927 18.4391 15.6525 8.60233 20.2485 13.3417 4.24264 17.2047 9.21954 13.6015 23.5372 10.4403 23.2594 28.0179 32.8024 21.0238 24.1868 31.1448 5.09902 17.0294  28.178 15.0333 31.8277      29 27.4591
19.7231 38.4708 18.6011       0 36.3456  43.909 4.24264 18.0278 22.8035 28.2843 18.1108 18.4391 25.1794 9.84886 31.7648 35.4401 27.6586 11.1803 42.1545 50.9313 39.4462 16.6433 32.9848  17.088  35.609 36.0555      12 13.6015 36.4005 45.3431
24.2074 53.4135 21.8403 36.3456       0 35.8469 33.9559 37.3363 14.0357 39.4081 19.3132  25.632 13.6015 27.0185 12.8062 38.9487 24.0832 34.4384 39.4462 32.0156 15.1327 45.8912 51.6236  20.025 18.7883 46.0109 36.6742 46.8188 15.0333 29.6142
48.2597      28 27.8927  43.909 35.8469       0 45.1885      29      32 20.5913 40.1995      26 41.1096 36.4005 23.7697 12.6491 17.4642 50.9215 6.08276 13.0384 21.6333 39.2046 30.5941 32.5576  17.088 20.0998 34.0588 57.4543 49.7293 8.94427
15.6525 41.9762 18.4391 4.24264 33.9559 45.1885       0  21.095 21.0238 31.0161 15.0333 19.2354      22 9.21954 30.8058 37.6563 28.3019 7.28011 43.9659  51.225 38.6005 20.8087 36.6879 15.8114 35.3553 39.0128 15.2971 13.6015 32.7567 45.8039
 32.249 21.1896 15.6525 18.0278 37.3363      29  21.095       0 24.1868 10.4403 26.2488 11.7047 31.8904 16.1245 27.1662 18.3576 17.2627 28.2843  25.807 38.9487 33.0606 10.7703 16.6433 19.2094 27.2947 18.0278 6.08276 30.3645 44.0454  33.121
16.7631 42.5206 8.60233 22.8035 14.0357      32 21.0238 24.1868       0 28.4253 8.94427 12.8062 9.48683 13.1529 10.8167 30.4631 15.5242 23.3452  33.541 33.6155 18.4391 32.0156 39.6989       6  17.088 36.0555 22.8035 34.4819 20.6155 29.1204
40.1622 14.1421 20.2485 28.2843 39.4081 20.5913 31.0161 10.4403 28.4253       0 33.1059 16.1245 37.4433 24.5153 27.2947 8.48528 15.6525 38.0132 16.2788   32.28 31.0483  19.105 12.6491 25.0599 24.7386 8.24621 16.4924 40.8044 49.0408 26.6833
8.06226 46.6476 13.3417 18.1108 19.3132 40.1995 15.0333 26.2488 8.94427 33.1059       0  17.088 7.07107 10.8167 19.7231 36.8782      23 15.2643 41.0488 42.5441 27.2029 31.3847 42.8019 8.24621      26 41.2311 22.8035 27.5136 18.7883 37.9473
24.5153      30 4.24264 18.4391  25.632      26 19.2354 11.7047 12.8062 16.1245  17.088       0 21.4009 10.4403 16.0312 20.0998 9.21954      25  25.318 32.5269 22.8035      21 26.9072 8.94427 17.8885 24.1661 12.1655 32.0156 33.2415 26.9072
10.6301 51.4004 17.2047 25.1794 13.6015 41.1096      22 31.8904 9.48683 37.4433 7.07107 21.4009       0 17.4642 18.2483 39.9249      25 21.1896 42.9535 41.2311 24.6982 38.0132 48.1041 12.7279 25.1794 45.2769 29.1548 33.9559 12.2066 37.3363
16.1245 37.1618 9.21954 9.84886 27.0185 36.4005 9.21954 16.1245 13.1529 24.5153 10.8167 10.4403 17.4642       0 21.9545 30.0167 19.2354 14.5602 35.6931 42.0119 29.6816 20.5913 32.7567 7.28011 26.1725 32.7567 12.0416 22.6716 29.5296 36.6197
 27.313 41.0488 13.6015 31.7648 12.8062 23.7697 30.8058 27.1662 10.8167 27.2947 19.7231 16.0312 18.2483 21.9545       0 26.1725 11.6619 33.9706 26.8328 23.0868 7.81025 37.0135 39.8121      15       7 33.4215 28.1603 44.4072 25.9615  19.105
44.5533 16.4924 23.5372 35.4401 38.9487 12.6491 37.6563 18.3576 30.4631 8.48528 36.8782 20.0998 39.9249 30.0167 26.1725       0 15.2643 44.2832 7.81025 25.1794 27.7849 27.5862 18.1108 28.6356 21.6333 8.24621 24.1661 48.4665 50.6063      20
31.0161 29.4109 10.4403 27.6586 24.0832 17.4642 28.3019 17.2627 15.5242 15.6525      23 9.21954      25 19.2354 11.6619 15.2643       0 33.6155 18.1108 23.3452 16.0312 27.8927 28.2312 15.1327 10.0499 21.9317 20.1246 41.2311 35.3553 17.6918
     12 49.2443 23.2594 11.1803 34.4384 50.9215 7.28011 28.2843 23.3452 38.0132 15.2643      25 21.1896 14.5602 33.9706 44.2832 33.6155       0 50.2195 55.7584 41.7253 27.7849 43.9659 19.4165 39.4081 46.0977  22.561 13.0384      30 50.6063
49.0102 22.0227 28.0179 42.1545 39.4462 6.08276 43.9659  25.807  33.541 16.2788 41.0488  25.318 42.9535 35.6931 26.8328 7.81025 18.1108 50.2195       0  19.105 26.1725 35.3553      25      33 20.8087 14.3178 31.3847 55.4617 52.5547 14.8661
50.3289 41.0122 32.8024 50.9313 32.0156 13.0384  51.225 38.9487 33.6155   32.28 42.5441 32.5269 41.2311 42.0119 23.0868 25.1794 23.3452 55.7584  19.105       0 17.0294 49.6488 43.2897 36.3593 16.5529 33.0151 43.0116 64.4438      47 5.83095
34.4819 43.8634 21.0238 39.4462 15.1327 21.6333 38.6005 33.0606 18.4391 31.0483 27.2029 22.8035 24.6982 29.6816 7.81025 27.7849 16.0312 41.7253 26.1725 17.0294       0 43.4166 43.6807 22.8035 6.32456 35.7771 34.9285 52.2015 30.0167 14.5602
35.3836 24.1868 24.1868 16.6433 45.8912 39.2046 20.8087 10.7703 32.0156  19.105 31.3847      21 38.0132 20.5913 37.0135 27.5862 27.8927 27.7849 35.3553 49.6488 43.4166       0 18.0278 26.2488  37.855 24.5967 9.21954   25.02 50.1199 43.8292
48.8774 6.32456 31.1448 32.9848 51.6236 30.5941 36.6879 16.6433 39.6989 12.6491 42.8019 26.9072 48.1041 32.7567 39.8121 18.1108 28.2312 43.9659      25 43.2897 43.6807 18.0278       0 35.3836 37.3631 10.7703 21.5407      43 60.1082 38.0526
16.0312  38.833 5.09902  17.088  20.025 32.5576 15.8114 19.2094       6 25.0599 8.24621 8.94427 12.7279 7.28011      15 28.6356 15.1327 19.4165      33 36.3593 22.8035 26.2488 35.3836       0      20 33.1059  17.088 29.4109 24.8395  31.305
33.8378 37.5766 17.0294  35.609 18.7883  17.088 35.3553 27.2947  17.088 24.7386      26 17.8885 25.1794 26.1725       7 21.6333 10.0499 39.4081 20.8087 16.5529 6.32456  37.855 37.3631      20       0 29.5296 29.7321 48.8365 32.7567 12.1655
48.3839 8.24621  28.178 36.0555 46.0109 20.0998 39.0128 18.0278 36.0555 8.24621 41.2311 24.1661 45.2769 32.7567 33.4215 8.24621 21.9317 46.0977 14.3178 33.0151 35.7771 24.5967 10.7703 33.1059 29.5296       0 24.0832 48.0521 56.6127 28.0713
27.8029 26.6833 15.0333      12 36.6742 34.0588 15.2971 6.08276 22.8035 16.4924 22.8035 12.1655 29.1548 12.0416 28.1603 24.1661 20.1246  22.561 31.3847 43.0116 34.9285 9.21954 21.5407  17.088 29.7321 24.0832       0 24.3516 41.3401 37.2022
  25.02 49.0408 31.8277 13.6015 46.8188 57.4543 13.6015 30.3645 34.4819 40.8044 27.5136 32.0156 33.9559 22.6716 44.4072 48.4665 41.2311 13.0384 55.4617 64.4438 52.2015   25.02      43 29.4109 48.8365 48.0521 24.3516       0 43.0116 58.8982
     18 63.1269      29 36.4005 15.0333 49.7293 32.7567 44.0454 20.6155 49.0408 18.7883 33.2415 12.2066 29.5296 25.9615 50.6063 35.3553      30 52.5547      47 30.0167 50.1199 60.1082 24.8395 32.7567 56.6127 41.3401 43.0116       0 44.2832
45.8803 36.2215 27.4591 45.3431 29.6142 8.94427 45.8039  33.121 29.1204 26.6833 37.9473 26.9072 37.3363 36.6197  19.105      20 17.6918 50.6063 14.8661 5.83095 14.5602 43.8292 38.0526  31.305 12.1655 28.0713 37.2022 58.8982 44.2832       0


