      0 53.2259  21.095 19.7231 24.2074 48.2597 15.6525  32.249 16.7631 40.1622 8.06226 24.5153 33.8378 48.3839 27.8029   25.02      18 45.8803
53.2259       0 34.2053 38.4708 53.4135      28 41.9762 21.1896 42.5206 14.1421 46.6476      30 37.5766 8.24621 26.6833 49.0408 63.1269 36.2215
 21.095 34.2053       0 18.6011 21.8403 27.8927 18.4391 15.6525 8.60233 20.2485 13.3417 4.24264 17.0294  28.178 15.0333 31.8277      29 27.4591
19.7231 38.4708 18.6011       0 36.3456  43.909 4.24264 18.0278 22.8035 28.2843 18.1108 18.4391  35.609 36.0555      12 13.6015 36.4005 45.3431
24.2074 53.4135 21.8403 36.3456       0 35.8469 33.9559 37.3363 14.0357 39.4081 19.3132  25.632 18.7883 46.0109 36.6742 46.8188 15.0333 29.6142
48.2597      28 27.8927  43.909 35.8469       0 45.1885      29      32 20.5913 40.1995      26  17.088 20.0998 34.0588 57.4543 49.7293 8.94427
15.6525 41.9762 18.4391 4.24264 33.9559 45.1885       0  21.095 21.0238 31.0161 15.0333 19.2354 35.3553 39.0128 15.2971 13.6015 32.7567 45.8039
 32.249 21.1896 15.6525 18.0278 37.3363      29  21.095       0 24.1868 10.4403 26.2488 11.7047 27.2947 18.0278 6.08276 30.3645 44.0454  33.121
16.7631 42.5206 8.60233 22.8035 14.0357      32 21.0238 24.1868       0 28.4253 8.94427 12.8062  17.088 36.0555 22.8035 34.4819 20.6155 29.1204
40.1622 14.1421 20.2485 28.2843 39.4081 20.5913 31.0161 10.4403 28.4253       0 33.1059 16.1245 24.7386 8.24621 16.4924 40.8044 49.0408 26.6833
8.06226 46.6476 13.3417 18.1108 19.3132 40.1995 15.0333 26.2488 8.94427 33.1059       0  17.088      26 41.2311 22.8035 27.5136 18.7883 37.9473
24.5153      30 4.24264 18.4391  25.632      26 19.2354 11.7047 12.8062 16.1245  17.088       0 17.8885 24.1661 12.1655 32.0156 33.2415 26.9072
33.8378 37.5766 17.0294  35.609 18.7883  17.088 35.3553 27.2947  17.088 24.7386      26 17.8885       0 29.5296 29.7321 48.8365 32.7567 12.1655
48.3839 8.24621  28.178 36.0555 46.0109 20.0998 39.0128 18.0278 36.0555 8.24621 41.2311 24.1661 29.5296       0 24.0832 48.0521 56.6127 28.0713
27.8029 26.6833 15.0333      12 36.6742 34.0588 15.2971 6.08276 22.8035 16.4924 22.8035 12.1655 29.7321 24.0832       0 24.3516 41.3401 37.2022
  25.02 49.0408 31.8277 13.6015 46.8188 57.4543 13.6015 30.3645 34.4819 40.8044 27.5136 32.0156 48.8365 48.0521 24.3516       0 43.0116 58.8982
     18 63.1269      29 36.4005 15.0333 49.7293 32.7567 44.0454 20.6155 49.0408 18.7883 33.2415 32.7567 56.6127 41.3401 43.0116       0 44.2832
45.8803 36.2215 27.4591 45.3431 29.6142 8.94427 45.8039  33.121 29.1204 26.6833 37.9473 26.9072 12.1655 28.0713 37.2022 58.8982 44.2832       0

