      0 53.2259  21.095 19.7231 24.2074 48.2597 32.7567 15.6525  32.249 16.7631 40.1622 8.06226 24.5153 10.6301 33.8378 48.3839 27.8029   25.02      18 45.8803 10.2956
53.2259       0 34.2053 38.4708 53.4135      28 22.6274 41.9762 21.1896 42.5206 14.1421 46.6476      30 51.4004 37.5766 8.24621 26.6833 49.0408 63.1269 36.2215 48.0104
 21.095 34.2053       0 18.6011 21.8403 27.8927  12.083 18.4391 15.6525 8.60233 20.2485 13.3417 4.24264 17.2047 17.0294  28.178 15.0333 31.8277      29 27.4591 13.8924
19.7231 38.4708 18.6011       0 36.3456  43.909 24.1661 4.24264 18.0278 22.8035 28.2843 18.1108 18.4391 25.1794  35.609 36.0555      12 13.6015 36.4005 45.3431 22.0227
24.2074 53.4135 21.8403 36.3456       0 35.8469 31.0644 33.9559 37.3363 14.0357 39.4081 19.3132  25.632 13.6015 18.7883 46.0109 36.6742 46.8188 15.0333 29.6142 15.2315
48.2597      28 27.8927  43.909 35.8469       0      20 45.1885      29      32 20.5913 40.1995      26 41.1096  17.088 20.0998 34.0588 57.4543 49.7293 8.94427      39
32.7567 22.6274  12.083 24.1661 31.0644      20       0 25.9615 9.84886      20 8.48528 25.2982 8.24621 29.1548      18 16.1245 14.1421 37.5899 40.6079 23.3238 25.9422
15.6525 41.9762 18.4391 4.24264 33.9559 45.1885 25.9615       0  21.095 21.0238 31.0161 15.0333 19.2354      22 35.3553 39.0128 15.2971 13.6015 32.7567 45.8039  19.105
 32.249 21.1896 15.6525 18.0278 37.3363      29 9.84886  21.095       0 24.1868 10.4403 26.2488 11.7047 31.8904 27.2947 18.0278 6.08276 30.3645 44.0454  33.121 28.3196
16.7631 42.5206 8.60233 22.8035 14.0357      32      20 21.0238 24.1868       0 28.4253 8.94427 12.8062 9.48683  17.088 36.0555 22.8035 34.4819 20.6155 29.1204       7
40.1622 14.1421 20.2485 28.2843 39.4081 20.5913 8.48528 31.0161 10.4403 28.4253       0 33.1059 16.1245 37.4433 24.7386 8.24621 16.4924 40.8044 49.0408 26.6833 34.1321
8.06226 46.6476 13.3417 18.1108 19.3132 40.1995 25.2982 15.0333 26.2488 8.94427 33.1059       0  17.088 7.07107      26 41.2311 22.8035 27.5136 18.7883 37.9473 4.12311
24.5153      30 4.24264 18.4391  25.632      26 8.24621 19.2354 11.7047 12.8062 16.1245  17.088       0 21.4009 17.8885 24.1661 12.1655 32.0156 33.2415 26.9072 18.0278
10.6301 51.4004 17.2047 25.1794 13.6015 41.1096 29.1548      22 31.8904 9.48683 37.4433 7.07107 21.4009       0 25.1794 45.2769 29.1548 33.9559 12.2066 37.3363 3.60555
33.8378 37.5766 17.0294  35.609 18.7883  17.088      18 35.3553 27.2947  17.088 24.7386      26 17.8885 25.1794       0 29.5296 29.7321 48.8365 32.7567 12.1655 23.7697
48.3839 8.24621  28.178 36.0555 46.0109 20.0998 16.1245 39.0128 18.0278 36.0555 8.24621 41.2311 24.1661 45.2769 29.5296       0 24.0832 48.0521 56.6127 28.0713 42.0595
27.8029 26.6833 15.0333      12 36.6742 34.0588 14.1421 15.2971 6.08276 22.8035 16.4924 22.8035 12.1655 29.1548 29.7321 24.0832       0 24.3516 41.3401 37.2022 25.5539
  25.02 49.0408 31.8277 13.6015 46.8188 57.4543 37.5899 13.6015 30.3645 34.4819 40.8044 27.5136 32.0156 33.9559 48.8365 48.0521 24.3516       0 43.0116 58.8982 31.6228
     18 63.1269      29 36.4005 15.0333 49.7293 40.6079 32.7567 44.0454 20.6155 49.0408 18.7883 33.2415 12.2066 32.7567 56.6127 41.3401 43.0116       0 44.2832 15.8114
45.8803 36.2215 27.4591 45.3431 29.6142 8.94427 23.3238 45.8039  33.121 29.1204 26.6833 37.9473 26.9072 37.3363 12.1655 28.0713 37.2022 58.8982 44.2832       0 35.9026
10.2956 48.0104 13.8924 22.0227 15.2315      39 25.9422  19.105 28.3196       7 34.1321 4.12311 18.0278 3.60555 23.7697 42.0595 25.5539 31.6228 15.8114 35.9026       0


