      0 34.7131 27.1662 12.0416 19.2354 24.1661 28.4253 15.8114      25 27.5726      13 21.5407       7 9.21954 14.1421 29.7321 21.9317 7.07107 21.4709 30.2324 32.7567 16.1555 36.2353 18.0278 26.0768 30.0832 27.8029 28.6356 25.4558 21.0238 13.0384 24.0052
34.7131       0 26.0192 22.6716 53.6004 57.6281 45.7056 34.5398 50.6952 24.4182 22.8035 54.8179 29.8329 43.8634 20.6155 43.1856 17.2627 29.6816 33.7343 6.08276 43.2897 44.3847 46.0435 25.4951      21 12.1655 9.05539      35 41.7732 47.1275 26.9258 58.3631
27.1662 26.0192       0  21.095 44.4072 41.5933 21.0238 15.2315      29 39.4367      17 38.9102 20.2237 33.2415 21.4009   17.72 29.2062 27.8568 10.6301 20.0998 53.8238 42.9535  20.025 33.4215 5.09902 14.0357 26.9258 9.05539 17.4929 47.5395 30.5287 44.1956
12.0416 22.6716  21.095       0 31.0644 35.5106 31.3209 17.4642 32.0624 20.7183 4.24264 32.7567 8.24621 21.2132 2.23607 30.8707      12 8.06226 20.5913 18.3576 32.8024 24.0832 36.3593 12.8062 18.0278 19.2354 16.1245 26.2488 27.5136 28.0179 9.43398 35.8504
19.2354 53.6004 44.4072 31.0644       0 14.7648 37.3363      30 28.3019 41.1491 32.2025 14.2127  25.632 11.1803 33.0151 40.5216 38.9487 24.0832 36.0139 49.3964      37 15.1327 47.1275   32.45 44.3847 49.2443 46.0109 43.1045 36.1386 18.1108 28.4253 10.9202
24.1661 57.6281 41.5933 35.5106 14.7648       0      28 26.4197 17.1172 50.9338 34.8281 2.82843 27.8029 15.5242 37.7359 32.0624 46.0977 31.0161 31.3847 52.4023 50.4876 28.4429 38.0132 41.4849 43.2666 50.3289 51.6236 37.3631 28.2843   32.28 36.6879 4.71699
28.4253 45.7056 21.0238 31.3209 37.3363      28       0 13.9284 11.1803 52.0216 27.6586 26.0768 24.5967 28.3019 32.9848 4.47214 42.9535 33.6155 12.0416 39.6232 61.0328 43.2782 10.0499 43.4626 25.2982 34.4819 44.0114 12.8062       4 48.2701 38.9102 32.0975
15.8114 34.5398 15.2315 17.4642      30 26.4197 13.9284       0 16.1555 38.1215 14.0357 23.7065 10.8167  19.105 19.2354 14.2127 29.2746      20 6.08276 28.6356  47.634 31.7648 20.5183 29.5466 17.0294      25  31.257 13.3417 10.2956 36.7151 25.0599 28.9698
     25 50.6952      29 32.0624 28.3019 17.1172 11.1803 16.1555       0 51.7421 29.4279 15.5242      24 21.4009 34.1321 15.5242 44.0454 31.5753 18.4391 44.7772 57.2713 37.2022 21.0238 42.4264 32.2025 40.8167 47.0744 22.4722   12.53 42.0119 37.4833 21.4767
27.5726 24.4182 39.4367 20.7183 41.1491 50.9338 52.0216 38.1215 51.7421       0 24.6221 48.5412 27.9508 35.4154 19.2419 51.5388 10.2591 20.5244 41.1734 25.2834 19.0066 27.4089 56.8001 9.55249 35.0179 30.7937 15.9765 46.2196 48.2312 27.9866 14.5344 49.6488
     13 22.8035      17 4.24264 32.2025 34.8281 27.6586 14.0357 29.4279 24.6221       0 32.0156 7.07107 21.6333 5.38516 26.9258 15.2971 11.1803 16.5529 17.6918 37.0135 27.0185  32.249 17.0294 14.3178  17.088   17.72 22.0227 23.7697  31.257 13.6015 35.7246
21.5407 54.8179 38.9102 32.7567 14.2127 2.82843 26.0768 23.7065 15.5242 48.5412 32.0156       0      25 13.1529 34.9857      30 43.4626 28.4605 28.7924 49.5782 48.8365 26.9258 36.1248 39.0512 40.4969 47.5079 48.8774 34.9285 26.0768 31.0161 34.2053  6.0208
      7 29.8329 20.2237 8.24621  25.632 27.8029 24.5967 10.8167      24 27.9508 7.07107      25       0 14.7648 10.4403      25 20.0998 9.21954 15.6205 24.7588 36.8782 22.8035 31.1448 18.9737  19.105 23.7065 24.1661 22.4722  21.095 27.5136 14.3178 28.6575
9.21954 43.8634 33.2415 21.2132 11.1803 15.5242 28.3019  19.105 21.4009 35.4154 21.6333 13.1529 14.7648       0 23.3452 30.8707 30.8869 15.6525 25.1794 39.2046 36.6879 15.8114 37.5766 25.9615 33.2415 38.4708 37.0135 32.3883 26.4008 20.6155 21.1896 14.8408
14.1421 20.6155 21.4009 2.23607 33.0151 37.7359 32.9848 19.2354 34.1321 19.2419 5.38516 34.9857 10.4403 23.3452       0  32.311 10.0499 9.48683 21.9317 16.5529   32.45  25.318 37.5899 12.0416 17.8885 18.0278 13.8924 27.2029 29.1204 29.0172 9.48683 38.0296
29.7321 43.1856   17.72 30.8707 40.5216 32.0624 4.47214 14.2127 15.5242 51.5388 26.9258      30      25 30.8707  32.311       0 42.0595 34.2053 10.4403 37.1214 61.8466 45.2217  6.7082 43.4166 22.3607 31.5753 42.2966 8.94427 4.47214 50.2195 39.1152 36.0035
21.9317 17.2627 29.2062      12 38.9487 46.0977 42.9535 29.2746 44.0454 10.2591 15.2971 43.4626 20.0998 30.8869 10.0499 42.0595       0 15.2643 31.6228 16.2788 27.2029 27.7849 47.0106 8.24621 24.7588 21.0238 8.24621 36.2353 39.0512 30.0832 10.6301 45.7083
7.07107 29.6816 27.8568 8.06226 24.0832 31.0161 33.6155      20 31.5753 20.5244 11.1803 28.4605 9.21954 15.6525 9.48683 34.2053 15.2643       0 24.7588      26 27.6586 16.0312 40.3609      11 25.4951 27.2947 21.9317 31.4006 30.2324 20.0998       6 30.4508
21.4709 33.7343 10.6301 20.5913 36.0139 31.3847 12.0416 6.08276 18.4391 41.1734 16.5529 28.7924 15.6205 25.1794 21.9317 10.4403 31.6228 24.7588       0 27.6586  52.345 37.5766 15.8114 33.2866 13.8924 22.8473 32.0624 7.28011 8.06226 42.4853 29.2062 34.3402
30.2324 6.08276 20.0998 18.3576 49.3964 52.4023 39.6232 28.6356 44.7772 25.2834 17.6918 49.5782 24.7588 39.2046 16.5529 37.1214 16.2788      26 27.6586       0 43.4166 41.4849 40.1123 24.0208 15.0333  6.7082 9.43398 29.0172 35.6931 44.7214 24.3311 53.4158
32.7567 43.2897 53.8238 32.8024      37 50.4876 61.0328  47.634 57.2713 19.0066 37.0135 48.8365 36.8782 36.6879   32.45 61.8466 27.2029 27.6586  52.345 43.4166       0 22.0907 68.0147 20.5913 50.2494 48.1041 34.5254 58.7282 57.8014  19.105 23.4307 47.5946
16.1555 44.3847 42.9535 24.0832 15.1327 28.4429 43.2782 31.7648 37.2022 27.4089 27.0185 26.9258 22.8035 15.8114  25.318 45.2217 27.7849 16.0312 37.5766 41.4849 22.0907       0 51.8652      20 41.1947 43.2897 35.7771 44.7772 40.8044       5 17.4642 25.5196
36.2353 46.0435  20.025 36.3593 47.1275 38.0132 10.0499 20.5183 21.0238 56.8001  32.249 36.1248 31.1448 37.5766 37.5899  6.7082 47.0106 40.3609 15.8114 40.1123 68.0147 51.8652       0 49.0918 25.0799      34 46.3249 11.1803 11.1803 56.8595      45 42.1456
18.0278 25.4951 33.4215 12.8062   32.45 41.4849 43.4626 29.5466 42.4264 9.55249 17.0294 39.0512 18.9737 25.9615 12.0416 43.4166 8.24621      11 33.2866 24.0208 20.5913      20 49.0918       0 29.6816 27.8927 16.4924 39.0512 39.8121 21.9317       5 40.3887
26.0768      21 5.09902 18.0278 44.3847 43.2666 25.2982 17.0294 32.2025 35.0179 14.3178 40.4969  19.105 33.2415 17.8885 22.3607 24.7588 25.4951 13.8924 15.0333 50.2494 41.1947 25.0799 29.6816       0 9.21954 21.9317      14 21.5407 45.5412  27.313  45.412
30.0832 12.1655 14.0357 19.2354 49.2443 50.3289 34.4819      25 40.8167 30.7937  17.088 47.5079 23.7065 38.4708 18.0278 31.5753 21.0238 27.2947 22.8473  6.7082 48.1041 43.2897      34 27.8927 9.21954       0 15.5563 23.0868 30.6757 47.0425  27.074 51.9062
27.8029 9.05539 26.9258 16.1245 46.0109 51.6236 44.0114  31.257 47.0744 15.9765   17.72 48.8774 24.1661 37.0135 13.8924 42.2966 8.24621 21.9317 32.0624 9.43398 34.5254 35.7771 46.3249 16.4924 21.9317 15.5563       0  35.171 40.0125 38.2753 18.3576 51.8001
28.6356      35 9.05539 26.2488 43.1045 37.3631 12.8062 13.3417 22.4722 46.2196 22.0227 34.9285 22.4722 32.3883 27.2029 8.94427 36.2353 31.4006 7.28011 29.0172 58.7282 44.7772 11.1803 39.0512      14 23.0868  35.171       0      10 49.6588 35.3553 40.6971
25.4558 41.7732 17.4929 27.5136 36.1386 28.2843       4 10.2956   12.53 48.2312 23.7697 26.0768  21.095 26.4008 29.1204 4.47214 39.0512 30.2324 8.06226 35.6931 57.8014 40.8044 11.1803 39.8121 21.5407 30.6757 40.0125      10       0 45.8039 35.3553 32.0351
21.0238 47.1275 47.5395 28.0179 18.1108   32.28 48.2701 36.7151 42.0119 27.9866  31.257 31.0161 27.5136 20.6155 29.0172 50.2195 30.0832 20.0998 42.4853 44.7214  19.105       5 56.8595 21.9317 45.5412 47.0425 38.2753 49.6588 45.8039       0 20.3961 28.9353
13.0384 26.9258 30.5287 9.43398 28.4253 36.6879 38.9102 25.0599 37.4833 14.5344 13.6015 34.2053 14.3178 21.1896 9.48683 39.1152 10.6301       6 29.2062 24.3311 23.4307 17.4642      45       5  27.313  27.074 18.3576 35.3553 35.3553 20.3961       0 35.7946
24.0052 58.3631 44.1956 35.8504 10.9202 4.71699 32.0975 28.9698 21.4767 49.6488 35.7246  6.0208 28.6575 14.8408 38.0296 36.0035 45.7083 30.4508 34.3402 53.4158 47.5946 25.5196 42.1456 40.3887  45.412 51.9062 51.8001 40.6971 32.0351 28.9353 35.7946       0


