  0  50.774 30.8707 11.0454  42.107 34.0147 38.0789 12.0416 19.0263 48.7878 8.06226 30.1496 22.6716 29.7321 29.5466 14.1421 39.8497 25.1794 24.0832 53.2635 45.0444  43.566 13.8924 38.0526 31.1448 45.8039  45.607 8.06226 39.1152 43.4166 25.0799 32.3149
 50.774       0 30.0167 41.2311 30.0167 42.5793 18.9737 39.3573 35.3836 7.15891 43.8292 46.0977 28.6356 33.0151 21.9317 46.8402 15.8114 34.9857 45.0999 7.28011 25.0799 22.3607 46.0109 25.4951 26.8328       6 15.0333 51.7397 41.7612 17.4642 30.8058 38.8233
30.8707 30.0167       0  27.074   42.45 13.4164 30.6105 19.6469 27.6586    32.5 22.8473 16.1245 13.6015       3 21.2603 20.5183 29.6816 33.2415 15.5242 28.6356 41.2311 13.4536 35.0143 36.0694 30.8058 24.0208 34.8855 36.1386 14.8661 15.2315 28.6356 9.39415
11.0454 41.2311  27.074       0  31.257 34.4819 27.2029   8.544       8  38.513 9.21954 32.2025 15.2315 27.0185 19.4165 18.3848 29.1548 14.5602 26.4197 44.5982 34.0147 37.9473 8.06226 27.0185 20.0998 36.7696 34.7851 10.6301  38.833 36.6742 14.0357 31.6741
 42.107 30.0167   42.45  31.257       0 55.2268      13 36.0555 23.3452 23.1355 39.2938 55.8032 30.8058 44.5533 21.2132 47.1699 15.5242      17 51.6236 37.0135 5.83095 44.2832 30.2655 6.40312   12.53 30.4138 15.1327 38.2099 57.3149 39.9249   17.72 51.2957
34.0147 42.5793 13.4164 34.4819 55.2268       0 43.8292 25.9615 37.5899 45.6974 27.1662 5.65685 24.8395 10.8167 34.0588 20.2237 43.0465 44.1022 10.4403      40 54.4059 22.2036   42.45 48.9183 43.1393 36.6742 48.3011 41.1096 5.38516      26      40 4.03113
38.0789 18.9737 30.6105 27.2029      13 43.8292       0      29 19.6977 13.3135 33.0606 45.1774 20.8806 33.0151 10.4403 39.3192 3.16228 16.9706 41.7852  25.318 10.6301  31.305 29.6816 7.07107 8.48528      18 7.61577 36.6742 45.3431 26.9258 13.8924 39.8152
12.0416 39.3573 19.6469   8.544 36.0555 25.9615      29       0 13.6015 38.1215 4.47214 23.7065 10.8167  19.105 19.2354 11.1803 30.1496 20.8087 18.0278 41.4005 37.6563 31.7648 16.4924 30.8058 23.7697 34.1321 36.1248 16.4924 30.4138 31.4006 18.3848 23.2648
19.0263 35.3836 27.6586       8 23.3452 37.5899 19.6977 13.6015       0 31.8002 16.1555 36.4005 14.1421 28.4605 13.6015 24.6982 21.9545  7.2111 31.1448 39.6611 26.0192 36.2215 10.6301 19.0263 12.1655 31.6228  27.313      17 41.2311 33.9559 6.08276 34.2235
48.7878 7.15891    32.5  38.513 23.1355 45.6974 13.3135 38.1215 31.8002       0 42.5353 48.5412 27.9508 35.4154 19.2419 46.8855 10.3078 30.1538 46.6717 14.4309 18.0069 27.4089 42.2522 19.1377 21.7083 10.2591 8.01561 48.6749 45.6426 22.4109 26.5377 41.7612
8.06226 43.8292 22.8473 9.21954 39.2938 27.1662 33.0606 4.47214 16.1555 42.5353       0 24.0416 15.2643 21.8403 23.5372 9.21954 34.3657 23.2594 18.0278 45.8039 41.3038 35.5106 16.1245 34.3657 27.2947 38.5876 40.3113      14 32.0156 35.4683  21.587  25.005
30.1496 46.0977 16.1245 32.2025 55.8032 5.65685 45.1774 23.7065 36.4005 48.5412 24.0416       0      25 13.1529 34.9857 16.0312 44.7772 43.2782 6.08276 44.1814 55.5698 26.9258 39.9249 49.6488 43.4166 40.1123 50.3289 37.6563 10.8167 30.2655  39.598 7.76209
22.6716 28.6356 13.6015 15.2315 30.8058 24.8395 20.8806 10.8167 14.1421 27.9508 15.2643      25       0 14.7648 10.4403 19.0263 21.2132 19.6977 21.0238 30.6105 30.8707 22.8035  22.561 24.6982 18.4391 23.3238 27.1662 25.5539 27.7849 21.4709 15.2643 21.1009
29.7321 33.0151       3 27.0185 44.5533 10.8167 33.0151  19.105 28.4605 35.4154 21.8403 13.1529 14.7648       0 23.3452 18.4391  32.249 34.4384 12.6491 31.5753 43.6005 15.8114 35.0571 38.2099 32.6497 27.0185 37.5766 35.5106 13.0384 18.0278 30.0167 6.80074
29.5466 21.9317 21.2603 19.4165 21.2132 34.0588 10.4403 19.2354 13.6015 19.2419 23.5372 34.9857 10.4403 23.3452       0 29.0689      11 15.1327 31.3847 26.0768 20.5913  25.318 24.2074 14.8661 9.84886 18.0278      17 29.8329 36.1248      22  10.198  30.104
14.1421 46.8402 20.5183 18.3848 47.1699 20.2237 39.3192 11.1803 24.6982 46.8855 9.21954 16.0312 19.0263 18.4391 29.0689       0   40.05 31.9061      10 47.4236 48.5077 33.9706 25.2389 41.7612 34.7851 41.1096 46.0435 21.8403 25.4951 35.2278 29.5466 19.1377
39.8497 15.8114 29.6816 29.1548 15.5242 43.0465 3.16228 30.1496 21.9545 10.3078 34.3657 44.7772 21.2132  32.249      11   40.05       0 19.8494 41.7612 22.2036 12.2066 29.1548 32.2025      10 11.4018 15.0333       6 38.9487 44.2041 24.5967 16.4012  39.016
25.1794 34.9857 33.2415 14.5602      17 44.1022 16.9706 20.8087  7.2111 30.1538 23.2594 43.2782 19.6977 34.4384 15.1327 31.9061 19.8494       0 38.1838 40.3113 20.6155   40.05 13.6015 13.9284 8.48528  32.311 24.2074 21.3776 47.4131  37.054       5 40.5617
24.0832 45.0999 15.5242 26.4197 51.6236 10.4403 41.7852 18.0278 31.1448 46.6717 18.0278 6.08276 21.0238 12.6491 31.3847      10 41.7612 38.1838       0 44.1475 51.8941  28.178 34.0147 45.6508 39.1152 39.1152 47.5395 31.5753 15.8114 30.6757 34.8281 10.3078
53.2635 7.28011 28.6356 44.5982 37.0135      40  25.318 41.4005 39.6611 14.4309 45.8039 44.1814 30.6105 31.5753 26.0768 47.4236 22.2036 40.3113 44.1475       0  32.249 18.2483 50.2195 32.1403  32.573 8.06226 22.2036 55.2268 38.3275      14 35.7771 36.5548
45.0444 25.0799 41.2311 34.0147 5.83095 54.4059 10.6301 37.6563 26.0192 18.0069 41.3038 55.5698 30.8707 43.6005 20.5913 48.5077 12.2066 20.6155 51.8941  32.249       0 41.3401 34.2053       7 14.0357 26.2488 10.0499 41.9762 55.9732 36.7151      20 50.4009
 43.566 22.3607 13.4536 37.9473 44.2832 22.2036  31.305 31.7648 36.2215 27.4089 35.5106 26.9258 22.8035 15.8114  25.318 33.9706 29.1548   40.05  28.178 18.2483 41.3401       0 45.3542 38.0789 34.9285 17.2047 32.6497  47.927 20.0998       5 35.0571 19.1638
13.8924 46.0109 35.0143 8.06226 30.2655   42.45 29.6816 16.4924 10.6301 42.2522 16.1245 39.9249  22.561 35.0571 24.2074 25.2389 32.2025 13.6015 34.0147 50.2195 34.2053 45.3542       0 27.5136 21.4709 42.2019 37.2156       8 46.8722 43.6578 15.8114 39.7146
38.0526 25.4951 36.0694 27.0185 6.40312 48.9183 7.07107 30.8058 19.0263 19.1377 34.3657 49.6488 24.6982 38.2099 14.8661 41.7612      10 13.9284 45.6508 32.1403       7 38.0789 27.5136       0 7.07107   25.02 11.6619  35.171 50.9313 33.8378      13 44.9694
31.1448 26.8328 30.8058 20.0998   12.53 43.1393 8.48528 23.7697 12.1655 21.7083 27.2947 43.4166 18.4391 32.6497 9.84886 34.7851 11.4018 8.48528 39.1152  32.573 14.0357 34.9285 21.4709 7.07107       0 24.7386 15.8114 28.7924  45.607  31.257 6.08276 39.2842
45.8039       6 24.0208 36.7696 30.4138 36.6742      18 34.1321 31.6228 10.2591 38.5876 40.1123 23.3238 27.0185 18.0278 41.1096 15.0333  32.311 39.1152 8.06226 26.2488 17.2047 42.2019   25.02 24.7386       0 16.5529 47.3814 36.0555 12.2066 27.7308 32.8824
 45.607 15.0333 34.8855 34.7851 15.1327 48.3011 7.61577 36.1248  27.313 8.01561 40.3113 50.3289 27.1662 37.5766      17 46.0435       6 24.2074 47.5395 22.2036 10.0499 32.6497 37.2156 11.6619 15.8114 16.5529       0 44.2832 49.0918 27.8029 21.4709 44.2747
8.06226 51.7397 36.1386 10.6301 38.2099 41.1096 36.6742 16.4924      17 48.6749      14 37.6563 25.5539 35.5106 29.8329 21.8403 38.9487 21.3776 31.5753 55.2268 41.9762  47.927       8  35.171 28.7924 47.3814 44.2832       0 46.0109 47.0106 22.8473 39.0032
39.1152 41.7612 14.8661  38.833 57.3149 5.38516 45.3431 30.4138 41.2311 45.6426 32.0156 10.8167 27.7849 13.0384 36.1248 25.4951 44.2041 47.4131 15.8114 38.3275 55.9732 20.0998 46.8722 50.9313  45.607 36.0555 49.0918 46.0109       0 24.5153 43.0465 7.15891
43.4166 17.4642 15.2315 36.6742 39.9249      26 26.9258 31.4006 33.9559 22.4109 35.4683 30.2655 21.4709 18.0278      22 35.2278 24.5967  37.054 30.6757      14 36.7151       5 43.6578 33.8378  31.257 12.2066 27.8029 47.0106 24.5153       0 32.0624 22.5887
25.0799 30.8058 28.6356 14.0357   17.72      40 13.8924 18.3848 6.08276 26.5377  21.587  39.598 15.2643 30.0167  10.198 29.5466 16.4012       5 34.8281 35.7771      20 35.0571 15.8114      13 6.08276 27.7308 21.4709 22.8473 43.0465 32.0624       0 36.3352
32.3149 38.8233 9.39415 31.6741 51.2957 4.03113 39.8152 23.2648 34.2235 41.7612  25.005 7.76209 21.1009 6.80074  30.104 19.1377  39.016 40.5617 10.3078 36.5548 50.4009 19.1638 39.7146 44.9694 39.2842 32.8824 44.2747 39.0032 7.15891 22.5887 36.3352       0


