     0 30.0832   32.45  56.231 21.7083 49.0408 47.0106 22.0227 52.0865 28.0179 5.38516 22.8254 35.8469      30 55.0091 12.6491 9.89949 48.0937 18.4391   38.78 53.9351 11.0454 22.6716 18.6011  50.636 24.0416      26 6.08276 29.1548 52.3259 58.2151 28.7446
30.0832       0 21.9545 45.2252 13.3135 41.7852 48.0104 33.1059 54.4059 7.07107      26 9.48683 29.1548 19.4165 54.7083  25.318 22.0227  51.225 15.5242 23.6958 48.8467 20.1246 16.6433 19.3132 46.9574 6.08276 34.1321 33.1059      11 39.4588 55.4617 12.6194
  32.45 21.9545       0 25.5131 30.2035 20.3961 26.2488 19.6469 32.6497 27.8568 31.7805 16.1245  7.2111       3 32.7567 20.5183 22.8254 29.6985 15.5242 6.64003 27.2029 28.8617 10.4403 13.8924 25.0799 20.6155 18.0278 38.0789 31.9531 20.6155 33.6155 9.39415
 56.231 45.2252 25.5131       0 55.4109 8.37377 20.1375 37.1769 23.4034 51.9588 56.5378 41.4019 20.4284 28.5012 19.5735 43.6018 47.3362 23.8101 40.9038 21.5956 10.4173  54.221 35.8095 38.5632 12.6301 45.4744 33.3635 62.1974 56.0635 5.99333 16.3866 33.9377
21.7083 13.3135 30.2035 55.4109       0 50.5594 54.0393 33.6341   60.21 7.63217 16.5303 14.0801  36.773 27.2259 61.5163 23.0489 17.6139 56.5796 16.7705 34.0476 57.1686 10.6888 21.0297 20.8387 54.6923 10.1119 36.1006 22.6991     7.5 50.0225 63.1922 21.5058
49.0408 41.7852 20.3961 8.37377 50.5594       0      13 29.1548   17.72 48.0833 49.8197 36.4966      14 23.3452 15.2643 36.4005 40.6079 17.0294      35 18.5065  7.2111 48.0937 30.0167 32.1403  6.7082      41 25.2389 55.0818 52.2015       9 14.2127 29.6015
47.0106 48.0104 26.2488 20.1375 54.0393      13       0 25.0799 6.40312 53.3385  49.163 40.7063  19.105 28.6007       8 35.1283 40.4475 4.12311 37.3363 27.4461 10.8167 49.0306 33.1059 33.5261 7.61577 45.6508 21.0238 53.0377 57.3062      22 11.7047 35.4013
22.0227 33.1059 19.6469 37.1769 33.6341 29.1548 25.0799       0 30.0666  35.805 24.7386 23.7065 18.6011  19.105 33.0606 11.1803      17 26.0768 18.0278 25.9131 32.8938 25.9422 16.7631 13.8924 29.4109 28.3019 4.12311      28 39.0512 34.6554 36.4966 23.2648
52.0865 54.4059 32.6497 23.4034   60.21   17.72 6.40312 30.0666       0 59.6825 54.5894 47.0106 25.4951      35       5 40.6079 46.0977       4 43.4626 33.6555 13.0384 54.8179 39.3573 39.5601 11.1803 51.9711 26.1725 58.0345 63.6318 26.4764      10 41.8001
28.0179 7.07107 27.8568 51.9588 7.63217 48.0833 53.3385  35.805 59.6825       0 23.1948 12.8062 34.9285 25.0799 60.3738 26.4008 21.8403 56.3028 17.8045 30.3659 55.0273 17.1172 20.6155 22.0227 52.9245 7.81025 37.5366 29.8329 4.12311 46.2709 61.4654    18.5
5.38516      26 31.7805 56.5378 16.5303 49.8197  49.163 24.7386 54.5894 23.1948       0 19.8494 36.1386 29.0689 57.1402 14.0357 9.21954  50.636 16.6433 37.7345 55.2268 6.08276 21.4709 18.0278 52.0865 20.1246 28.4429  7.2111 24.0208 52.2015      60 26.6317
22.8254 9.48683 16.1245 41.4019 14.0801 36.4966 40.7063 23.7065 47.0106 12.8062 19.8494       0 22.8035 13.1529  47.927 16.0312 13.6015  43.566 6.08276 20.2704 43.1741      15 7.81025 9.84886 40.8044       5      25 27.0185 16.6433 36.1248 49.3356 7.76209
35.8469 29.1548  7.2111 20.4284  36.773      14  19.105 18.6011 25.4951 34.9285 36.1386 22.8035       0 9.84886 25.5539 23.2594 26.9258 22.6716      21 9.51262 20.3961 34.1321 16.0312 18.2483 18.0278 27.5136 15.6525 41.7852      39 16.6433 26.5707 16.5605
     30 19.4165       3 28.5012 27.2259 23.3452 28.6007  19.105      35 25.0799 29.0689 13.1529 9.84886       0 35.3553 18.4391 20.2485 31.8904 12.6491 8.78009 30.0832 25.9615 7.61577 11.4018 27.8568   17.72 18.1108 35.5106 29.1548 23.5372 36.4005 6.80074
55.0091 54.7083 32.7567 19.5735 61.5163 15.2643       8 33.0606       5 60.3738 57.1402  47.927 25.5539 35.3553       0 43.1045 48.3735 8.06226 44.9222 32.7611 9.21954 56.8859 40.4969 41.2311 8.60233 52.8015 29.0172 61.0328  64.405 23.4094       5   42.11
12.6491  25.318 20.5183 43.6018 23.0489 36.4005 35.1283 11.1803 40.6079 26.4008 14.0357 16.0312 23.2594 18.4391 43.1045       0 5.83095 36.6742      10  27.083 41.4367 14.7648  12.083 7.61577 38.2099 19.6469 14.5602 18.6815 29.1548 39.8246 46.0109 19.1377
9.89949 22.0227 22.8254 47.3362 17.6139 40.6079 40.4475      17 46.0977 21.8403 9.21954 13.6015 26.9258 20.2485 48.3735 5.83095       0 42.2019 8.60233 29.0119 46.0977 8.94427 12.8062 8.94427 43.0116      16 20.2485 15.2643 24.1661 43.0813 51.0392 18.9011
48.0937  51.225 29.6985 23.8101 56.5796 17.0294 4.12311 26.0768       4 56.3028  50.636  43.566 22.6716 31.8904 8.06226 36.6742 42.2019       0 39.8121  31.316 13.9284 50.9608 35.8469 35.8469 11.1803 48.5489 22.2036  54.037  60.208 26.0192 12.8062 38.6685
18.4391 15.5242 15.5242 40.9038 16.7705      35 37.3363 18.0278 43.4626 17.8045 16.6433 6.08276      21 12.6491 44.9222      10 8.60233 39.8121       0  21.154 41.1947 13.3417 5.09902 4.24264 38.4708 10.2956  19.799 23.4307 21.2132 36.1386 46.8722 10.3078
  38.78 23.6958 6.64003 21.5956 34.0476 18.5065 27.4461 25.9131 33.6555 30.3659 37.7345 20.2704 9.51262 8.78009 32.7611  27.083 29.0119  31.316  21.154       0 25.7078 34.2825 16.2754 20.1814 24.3945 24.0019 23.8304 44.2661 34.4745 16.0028 32.6173 12.5674
53.9351 48.8467 27.2029 10.4173 57.1686  7.2111 10.8167 32.8938 13.0384 55.0273 55.2268 43.1741 20.3961 30.0832 9.21954 41.4367 46.0977 13.9284 41.1947 25.7078       0 54.0093 36.3456 38.0132 3.60555 47.8017 28.7924 60.0167 59.1354 14.3178 7.07107 36.5274
11.0454 20.1246 28.8617  54.221 10.6888 48.0937 49.0306 25.9422 54.8179 17.1172 6.08276      15 34.1321 25.9615 56.8859 14.7648 8.94427 50.9608 13.3417 34.2825 54.0093       0 18.4391      16 51.0882 14.4222 29.1548      13 18.1108 49.4773 59.3043 22.3886
22.6716 16.6433 10.4403 35.8095 21.0297 30.0167 33.1059 16.7631 39.3573 20.6155 21.4709 7.81025 16.0312 7.61577 40.4969  12.083 12.8062 35.8469 5.09902 16.2754 36.3456 18.4391       0 4.47214 33.7343 12.8062 17.4929 28.0179 24.4131 31.0483 42.2019 7.15891
18.6011 19.3132 13.8924 38.5632 20.8387 32.1403 33.5261 13.8924 39.5601 22.0227 18.0278 9.84886 18.2483 11.4018 41.2311 7.61577 8.94427 35.8469 4.24264 20.1814 38.0132      16 4.47214       0 35.1283 14.4222 15.5563 24.1868 25.4558  34.176 43.4166 11.5434
 50.636 46.9574 25.0799 12.6301 54.6923  6.7082 7.61577 29.4109 11.1803 52.9245 52.0865 40.8044 18.0278 27.8568 8.60233 38.2099 43.0116 11.1803 38.4708 24.3945 3.60555 51.0882 33.7343 35.1283       0 45.5412 25.2982 56.7186 57.0088 15.2971   8.544  34.471
24.0416 6.08276 20.6155 45.4744 10.1119      41 45.6508 28.3019 51.9711 7.81025 20.1246       5 27.5136   17.72 52.8015 19.6469      16 48.5489 10.2956 24.0019 47.8017 14.4222 12.8062 14.4222 45.5412       0 29.8329 27.2947 11.6619      40 54.0833 11.5434
     26 34.1321 18.0278 33.3635 36.1006 25.2389 21.0238 4.12311 26.1725 37.5366 28.4429      25 15.6525 18.1108 29.0172 14.5602 20.2485 22.2036  19.799 23.8304 28.7924 29.1548 17.4929 15.5563 25.2982 29.8329       0 32.0156 41.0122 31.1448 32.3883 23.2433
6.08276 33.1059 38.0789 62.1974 22.6991 55.0818 53.0377      28 58.0345 29.8329  7.2111 27.0185 41.7852 35.5106 61.0328 18.6815 15.2643  54.037 23.4307 44.2661 60.0167      13 28.0179 24.1868 56.7186 27.2947 32.0156       0 30.1496 58.1808 64.2806 33.6043
29.1548      11 31.9531 56.0635     7.5 52.2015 57.3062 39.0512 63.6318 4.12311 24.0208 16.6433      39 29.1548  64.405 29.1548 24.1661  60.208 21.2132 34.4745 59.1354 18.1108 24.4131 25.4558 57.0088 11.6619 41.0122 30.1496       0 50.3587 65.5515 22.6108
52.3259 39.4588 20.6155 5.99333 50.0225       9      22 34.6554 26.4764 46.2709 52.2015 36.1248 16.6433 23.5372 23.4094 39.8246 43.0813 26.0192 36.1386 16.0028 14.3178 49.4773 31.0483  34.176 15.2971      40 31.1448 58.1808 50.3587       0  21.095 28.5175
58.2151 55.4617 33.6155 16.3866 63.1922 14.2127 11.7047 36.4966      10 61.4654      60 49.3356 26.5707 36.4005       5 46.0109 51.0392 12.8062 46.8722 32.6173 7.07107 59.3043 42.2019 43.4166   8.544 54.0833 32.3883 64.2806 65.5515  21.095       0 43.0029
28.7446 12.6194 9.39415 33.9377 21.5058 29.6015 35.4013 23.2648 41.8001    18.5 26.6317 7.76209 16.5605 6.80074   42.11 19.1377 18.9011 38.6685 10.3078 12.5674 36.5274 22.3886 7.15891 11.5434  34.471 11.5434 23.2433 33.6043 22.6108 28.5175 43.0029       0


