  0 34.7131 27.1662 12.0416 19.2354 24.1661 28.4253 15.8114      25 27.5726      13 21.5407 17.0294 9.21954 14.1421 29.7321 21.9317      21 30.4138 30.2324 32.7567 30.2324 36.2353 18.0278 26.0768 30.0832 27.8029 28.6356 33.0151 21.0238 13.0384 24.0052
34.7131       0 26.0192 22.6716 53.6004 57.6281 45.7056 34.5398 50.6952 24.4182 22.8035 54.8179 48.2597 43.8634 20.6155 43.1856 17.2627 23.5372 28.2843 6.08276 43.2897 64.4438 46.0435 25.4951      21 12.1655 9.05539      35 50.4876 47.1275 26.9258 58.3631
27.1662 26.0192       0  21.095 44.4072 41.5933 21.0238 15.2315      29 39.4367      17 38.9102  31.305 33.2415 21.4009   17.72 29.2062  6.7082 3.60555 20.0998 53.8238 49.1935  20.025 33.4215 5.09902 14.0357 26.9258 9.05539 25.2982 47.5395 30.5287 44.1956
12.0416 22.6716  21.095       0 31.0644 35.5106 31.3209 17.4642 32.0624 20.7183 4.24264 32.7567 26.9258 21.2132 2.23607 30.8707      12 14.4222 24.6982 18.3576 32.8024 42.0119 36.3593 12.8062 18.0278 19.2354 16.1245 26.2488 36.4005 28.0179 9.43398 35.8504
19.2354 53.6004 44.4072 31.0644       0 14.7648 37.3363      30 28.3019 41.1491 32.2025 14.2127 17.8885 11.1803 33.0151 40.5216 38.9487 39.0512 47.1699 49.3964      37      16 47.1275   32.45 44.3847 49.2443 46.0109 43.1045 40.2492 18.1108 28.4253 10.9202
24.1661 57.6281 41.5933 35.5106 14.7648       0      28 26.4197 17.1172 50.9338 34.8281 2.82843 10.2956 15.5242 37.7359 32.0624 46.0977 38.0132 43.4626 52.4023 50.4876 7.61577 38.0132 41.4849 43.2666 50.3289 51.6236 37.3631 29.4279   32.28 36.6879 4.71699
28.4253 45.7056 21.0238 31.3209 37.3363      28       0 13.9284 11.1803 52.0216 27.6586 26.0768 19.6469 28.3019 32.9848 4.47214 42.9535 22.2036 20.8087 39.6232 61.0328 35.1283 10.0499 43.4626 25.2982 34.4819 44.0114 12.8062 5.09902 48.2701 38.9102 32.0975
15.8114 34.5398 15.2315 17.4642      30 26.4197 13.9284       0 16.1555 38.1215 14.0357 23.7065 16.1245  19.105 19.2354 14.2127 29.2746 12.0416 17.4642 28.6356  47.634      34 20.5183 29.5466 17.0294      25  31.257 13.3417 18.9737 36.7151 25.0599 28.9698
     25 50.6952      29 32.0624 28.3019 17.1172 11.1803 16.1555       0 51.7421 29.4279 15.5242 10.6301 21.4009 34.1321 15.5242 44.0454 27.7849 29.8329 44.7772 57.2713 24.0208 21.0238 42.4264 32.2025 40.8167 47.0744 22.4722 12.3693 42.0119 37.4833 21.4767
27.5726 24.4182 39.4367 20.7183 41.1491 50.9338 52.0216 38.1215 51.7421       0 24.6221 48.5412  44.601 35.4154 19.2419 51.5388 10.2591 33.4253 42.8981 25.2834 19.0066 55.8323 56.8001 9.55249 35.0179 30.7937 15.9765 46.2196 57.0898 27.9866 14.5344 49.6488
     13 22.8035      17 4.24264 32.2025 34.8281 27.6586 14.0357 29.4279 24.6221       0 32.0156 25.5539 21.6333 5.38516 26.9258 15.2971 10.2956 20.5913 17.6918 37.0135 41.7253  32.249 17.0294 14.3178  17.088   17.72 22.0227 32.7567  31.257 13.6015 35.7246
21.5407 54.8179 38.9102 32.7567 14.2127 2.82843 26.0768 23.7065 15.5242 48.5412 32.0156       0 7.61577 13.1529 34.9857      30 43.4626 35.2278 40.8534 49.5782 48.8365 10.2956 36.1248 39.0512 40.4969 47.5079 48.8774 34.9285 27.8927 31.0161 34.2053  6.0208
17.0294 48.2597  31.305 26.9258 17.8885 10.2956 19.6469 16.1245 10.6301  44.601 25.5539 7.61577       0 11.1803 29.1548 23.1948 38.3275 27.8029 33.2415 42.8019 47.7598 17.8885 29.6142 35.0571 33.0151 40.3113 42.9535 27.4591 22.3607 31.6228 30.0666 13.2382
9.21954 43.8634 33.2415 21.2132 11.1803 15.5242 28.3019  19.105 21.4009 35.4154 21.6333 13.1529 11.1803       0 23.3452 30.8707 30.8869 27.8927 36.0555 39.2046 36.6879  21.095 37.5766 25.9615 33.2415 38.4708 37.0135 32.3883 32.0156 20.6155 21.1896 14.8408
14.1421 20.6155 21.4009 2.23607 33.0151 37.7359 32.9848 19.2354 34.1321 19.2419 5.38516 34.9857 29.1548 23.3452       0  32.311 10.0499 14.8661      25 16.5529   32.45 44.2041 37.5899 12.0416 17.8885 18.0278 13.8924 27.2029 38.0789 29.0172 9.48683 38.0296
29.7321 43.1856   17.72 30.8707 40.5216 32.0624 4.47214 14.2127 15.5242 51.5388 26.9258      30 23.1948 30.8707  32.311       0 42.0595  20.025      17 37.1214 61.8466 39.3192  6.7082 43.4166 22.3607 31.5753 42.2966 8.94427 7.61577 50.2195 39.1152 36.0035
21.9317 17.2627 29.2062      12 38.9487 46.0977 42.9535 29.2746 44.0454 10.2591 15.2971 43.4626 38.3275 30.8869 10.0499 42.0595       0 23.3238 32.6497 16.2788 27.2029 51.9711 47.0106 8.24621 24.7588 21.0238 8.24621 36.2353 48.0521 30.0832 10.6301 45.7083
     21 23.5372  6.7082 14.4222 39.0512 38.0132 22.2036 12.0416 27.7849 33.4253 10.2956 35.2278 27.8029 27.8927 14.8661  20.025 23.3238       0 10.2956 17.4642 47.2017 45.4863 24.0416 26.9072 5.38516 13.0384 22.3607      13  27.074      41 23.8537 40.0656
30.4138 28.2843 3.60555 24.6982 47.1699 43.4626 20.8087 17.4642 29.8329 42.8981 20.5913 40.8534 33.2415 36.0555      25      17 32.6497 10.2956       0  22.561 57.4282 51.0784 18.1108 37.0135 8.06226 16.1245 29.9666 8.06226 24.5967 50.9608 34.1321 46.3276
30.2324 6.08276 20.0998 18.3576 49.3964 52.4023 39.6232 28.6356 44.7772 25.2834 17.6918 49.5782 42.8019 39.2046 16.5529 37.1214 16.2788 17.4642  22.561       0 43.4166  59.397 40.1123 24.0208 15.0333  6.7082 9.43398 29.0172 44.4072 44.7214 24.3311 53.4158
32.7567 43.2897 53.8238 32.8024      37 50.4876 61.0328  47.634 57.2713 19.0066 37.0135 48.8365 47.7598 36.6879   32.45 61.8466 27.2029 47.2017 57.4282 43.4166       0      53 68.0147 20.5913 50.2494 48.1041 34.5254 58.7282 65.7343  19.105 23.4307 47.5946
30.2324 64.4438 49.1935 42.0119      16 7.61577 35.1283      34 24.0208 55.8323 41.7253 10.2956 17.8885  21.095 44.2041 39.3192 51.9711 45.4863 51.0784  59.397      53       0 45.0444 46.6154  50.774 57.6281 58.0086 44.9222 36.0555 34.0588 42.0476 6.26498
36.2353 46.0435  20.025 36.3593 47.1275 38.0132 10.0499 20.5183 21.0238 56.8001  32.249 36.1248 29.6142 37.5766 37.5899  6.7082 47.0106 24.0416 18.1108 40.1123 68.0147 45.0444       0 49.0918 25.0799      34 46.3249 11.1803 9.84886 56.8595      45 42.1456
18.0278 25.4951 33.4215 12.8062   32.45 41.4849 43.4626 29.5466 42.4264 9.55249 17.0294 39.0512 35.0571 25.9615 12.0416 43.4166 8.24621 26.9072 37.0135 24.0208 20.5913 46.6154 49.0918       0 29.6816 27.8927 16.4924 39.0512 48.4665 21.9317       5 40.3887
26.0768      21 5.09902 18.0278 44.3847 43.2666 25.2982 17.0294 32.2025 35.0179 14.3178 40.4969 33.0151 33.2415 17.8885 22.3607 24.7588 5.38516 8.06226 15.0333 50.2494  50.774 25.0799 29.6816       0 9.21954 21.9317      14 29.8329 45.5412  27.313  45.412
30.0832 12.1655 14.0357 19.2354 49.2443 50.3289 34.4819      25 40.8167 30.7937  17.088 47.5079 40.3113 38.4708 18.0278 31.5753 21.0238 13.0384 16.1245  6.7082 48.1041 57.6281      34 27.8927 9.21954       0 15.5563 23.0868 39.0512 47.0425  27.074 51.9062
27.8029 9.05539 26.9258 16.1245 46.0109 51.6236 44.0114  31.257 47.0744 15.9765   17.72 48.8774 42.9535 37.0135 13.8924 42.2966 8.24621 22.3607 29.9666 9.43398 34.5254 58.0086 46.3249 16.4924 21.9317 15.5563       0  35.171 49.0408 38.2753 18.3576 51.8001
28.6356      35 9.05539 26.2488 43.1045 37.3631 12.8062 13.3417 22.4722 46.2196 22.0227 34.9285 27.4591 32.3883 27.2029 8.94427 36.2353      13 8.06226 29.0172 58.7282 44.9222 11.1803 39.0512      14 23.0868  35.171       0 16.5529 49.6588 35.3553 40.6971
33.0151 50.4876 25.2982 36.4005 40.2492 29.4279 5.09902 18.9737 12.3693 57.0898 32.7567 27.8927 22.3607 32.0156 38.0789 7.61577 48.0521  27.074 24.5967 44.4072 65.7343 36.0555 9.84886 48.4665 29.8329 39.0512 49.0408 16.5529       0  52.345 43.8634 33.8415
21.0238 47.1275 47.5395 28.0179 18.1108   32.28 48.2701 36.7151 42.0119 27.9866  31.257 31.0161 31.6228 20.6155 29.0172 50.2195 30.0832      41 50.9608 44.7214  19.105 34.0588 56.8595 21.9317 45.5412 47.0425 38.2753 49.6588  52.345       0 20.3961 28.9353
13.0384 26.9258 30.5287 9.43398 28.4253 36.6879 38.9102 25.0599 37.4833 14.5344 13.6015 34.2053 30.0666 21.1896 9.48683 39.1152 10.6301 23.8537 34.1321 24.3311 23.4307 42.0476      45       5  27.313  27.074 18.3576 35.3553 43.8634 20.3961       0 35.7946
24.0052 58.3631 44.1956 35.8504 10.9202 4.71699 32.0975 28.9698 21.4767 49.6488 35.7246  6.0208 13.2382 14.8408 38.0296 36.0035 45.7083 40.0656 46.3276 53.4158 47.5946 6.26498 42.1456 40.3887  45.412 51.9062 51.8001 40.6971 33.8415 28.9353 35.7946       0


