    0 31.0644  27.313 12.0416 19.2354 24.1868 15.8114 8.94427 27.5726      13 13.4164       7 9.21954 10.8167 27.8029  19.105 20.0998 21.0238 13.0384
31.0644       0 28.0179 19.6977 48.7955 20.0998 35.2278 33.3017 15.0748  21.587 43.1856 27.8568 40.2244 32.8024       4 28.0713 19.9249 39.8121 20.6155
 27.313 28.0179       0 26.2488 34.5254 8.06226 41.6173 21.2132 13.2382 30.4795 31.0161 30.8058 32.3883  19.105 28.1603 40.3609 10.2956 17.8885 16.9706
12.0416 19.6977 26.2488       0 31.0644      20 17.4642 17.4642 20.7183 4.24264 25.2389 8.24621 21.2132 18.1108 16.1245 14.1421 16.2788 28.0179 9.43398
19.2354 48.7955 34.5254 31.0644       0 35.8469      30 15.8114 41.1491 32.2025 5.83095  25.632 11.1803      17 46.0109 36.6742 32.6497 18.1108 28.4253
24.1868 20.0998 8.06226      20 35.8469       0 36.6742 20.6155 6.10328 24.2074 31.3209      26 31.1448 18.9737 20.0998 34.0588 4.12311 21.9317 11.7047
15.8114 35.2278 41.6173 17.4642      30 36.6742       0 24.6982 38.1215 14.0357 25.1794 10.8167  19.105 26.6271  31.257 9.21954 32.6497 36.7151 25.0599
8.94427 33.3017 21.2132 17.4642 15.8114 20.6155 24.6982       0 25.5392  20.025 10.7703 15.5242 11.1803 2.23607 30.8058 27.6586  17.088  12.083 12.7279
27.5726 15.0748 13.2382 20.7183 41.1491 6.10328 38.1215 25.5392       0 24.6221 36.3077 27.9508 35.4154 24.1506 15.9765 34.0478     8.5 27.9866 14.5344
     13  21.587 30.4795 4.24264 32.2025 24.2074 14.0357  20.025 24.6221       0 26.4008 7.07107 21.6333 21.0238   17.72 9.89949 20.5183  31.257 13.6015
13.4164 43.1856 31.0161 25.2389 5.83095 31.3209 25.1794 10.7703 36.3077 26.4008       0 19.9249 6.08276 12.3693 40.3113  31.257 27.8568 16.5529 23.0217
      7 27.8568 30.8058 8.24621  25.632      26 10.8167 15.5242 27.9508 7.07107 19.9249       0 14.7648  17.088 24.1661 12.1655 21.9317 27.5136 14.3178
9.21954 40.2244 32.3883 21.2132 11.1803 31.1448  19.105 11.1803 35.4154 21.6333 6.08276 14.7648       0 13.3417 37.0135 25.4951 27.2947 20.6155 21.1896
10.8167 32.8024  19.105 18.1108      17 18.9737 26.6271 2.23607 24.1506 21.0238 12.3693  17.088 13.3417       0 30.5287 29.1204 15.6525 10.4403 12.2066
27.8029       4 28.1603 16.1245 46.0109 20.0998  31.257 30.8058 15.9765   17.72 40.3113 24.1661 37.0135 30.5287       0 24.0832  19.105 38.2753 18.3576
 19.105 28.0713 40.3609 14.1421 36.6742 34.0588 9.21954 27.6586 34.0478 9.89949  31.257 12.1655 25.4951 29.1204 24.0832       0 30.4138 39.5601 23.4307
20.0998 19.9249 10.2956 16.2788 32.6497 4.12311 32.6497  17.088     8.5 20.5183 27.8568 21.9317 27.2947 15.6525  19.105 30.4138       0 20.2485 7.61577
21.0238 39.8121 17.8885 28.0179 18.1108 21.9317 36.7151  12.083 27.9866  31.257 16.5529 27.5136 20.6155 10.4403 38.2753 39.5601 20.2485       0 20.3961
13.0384 20.6155 16.9706 9.43398 28.4253 11.7047 25.0599 12.7279 14.5344 13.6015 23.0217 14.3178 21.1896 12.2066 18.3576 23.4307 7.61577 20.3961       0


