  0  17.088 20.3961 24.7257  12.083 27.8568 24.7588 10.2611 10.7355 15.5563 23.7539      18 20.8087 13.0384 11.1803 20.0998  31.241 27.5136 8.60233
 17.088       0 28.6356 13.0599 20.2485 10.7703 24.0208 7.04911 11.5434 7.07107  18.554 28.8444 23.3452 5.83095 21.3776 8.94427 27.2029 18.0278 17.0294
20.3961 28.6356       0  25.926 9.05539 37.2022 13.1529 23.0931 29.5169 31.7805 18.3371 4.47214   8.544 22.8473 31.3209 24.0832      20 24.5967 13.0384
24.7257 13.0599  25.926       0 20.6243 14.0911 15.8354 15.7178 23.6349 20.1137     8.9 28.1311 17.9655 12.4483 32.5632 4.83322  16.005 5.24976 19.6306
 12.083 20.2485 9.05539 20.6243       0 29.6985 13.8924 14.2088    20.5 22.8035 15.5322 8.60233 9.21954 14.4222 23.2594 17.4929 21.0238  21.095       4
27.8568 10.7703 37.2022 14.0911 29.6985       0 29.4109 17.7564  21.006 15.0333 22.6771 38.2099 30.4138 15.8114      31 13.4164 30.0666      19 27.0185
24.7588 24.0208 13.1529 15.8354 13.8924 29.4109       0  21.473 30.0042 29.6142 6.94622      17 5.09902 19.4165  35.609 16.2788 7.28011 12.7279 16.2788
10.2611 7.04911 23.0931 15.7178 14.2088 17.7564  21.473       0 8.76584 8.75728 17.7409 22.6294 19.4034 3.26956 16.8609 10.8853 26.3304  19.588 10.5589
10.7355 11.5434 29.5169 23.6349    20.5  21.006 30.0042 8.76584       0 6.18466 26.5047 27.9508 27.4089 11.6726 10.0125 18.9011 35.0892 27.9866    16.5
15.5563 7.07107 31.7805 20.1137 22.8035 15.0333 29.6142 8.75728 6.18466       0 24.8847 31.0161 28.0179  10.198 16.0312 15.8114 33.6155      25 18.9737
23.7539  18.554 18.3371     8.9 15.5322 22.6771 6.94622 17.7409 26.5047 24.8847       0   21.36 9.86154 15.0083 33.6786 10.0125 8.73212 6.26498 16.2865
     18 28.8444 4.47214 28.1311 8.60233 38.2099      17 22.6294 27.9508 31.0161   21.36       0 12.0416 23.0217 28.4429 25.6125 24.0832 27.5136  12.083
20.8087 23.3452   8.544 17.9655 9.21954 30.4138 5.09902 19.4034 27.4089 28.0179 9.86154 12.0416       0 18.0278 31.9061      17 12.3693 16.1245 12.2066
13.0384 5.83095 22.8473 12.4483 14.4222 15.8114 19.4165 3.26956 11.6726  10.198 15.0083 23.0217 18.0278       0 20.1246 7.61577 23.7065 16.4012 11.3137
11.1803 21.3776 31.3209 32.5632 23.2594      31  35.609 16.8609 10.0125 16.0312 33.6786 28.4429 31.9061 20.1246       0 27.7308 41.7253 36.3593 19.7231
20.0998 8.94427 24.0832 4.83322 17.4929 13.4164 16.2788 10.8853 18.9011 15.8114 10.0125 25.6125      17 7.61577 27.7308       0 18.4391 9.21954 15.8114
 31.241 27.2029      20  16.005 21.0238 30.0666 7.28011 26.3304 35.0892 33.6155 8.73212 24.0832 12.3693 23.7065 41.7253 18.4391       0 11.1803 23.0217
27.5136 18.0278 24.5967 5.24976  21.095      19 12.7279  19.588 27.9866      25 6.26498 27.5136 16.1245 16.4012 36.3593 9.21954 11.1803       0  21.095
8.60233 17.0294 13.0384 19.6306       4 27.0185 16.2788 10.5589    16.5 18.9737 16.2865  12.083 12.2066 11.3137 19.7231 15.8114 23.0217  21.095       0


