      0  50.774 30.8707 11.0454  42.107 34.0147 34.0147 19.0263 52.0096 8.06226 30.1496 22.6716 29.7321 45.8039  45.607 8.06226 39.1152 43.4166 25.0799
 50.774       0 30.0167 41.2311 30.0167 42.5793 27.5136 35.3836 5.38516 43.8292 46.0977 28.6356 33.0151       6 15.0333 51.7397 41.7612 17.4642 30.8058
30.8707 30.0167       0  27.074   42.45 13.4164 34.2053 27.6586 28.2843 22.8473 16.1245 13.6015       3 24.0208 34.8855 36.1386 14.8661 15.2315 28.6356
11.0454 41.2311  27.074       0  31.257 34.4819      23       8 43.1393 9.21954 32.2025 15.2315 27.0185 36.7696 34.7851 10.6301  38.833 36.6742 14.0357
 42.107 30.0167   42.45  31.257       0 55.2268 8.94427 23.3452 35.0143 39.2938 55.8032 30.8058 44.5533 30.4138 15.1327 38.2099 57.3149 39.9249   17.72
34.0147 42.5793 13.4164 34.4819 55.2268       0  46.669 37.5899   40.05 27.1662 5.65685 24.8395 10.8167 36.6742 48.3011 41.1096 5.38516      26      40
34.0147 27.5136 34.2053      23 8.94427  46.669       0      15 31.7805 30.5941 47.0106 22.0227 36.1248 26.1725 14.8661 31.0483 49.0408 33.7343 9.05539
19.0263 35.3836 27.6586       8 23.3452 37.5899      15       0 38.0132 16.1555 36.4005 14.1421 28.4605 31.6228  27.313      17 41.2311 33.9559 6.08276
52.0096 5.38516 28.2843 43.1393 35.0143   40.05 31.7805 38.0132       0 44.6542 44.0454 29.4109  31.257 6.40312 20.2237 53.7587 38.6394 14.1421      34
8.06226 43.8292 22.8473 9.21954 39.2938 27.1662 30.5941 16.1555 44.6542       0 24.0416 15.2643 21.8403 38.5876 40.3113      14 32.0156 35.4683  21.587
30.1496 46.0977 16.1245 32.2025 55.8032 5.65685 47.0106 36.4005 44.0454 24.0416       0      25 13.1529 40.1123 50.3289 37.6563 10.8167 30.2655  39.598
22.6716 28.6356 13.6015 15.2315 30.8058 24.8395 22.0227 14.1421 29.4109 15.2643      25       0 14.7648 23.3238 27.1662 25.5539 27.7849 21.4709 15.2643
29.7321 33.0151       3 27.0185 44.5533 10.8167 36.1248 28.4605  31.257 21.8403 13.1529 14.7648       0 27.0185 37.5766 35.5106 13.0384 18.0278 30.0167
45.8039       6 24.0208 36.7696 30.4138 36.6742 26.1725 31.6228 6.40312 38.5876 40.1123 23.3238 27.0185       0 16.5529 47.3814 36.0555 12.2066 27.7308
 45.607 15.0333 34.8855 34.7851 15.1327 48.3011 14.8661  27.313 20.2237 40.3113 50.3289 27.1662 37.5766 16.5529       0 44.2832 49.0918 27.8029 21.4709
8.06226 51.7397 36.1386 10.6301 38.2099 41.1096 31.0483      17 53.7587      14 37.6563 25.5539 35.5106 47.3814 44.2832       0 46.0109 47.0106 22.8473
39.1152 41.7612 14.8661  38.833 57.3149 5.38516 49.0408 41.2311 38.6394 32.0156 10.8167 27.7849 13.0384 36.0555 49.0918 46.0109       0 24.5153 43.0465
43.4166 17.4642 15.2315 36.6742 39.9249      26 33.7343 33.9559 14.1421 35.4683 30.2655 21.4709 18.0278 12.2066 27.8029 47.0106 24.5153       0 32.0624
25.0799 30.8058 28.6356 14.0357   17.72      40 9.05539 6.08276      34  21.587  39.598 15.2643 30.0167 27.7308 21.4709 22.8473 43.0465 32.0624       0


