      0 30.0832   32.45  56.231 21.7083 49.0408 22.0227 52.0865 28.0179 5.38516 22.8254 35.8469      30 24.0416      26 6.08276 29.1548 52.3259 58.2151
30.0832       0 21.9545 45.2252 13.3135 41.7852 33.1059 54.4059 7.07107      26 9.48683 29.1548 19.4165 6.08276 34.1321 33.1059      11 39.4588 55.4617
  32.45 21.9545       0 25.5131 30.2035 20.3961 19.6469 32.6497 27.8568 31.7805 16.1245  7.2111       3 20.6155 18.0278 38.0789 31.9531 20.6155 33.6155
 56.231 45.2252 25.5131       0 55.4109 8.37377 37.1769 23.4034 51.9588 56.5378 41.4019 20.4284 28.5012 45.4744 33.3635 62.1974 56.0635 5.99333 16.3866
21.7083 13.3135 30.2035 55.4109       0 50.5594 33.6341   60.21 7.63217 16.5303 14.0801  36.773 27.2259 10.1119 36.1006 22.6991     7.5 50.0225 63.1922
49.0408 41.7852 20.3961 8.37377 50.5594       0 29.1548   17.72 48.0833 49.8197 36.4966      14 23.3452      41 25.2389 55.0818 52.2015       9 14.2127
22.0227 33.1059 19.6469 37.1769 33.6341 29.1548       0 30.0666  35.805 24.7386 23.7065 18.6011  19.105 28.3019 4.12311      28 39.0512 34.6554 36.4966
52.0865 54.4059 32.6497 23.4034   60.21   17.72 30.0666       0 59.6825 54.5894 47.0106 25.4951      35 51.9711 26.1725 58.0345 63.6318 26.4764      10
28.0179 7.07107 27.8568 51.9588 7.63217 48.0833  35.805 59.6825       0 23.1948 12.8062 34.9285 25.0799 7.81025 37.5366 29.8329 4.12311 46.2709 61.4654
5.38516      26 31.7805 56.5378 16.5303 49.8197 24.7386 54.5894 23.1948       0 19.8494 36.1386 29.0689 20.1246 28.4429  7.2111 24.0208 52.2015      60
22.8254 9.48683 16.1245 41.4019 14.0801 36.4966 23.7065 47.0106 12.8062 19.8494       0 22.8035 13.1529       5      25 27.0185 16.6433 36.1248 49.3356
35.8469 29.1548  7.2111 20.4284  36.773      14 18.6011 25.4951 34.9285 36.1386 22.8035       0 9.84886 27.5136 15.6525 41.7852      39 16.6433 26.5707
     30 19.4165       3 28.5012 27.2259 23.3452  19.105      35 25.0799 29.0689 13.1529 9.84886       0   17.72 18.1108 35.5106 29.1548 23.5372 36.4005
24.0416 6.08276 20.6155 45.4744 10.1119      41 28.3019 51.9711 7.81025 20.1246       5 27.5136   17.72       0 29.8329 27.2947 11.6619      40 54.0833
     26 34.1321 18.0278 33.3635 36.1006 25.2389 4.12311 26.1725 37.5366 28.4429      25 15.6525 18.1108 29.8329       0 32.0156 41.0122 31.1448 32.3883
6.08276 33.1059 38.0789 62.1974 22.6991 55.0818      28 58.0345 29.8329  7.2111 27.0185 41.7852 35.5106 27.2947 32.0156       0 30.1496 58.1808 64.2806
29.1548      11 31.9531 56.0635     7.5 52.2015 39.0512 63.6318 4.12311 24.0208 16.6433      39 29.1548 11.6619 41.0122 30.1496       0 50.3587 65.5515
52.3259 39.4588 20.6155 5.99333 50.0225       9 34.6554 26.4764 46.2709 52.2015 36.1248 16.6433 23.5372      40 31.1448 58.1808 50.3587       0  21.095
58.2151 55.4617 33.6155 16.3866 63.1922 14.2127 36.4966      10 61.4654      60 49.3356 26.5707 36.4005 54.0833 32.3883 64.2806 65.5515  21.095       0


