
      0 38.9487 27.1662 37.3631 24.7386 29.6816 15.8114 31.7805 31.7648      13 21.5407 40.7185 9.21954 30.0832 43.8292 28.6356 40.3609 16.5529 13.0384
38.9487       0 29.0689 36.6742 61.0328 68.0147 38.4838 67.4166 41.0122 27.0185 59.0339 43.7379 48.1041 15.0333 7.07107 38.1182 56.0357      55 30.8707
27.1662 29.0689       0 11.4018 39.1152 48.3011 15.2315 44.0454 12.0416      17 38.9102 17.2047 33.2415 14.0357 29.4109 9.05539      27   42.19 30.5287
37.3631 36.6742 11.4018       0 44.2719 54.1202 23.0217 47.8539 9.43398 28.3019 45.1221 7.07107  42.107 22.4722      35  10.198 21.9317 51.0882 41.8808
24.7386 61.0328 39.1152 44.2719       0 10.0499 24.2074 7.07107  35.171 34.1321 4.47214  43.566      17 48.7955 64.5368  34.176  33.541 19.2354 37.6563
29.6816 68.0147 48.3011 54.1202 10.0499       0  33.121 10.8167 45.1221 41.0366 9.43398 53.6004 20.5913 56.8507 72.1388 43.9659 43.2897 18.0278 41.6293
15.8114 38.4838 15.2315 23.0217 24.2074  33.121       0 29.7321 16.1555 14.0357 23.7065 25.2982  19.105      25 41.0488 13.3417 25.2389 28.0713 25.0599
31.7805 67.4166 44.0454 47.8539 7.07107 10.8167 29.7321       0 38.4838 40.7063 11.0454 46.1736 24.0208 54.6717 70.6045 38.0789 34.0147 25.2982 44.7214
31.7648 41.0122 12.0416 9.43398  35.171 45.1221 16.1555 38.4838       0 25.6125 36.3456 9.21954 34.9285      26 40.7922 3.60555 15.0333 43.7379 38.8973
     13 27.0185      17 28.3019 34.1321 41.0366 14.0357 40.7063 25.6125       0 32.0156 33.3017 21.6333  17.088  31.241 22.0227 38.0789 29.5466 13.6015
21.5407 59.0339 38.9102 45.1221 4.47214 9.43398 23.7065 11.0454 36.3456 32.0156       0 45.0999 13.1529 47.5079 62.9365 34.9285 36.4005 14.7648 34.2053
40.7185 43.7379 17.2047 7.07107  43.566 53.6004 25.2982 46.1736 9.21954 33.3017 45.0999       0 44.1475 29.4109 42.0119  12.083 16.4012 52.9528 46.8615
9.21954 48.1041 33.2415  42.107      17 20.5913  19.105 24.0208 34.9285 21.6333 13.1529 44.1475       0 38.4708 52.8015 32.3883 40.2244       9 21.1896
30.0832 15.0333 14.0357 22.4722 48.7955 56.8507      25 54.6717      26  17.088 47.5079 29.4109 38.4708       0 16.1245 23.0868 41.0122 46.6154  27.074
43.8292 7.07107 29.4109      35 64.5368 72.1388 41.0488 70.6045 40.7922  31.241 62.9365 42.0119 52.8015 16.1245       0 38.3275 55.7315  60.208      37
28.6356 38.1182 9.05539  10.198  34.176 43.9659 13.3417 38.0789 3.60555 22.0227 34.9285  12.083 32.3883 23.0868 38.3275       0 18.0278 41.3038 35.3553
40.3609 56.0357      27 21.9317  33.541 43.2897 25.2389 34.0147 15.0333 38.0789 36.4005 16.4012 40.2244 41.0122 55.7315 18.0278       0 47.8853 50.2494
16.5529      55   42.19 51.0882 19.2354 18.0278 28.0713 25.2982 43.7379 29.5466 14.7648 52.9528       9 46.6154  60.208 41.3038 47.8853       0 25.6125
13.0384 30.8707 30.5287 41.8808 37.6563 41.6293 25.0599 44.7214 38.8973 13.6015 34.2053 46.8615 21.1896  27.074      37 35.3553 50.2494 25.6125       0

