      0 34.7131 27.1662 12.0416 19.2354 24.1661 15.8114      25 27.5726      13 21.5407 17.0294 9.21954 30.0832 27.8029 28.6356 33.0151 21.0238 13.0384
34.7131       0 26.0192 22.6716 53.6004 57.6281 34.5398 50.6952 24.4182 22.8035 54.8179 48.2597 43.8634 12.1655 9.05539      35 50.4876 47.1275 26.9258
27.1662 26.0192       0  21.095 44.4072 41.5933 15.2315      29 39.4367      17 38.9102  31.305 33.2415 14.0357 26.9258 9.05539 25.2982 47.5395 30.5287
12.0416 22.6716  21.095       0 31.0644 35.5106 17.4642 32.0624 20.7183 4.24264 32.7567 26.9258 21.2132 19.2354 16.1245 26.2488 36.4005 28.0179 9.43398
19.2354 53.6004 44.4072 31.0644       0 14.7648      30 28.3019 41.1491 32.2025 14.2127 17.8885 11.1803 49.2443 46.0109 43.1045 40.2492 18.1108 28.4253
24.1661 57.6281 41.5933 35.5106 14.7648       0 26.4197 17.1172 50.9338 34.8281 2.82843 10.2956 15.5242 50.3289 51.6236 37.3631 29.4279   32.28 36.6879
15.8114 34.5398 15.2315 17.4642      30 26.4197       0 16.1555 38.1215 14.0357 23.7065 16.1245  19.105      25  31.257 13.3417 18.9737 36.7151 25.0599
     25 50.6952      29 32.0624 28.3019 17.1172 16.1555       0 51.7421 29.4279 15.5242 10.6301 21.4009 40.8167 47.0744 22.4722 12.3693 42.0119 37.4833
27.5726 24.4182 39.4367 20.7183 41.1491 50.9338 38.1215 51.7421       0 24.6221 48.5412  44.601 35.4154 30.7937 15.9765 46.2196 57.0898 27.9866 14.5344
     13 22.8035      17 4.24264 32.2025 34.8281 14.0357 29.4279 24.6221       0 32.0156 25.5539 21.6333  17.088   17.72 22.0227 32.7567  31.257 13.6015
21.5407 54.8179 38.9102 32.7567 14.2127 2.82843 23.7065 15.5242 48.5412 32.0156       0 7.61577 13.1529 47.5079 48.8774 34.9285 27.8927 31.0161 34.2053
17.0294 48.2597  31.305 26.9258 17.8885 10.2956 16.1245 10.6301  44.601 25.5539 7.61577       0 11.1803 40.3113 42.9535 27.4591 22.3607 31.6228 30.0666
9.21954 43.8634 33.2415 21.2132 11.1803 15.5242  19.105 21.4009 35.4154 21.6333 13.1529 11.1803       0 38.4708 37.0135 32.3883 32.0156 20.6155 21.1896
30.0832 12.1655 14.0357 19.2354 49.2443 50.3289      25 40.8167 30.7937  17.088 47.5079 40.3113 38.4708       0 15.5563 23.0868 39.0512 47.0425  27.074
27.8029 9.05539 26.9258 16.1245 46.0109 51.6236  31.257 47.0744 15.9765   17.72 48.8774 42.9535 37.0135 15.5563       0  35.171 49.0408 38.2753 18.3576
28.6356      35 9.05539 26.2488 43.1045 37.3631 13.3417 22.4722 46.2196 22.0227 34.9285 27.4591 32.3883 23.0868  35.171       0 16.5529 49.6588 35.3553
33.0151 50.4876 25.2982 36.4005 40.2492 29.4279 18.9737 12.3693 57.0898 32.7567 27.8927 22.3607 32.0156 39.0512 49.0408 16.5529       0  52.345 43.8634
21.0238 47.1275 47.5395 28.0179 18.1108   32.28 36.7151 42.0119 27.9866  31.257 31.0161 31.6228 20.6155 47.0425 38.2753 49.6588  52.345       0 20.3961
13.0384 26.9258 30.5287 9.43398 28.4253 36.6879 25.0599 37.4833 14.5344 13.6015 34.2053 30.0666 21.1896  27.074 18.3576 35.3553 43.8634 20.3961       0

