     0 40.4969 27.1662 20.2237 50.3587 19.4165 13.4164 36.0139 33.6155      13 51.9711 46.3249 9.21954 30.0832 57.5847 25.2982  6.7082 18.3576 13.0384
40.4969       0 20.2485 41.4367 14.4222 59.5063 32.8024 13.1529 27.8927 27.5136 27.2947 25.9615 48.7545 10.4403  17.088 26.0768  45.618  54.231 37.0135
27.1662 20.2485       0 37.8021 24.6982 43.7379 15.2971 9.84886 10.7703      17      25 19.6977 33.2415 14.0357 35.4683 5.83095 30.1496  44.643 30.5287
20.2237 41.4367 37.8021       0 54.8179 33.6155 30.0167  43.382 47.3814 21.2132 61.7738 57.1402 27.1662   32.28      57 38.8973      26 17.0294 8.06226
50.3587 14.4222 24.6982 54.8179       0 68.1542 39.8497 14.8661 26.8701 38.0132 16.0312   17.72 57.4891  22.561 14.5602 29.5296 54.3415 66.0681 49.4975
19.4165 59.5063 43.7379 33.6155 68.1542       0 28.4429 53.3667 47.0425  32.249 67.0075      61 10.7703 49.1935 76.5572 40.1123 13.9284      20 29.4109
13.4164 32.8024 15.2971 30.0167 39.8497 28.4429       0      25 20.2485      11 39.2046 33.3766 18.0278 23.3452 49.3964 12.1655      15 31.7648 21.9545
36.0139 13.1529 9.84886  43.382 14.8661 53.3667      25       0 14.8661 24.3311 18.6011      15 42.7551 12.8062 26.1725      15 39.6232 52.6118      37
33.6155 27.8927 10.7703 47.3814 26.8701 47.0425 20.2485 14.8661       0 26.1725 20.2237 14.1421 37.4833 24.1868 40.2244 8.60233 34.7131 51.8941 39.6989
     13 27.5136      17 21.2132 38.0132  32.249      11 24.3311 26.1725       0 41.7852 36.6742 21.6333  17.088 44.5982 17.6918 18.6011 28.2843 13.6015
51.9711 27.2947      25 61.7738 16.0312 67.0075 39.2046 18.6011 20.2237 41.7852       0 6.08276 57.0789 31.1448 30.1496  27.074 54.1479 69.6419 55.0364
46.3249 25.9615 19.6977 57.1402   17.72      61 33.3766      15 14.1421 36.6742 6.08276       0 51.1566 27.8029   32.28 21.2132 48.2597  64.195 50.1199
9.21954 48.7545 33.2415 27.1662 57.4891 10.7703 18.0278 42.7551 37.4833 21.6333 57.0789 51.1566       0 38.4708 65.7951 30.0167 3.16228  18.868 21.1896
30.0832 10.4403 14.0357   32.28  22.561 49.1935 23.3452 12.8062 24.1868  17.088 31.1448 27.8029 38.4708       0 27.5136 19.4165 35.3553 44.0454  27.074
57.5847  17.088 35.4683      57 14.5602 76.5572 49.3964 26.1725 40.2244 44.5982 30.1496   32.28 65.7951 27.5136       0 41.0366 62.6498  70.859 53.4603
25.2982 26.0768 5.83095 38.8973 29.5296 40.1123 12.1655      15 8.60233 17.6918  27.074 21.2132 30.0167 19.4165 41.0366       0  27.074 43.4626 31.1448
 6.7082  45.618 30.1496      26 54.3415 13.9284      15 39.6232 34.7131 18.6011 54.1479 48.2597 3.16228 35.3553 62.6498  27.074       0 19.8494 19.4165
18.3576  54.231  44.643 17.0294 66.0681      20 31.7648 52.6118 51.8941 28.2843 69.6419  64.195  18.868 44.0454  70.859 43.4626 19.8494       0 17.4642
13.0384 37.0135 30.5287 8.06226 49.4975 29.4109 21.9545      37 39.6989 13.6015 55.0364 50.1199 21.1896  27.074 53.4603 31.1448 19.4165 17.4642       0

