      0 48.3011 44.1814 59.9416 38.4708 24.0416 31.6228 34.6554 47.7598 29.2746  27.074 53.4509 13.6015 46.0977 39.9625 44.9222 70.8308      44 81.8352
48.3011       0 26.0192 50.9902  61.327 57.6281 34.5398 50.6952 38.0526 22.8035 63.8905  38.833 43.8634 12.1655 9.05539      35 60.7289 78.7718 70.9366
44.1814 26.0192       0  25.632 39.6989 41.5933 15.2315      29 12.0416      17 47.8853 13.8924 33.2415 14.0357 26.9258 9.05539 36.2353 59.4643 47.1699
59.9416 50.9902  25.632       0 35.5106 46.2709 29.2062 29.1548 14.4222      40 51.0098 12.1655 46.5188  38.833 52.5547 18.0278 11.3137 55.3624 22.6274
38.4708  61.327 39.6989 35.5106       0 15.5563 26.8328 10.8167   32.45 39.5601 17.4642 37.5899 26.9258 51.6236   57.28 32.6497 43.0465 20.5913 51.9711
24.0416 57.6281 41.5933 46.2709 15.5563       0 26.4197 17.1172 38.6394 34.8281 6.40312 44.5533 15.5242 50.3289 51.6236 37.3631 55.5428 22.1359 65.4599
31.6228 34.5398 15.2315 29.2062 26.8328 26.4197       0 16.1555 16.1555 14.0357 32.7567 21.8403  19.105      25  31.257 13.3417 40.4599 45.3431 51.7397
34.6554 50.6952      29 29.1548 10.8167 17.1172 16.1555       0 22.8473 29.4279 22.0907 28.4605 21.4009 40.8167 47.0744 22.4722 38.6005 30.6105 48.8467
47.7598 38.0526 12.0416 14.4222   32.45 38.6394 16.1555 22.8473       0 25.6125 44.3847       6 34.9285      26 38.6005 3.60555 25.6125      53 36.8782
29.2746 22.8035      17      40 39.5601 34.8281 14.0357 29.4279 25.6125       0 41.1096 29.7321 21.6333  17.088   17.72 22.0227  51.225 56.0803  62.482
 27.074 63.8905 47.8853 51.0098 17.4642 6.40312 32.7567 22.0907 44.3847 41.1096       0 50.2195 21.0238 56.7274 57.6888 43.3244 59.6825 17.1172 69.1231
53.4509  38.833 13.8924 12.1655 37.5899 44.5533 21.8403 28.4605       6 29.7321 50.2195       0 40.7922 26.6833 40.7185   8.544 22.3607 58.1808 33.2866
13.6015 43.8634 33.2415 46.5188 26.9258 15.5242  19.105 21.4009 34.9285 21.6333 21.0238 40.7922       0 38.4708 37.0135 32.3883 57.3062 37.6431 68.2642
46.0977 12.1655 14.0357  38.833 51.6236 50.3289      25 40.8167      26  17.088 56.7274 26.6833 38.4708       0 15.5563 23.0868 48.7032 70.2922 59.0931
39.9625 9.05539 26.9258 52.5547   57.28 51.6236  31.257 47.0744 38.6005   17.72 57.6888 40.7185 37.0135 15.5563       0  35.171 63.0714 73.3553 73.8241
44.9222      35 9.05539 18.0278 32.6497 37.3631 13.3417 22.4722 3.60555 22.0227 43.3244   8.544 32.3883 23.0868  35.171       0 29.2062 53.0094 40.4599
70.8308 60.7289 36.2353 11.3137 43.0465 55.5428 40.4599 38.6005 25.6125  51.225 59.6825 22.3607 57.3062 48.7032 63.0714 29.2062       0 61.5224 11.3137
     44 78.7718 59.4643 55.3624 20.5913 22.1359 45.3431 30.6105      53 56.0803 17.1172 58.1808 37.6431 70.2922 73.3553 53.0094 61.5224       0      69
81.8352 70.9366 47.1699 22.6274 51.9711 65.4599 51.7397 48.8467 36.8782  62.482 69.1231 33.2866 68.2642 59.0931 73.8241 40.4599 11.3137      69       0


