      1e+20 1.18929e+12  9.4921e+11 1.69579e+12 2.15838e+12 1.12969e+12 1.21277e+12 4.57056e+11 9.73242e+11 1.36004e+12     176.465     111.723     193.039     157.867     172.285     174.393      114.56     183.897     157.813     152.118     143.402     164.648     165.801     189.763     188.807     179.335     156.349     191.846     186.043     187.449     163.003     211.227     157.953     185.324     151.212     128.818     183.535     121.696     140.246     176.604     115.261     166.712     162.542     172.569     186.818     129.557     176.672     176.641     145.647     183.439     179.805     144.755     133.795      225.61     197.434     186.454      219.44     134.469     195.064     162.542       206.4     134.469     143.087     166.859     209.745      199.06     167.738     194.618     152.742     126.063     161.012       1e+20 1.18929e+12  9.4921e+11 1.69579e+12 2.15838e+12 1.12969e+12 1.21277e+12 4.57056e+11 9.73242e+11 1.36004e+12
1.18929e+12       1e+20 2.40416e+11 6.26498e+11 1.18701e+12 6.10082e+11 6.82642e+11 7.42496e+11  1.1114e+12  3.1257e+11     69.7711     51.0882     83.2346     53.7587     65.7419     55.5428          50     94.2019     67.1193      38.833     72.8011     110.368     93.9042     102.108      82.365      60.407     67.0298     93.9202     69.6563      74.411      92.228      102.65     65.2763     66.6408     57.1402     60.4152     98.4124     48.7647     47.0425      102.24     52.2015     69.6348     96.1041      107.87     111.018      61.327     67.7422     99.0454     89.6939     64.5136     103.044     35.4683     51.6624     121.803     94.8472      86.977     112.898     52.6308     86.8217     96.1041     99.3227     52.6308     55.2268     49.8197      105.19     99.1615     90.1998     110.653     67.0671     60.8276     91.5915 1.18929e+12       1e+20 2.40416e+11 6.26498e+11 1.18701e+12 6.10082e+11 6.82642e+11 7.42496e+11  1.1114e+12  3.1257e+11
 9.4921e+11 2.40416e+11       1e+20 8.22253e+11 1.36308e+12 5.83095e+11 6.75426e+11 5.06063e+11 9.64261e+11 4.66154e+11     88.2383     47.0744     103.276     70.4557     84.0238     79.4796     47.5184     106.977     78.7718     59.5483     77.0584     112.539     100.499      114.49     101.045     84.4334     78.1089     109.659      92.358     95.6713      98.326     122.495     77.6209      90.471     69.4622     62.0322     109.768          50     57.9396     110.168     49.6488     84.0773     101.045      113.04     119.854     63.0317     87.1149      107.87     90.6697     88.5438     111.803     53.8145     57.8705     140.207      112.33     103.078     132.136     58.8558     106.301     101.045     118.562     58.8558       64.56     72.7186       123.6     115.763     98.4784     122.123     76.6551     61.2046     97.1854  9.4921e+11 2.40416e+11       1e+20 8.22253e+11 1.36308e+12 5.83095e+11 6.75426e+11 5.06063e+11 9.64261e+11 4.66154e+11
1.69579e+12 6.26498e+11 8.22253e+11       1e+20 5.66127e+11 6.77422e+11 6.60681e+11 1.24145e+12 1.73589e+12 7.78332e+11     91.4822     111.018     94.4299     86.7698      89.493     48.3735     109.202     126.194     107.042     67.7422     123.065     159.505     138.062     133.765     99.4636          46     108.046     118.127     70.0643     82.3893     137.379     110.018     104.317     55.0818     98.4784     115.261     132.966     105.646     93.8616     143.108     111.212     102.956      142.58     152.817     149.164     115.966     86.8332     138.654     141.993     47.1699     142.271     73.6003     103.325     132.034     113.283     111.571     121.066     104.062     99.5038      142.58     110.073     104.062     102.005     59.7746     118.152     119.683     132.004     143.252     110.675     116.726     137.594 1.69579e+12 6.26498e+11 8.22253e+11       1e+20 5.66127e+11 6.77422e+11 6.60681e+11 1.24145e+12 1.73589e+12 7.78332e+11
2.15838e+12 1.18701e+12 1.36308e+12 5.66127e+11       1e+20 1.04019e+12 9.74166e+11 1.72131e+12 2.29839e+12 1.33795e+12     140.293     167.631     138.398     139.628     139.284     96.2549     165.801     175.636      160.24     121.828     178.241     213.694     191.207     182.603     145.362     91.4166     161.484     165.024     114.061     127.047     190.851     149.616     157.433     97.9439     152.502     171.406     182.989     162.111     149.201      194.99       167.8     154.509     196.311     205.801     199.812     172.073     135.326     190.263     197.314     90.3549     193.598     128.701     159.176     170.511     158.095     159.239     159.625     159.862     143.388     196.311     151.489     159.862     157.035     110.436     159.703     164.794     184.613     191.943     164.657     173.003     191.314 2.15838e+12 1.18701e+12 1.36308e+12 5.66127e+11       1e+20 1.04019e+12 9.74166e+11 1.72131e+12 2.29839e+12 1.33795e+12
1.12969e+12 6.10082e+11 5.83095e+11 6.77422e+11 1.04019e+12       1e+20 9.89949e+10 7.20902e+11 1.50712e+12 9.21358e+11      127.35     104.995     137.993     113.437     123.693     97.9439     105.081     154.829     128.098     95.8019     132.371     169.248     154.467     162.788     139.176     99.6243     128.035      153.17     118.533     127.236     152.643     156.924     126.194     108.724     118.106     118.457     159.314     106.301     108.005      163.11      107.28     129.988      156.16     168.077     172.003     119.436     124.326     160.012     147.733     102.801     164.012     95.0368     111.647     177.792     152.611     146.113     167.869     112.641     142.338      156.16     154.729     112.641     116.069     100.319     161.595     157.648     151.083     171.493     128.016     118.127     151.845 1.12969e+12 6.10082e+11 5.83095e+11 6.77422e+11 1.04019e+12       1e+20 9.89949e+10 7.20902e+11 1.50712e+12 9.21358e+11
1.21277e+12 6.82642e+11 6.75426e+11 6.60681e+11 9.74166e+11 9.89949e+10       1e+20 8.13941e+11 1.60562e+12 9.90202e+11     132.575     113.886     142.338     119.507     129.066     100.623     113.842     161.251     135.015     101.272     140.428     177.564     162.117     169.239     144.069      101.71     135.059     158.824     121.852     131.244     160.381     160.975         133     111.018     125.016     126.846     166.027     114.726     115.278     170.496     116.056     136.297     164.073     175.932     179.179     127.816     129.294     167.242     156.208     104.623     171.237     101.242      119.52     182.187     157.709     151.753     172.029     120.507      146.84     164.073     159.101     120.507     123.491     104.355     166.208     162.975     158.455     178.101       135.3     126.649     159.665 1.21277e+12 6.82642e+11 6.75426e+11 6.60681e+11 9.74166e+11 9.89949e+10       1e+20 8.13941e+11 1.60562e+12 9.90202e+11
4.57056e+11 7.42496e+11 5.06063e+11 1.24145e+12 1.72131e+12 7.20902e+11 8.13941e+11       1e+20 9.26553e+11  9.4921e+11     136.517      78.721     152.398     118.089     132.276     129.769     80.9506     149.496     121.828     109.622     112.308     140.918     136.165     156.247     149.215     134.462     120.673     155.081     142.888     145.602      133.54     171.266       121.4      140.89     113.851     96.6075     150.586      86.954     102.303      146.82     82.2922     129.321      134.48     145.784      157.08      97.509     136.029     145.798     119.641     138.539     149.402     103.078     98.1835     187.545     159.289     149.037     180.314     99.0202     154.987      134.48     166.901     99.0202     106.832     123.309     171.172     161.839       136.4     162.496     117.886     94.4299     131.848 4.57056e+11 7.42496e+11 5.06063e+11 1.24145e+12 1.72131e+12 7.20902e+11 8.13941e+11       1e+20 9.26553e+11  9.4921e+11
9.73242e+11  1.1114e+12 9.64261e+11 1.73589e+12 2.29839e+12 1.50712e+12 1.60562e+12 9.26553e+11       1e+20 1.03078e+12     128.141     65.2534     144.499     113.111     125.036     150.881     67.9117     117.004     100.603     120.416     77.2787     79.0253     90.8735     119.775     136.938     157.178     98.6154      130.25     150.479         145     88.2383     157.509     102.396     158.319     100.005      71.007     113.088     74.1485     94.4299     100.185     66.4906     111.647     84.9706     90.9725     108.908          71     131.015      102.46      67.624     160.854     104.202       111.4     83.2166     163.817      139.27     127.675     161.771     83.1505     144.007     84.9706     151.608     83.1505     91.0055     137.295     151.344     137.786     96.2081     120.748     93.6483     68.0294     86.0058 9.73242e+11  1.1114e+12 9.64261e+11 1.73589e+12 2.29839e+12 1.50712e+12 1.60562e+12 9.26553e+11       1e+20 1.03078e+12
1.36004e+12  3.1257e+11 4.66154e+11 7.78332e+11 1.33795e+12 9.21358e+11 9.90202e+11  9.4921e+11 1.03078e+12       1e+20     41.7732      37.855     57.4891     23.8537     37.5366     47.8539      35.171     62.9682          36     18.0278      45.793     83.1865     64.2884      70.859     54.5619     54.1295     36.0555      63.561     51.6624     51.4782     62.9365     76.3806     34.0588     56.0357          26     37.6431     67.1863     29.5466      17.088     71.8471     36.6879     38.6005     67.4166     78.7464     80.2247     38.2884     41.1096     68.3593      64.405     57.8705     72.3395     9.21954     25.4951     93.6002     65.7343     56.7979      85.703     26.2488     60.1082     67.4166     72.1803     26.2488      25.632          35     77.0065     69.3542     59.8415      79.404     36.6742     39.4081     62.6259 1.36004e+12  3.1257e+11 4.66154e+11 7.78332e+11 1.33795e+12 9.21358e+11 9.90202e+11  9.4921e+11 1.03078e+12       1e+20
1.76465e+12 6.97711e+11 8.82383e+11 9.14822e+11 1.40293e+12  1.2735e+12 1.32575e+12 1.36517e+12 1.28141e+12 4.17732e+11       1e+10     68.9493      17.088     18.6011     4.24264     44.2832     65.7875     35.3553     28.4429     31.6228     52.6118     78.7718     54.6443     42.5441     12.8062     48.8774     30.4138      27.074     28.4253     18.0278     55.2268     34.8281     26.1725     43.2782     28.4429     57.4282       42.72     58.1893     37.1618     55.8659     66.0984     18.0278     61.0574     68.1175     59.6406     57.3149           5     50.9313     69.2604     50.2195     53.9073     34.6699     46.5725     52.1536     25.2982     20.2237     43.9318     46.3249     18.6011     61.0574     30.4138     46.3249     37.6563     31.7805     35.5106     30.4138     47.2017          52     35.3553      60.531     56.4358     176.465     69.7711     88.2383     91.4822     140.293      127.35     132.575     136.517     128.141     41.7732
1.11723e+12 5.10882e+11 4.70744e+11 1.11018e+12 1.67631e+12 1.04995e+12 1.13886e+12  7.8721e+11 6.52534e+11  3.7855e+11     68.9493       1e+10     86.0349     51.4198      65.146      85.703     3.16228     72.2496     46.4004     55.4437     33.6155     66.0076     57.5847     78.4092     80.1124     91.9837     44.8219     80.4301     87.1436     83.7437     55.0273     102.416     46.8722     93.5361     41.1461     17.8885     72.4224     10.7703     32.0156     68.1542     3.60555     56.0803     56.5155     68.2495     78.3901     18.7883     70.6045      67.082     44.0114     95.7079     70.6824     46.3897     22.8254     114.621     86.8217      75.452     109.417     23.3238     86.9253     56.5155     97.0618     23.3238      32.249     72.4431     99.3227     87.8009     57.7062     84.0595     41.0366     15.8114     53.4509     111.723     51.0882     47.0744     111.018     167.631     104.995     113.886      78.721     65.2534      37.855
1.93039e+12 8.32346e+11 1.03276e+12 9.44299e+11 1.38398e+12 1.37993e+12 1.42338e+12 1.52398e+12 1.44499e+12 5.74891e+11      17.088     86.0349       1e+10     35.3553     21.0238     46.0977     82.8734     41.4005     44.0114     44.4072     68.0294     89.9611     65.9242      46.669     8.94427     48.8365     46.0109     27.6586     24.7386     12.0416     67.0671     19.4165      42.107     40.8044     45.3542     74.1485     49.2037     75.2728      54.231     64.6607     83.1685          33     72.8011     77.8974     65.9469     73.9797     16.4012     59.6825     83.3607     48.7647     61.8547     49.4975     63.6003     39.8497     19.6977     23.6008     29.9666     63.3246     5.09902     72.8011     16.7631     63.3246     54.5711     38.0789     24.1868     26.4008     58.3095     55.3173     51.0098     77.2787     68.6222     193.039     83.2346     103.276     94.4299     138.398     137.993     142.338     152.398     144.499     57.4891
1.57867e+12 5.37587e+11 7.04557e+11 8.67698e+11 1.39628e+12 1.13437e+12 1.19507e+12 1.18089e+12 1.13111e+12 2.38537e+11     18.6011     51.4198     35.3553       1e+10     14.4222     44.6878     48.2701     42.0476     20.6155     19.6469     41.5933     74.2765      51.614       50.04     31.1448     50.6063     21.9317     40.1622     37.6563     32.3883      51.225     53.4135     17.8045     48.3011     14.3178       42.19      47.676     40.7922     19.4165     56.3649     48.8365     17.1172     56.7274     66.2873     62.9365     42.2966     19.3132          52      60.208     53.2541     55.7136     18.4391     30.0167      69.814     41.8808     33.2415     62.2254          30     37.2022     56.7274     48.8365          30     22.3607     29.7321     53.2635      45.618     45.2769     59.2115     25.6125     45.0999     51.7397     157.867     53.7587     70.4557     86.7698     139.628     113.437     119.507     118.089     113.111     23.8537
1.72285e+12 6.57419e+11 8.40238e+11  8.9493e+11 1.39284e+12 1.23693e+12 1.29066e+12 1.32276e+12 1.25036e+12 3.75366e+11     4.24264      65.146     21.0238     14.4222       1e+10     43.0465     61.9839     36.7696     26.2488     27.8927     50.2195     78.0064      54.037     44.2719     17.0294     48.0104     28.1603     30.0167     29.1548     20.2237     54.4059     39.0512     23.7697     43.1393     25.0799     54.1479     43.8292     54.4059     33.2415     56.0803     62.3618     16.6433     60.2163      67.897     60.5392     54.0833     6.08276      51.225     67.4166      49.679     54.4059     30.5287     42.9535     56.3028     29.1548          23     48.1664     42.7551     22.8035     60.2163     34.6554     42.7551     34.2345     29.7321     39.6611     33.9559     46.7547     53.7587     32.9848     57.2189     55.4707     172.285     65.7419     84.0238      89.493     139.284     123.693     129.066     132.276     125.036     37.5366
1.74393e+12 5.55428e+11 7.94796e+11 4.83735e+11 9.62549e+11 9.79439e+11 1.00623e+12 1.29769e+12 1.50881e+12 4.78539e+11     44.2832      85.703     46.0977     44.6878     43.0465       1e+10     82.9759     79.6053     65.0692     30.6757      85.703     118.802     95.5877     86.8159     51.1957     6.32456     66.5282      70.214     22.2036     34.0588      95.483      62.514     62.2415     11.4018     58.6003     82.8553     86.8332      76.922     58.6003      98.813     84.4038     58.4123     101.119     109.986     103.586     83.2586     39.3954     94.0479     104.623     10.0499     97.3499     39.5601      69.857     84.4808     64.9384     63.9062     73.6817     70.2638     51.1566     101.119     62.0322     70.2638          65          15          70     71.3863     88.7299     96.2549     70.2922      85.235     96.1665     174.393     55.5428     79.4796     48.3735     96.2549     97.9439     100.623     129.769     150.881     47.8539
 1.1456e+12       5e+11 4.75184e+11 1.09202e+12 1.65801e+12 1.05081e+12 1.13842e+12 8.09506e+11 6.79117e+11  3.5171e+11     65.7875     3.16228     82.8734     48.2701     61.9839     82.9759       1e+10      69.527     43.4166     52.6118     31.6228      65.123     55.6597     75.8024     76.9675     89.2693     41.8688     77.4661     84.0952      80.604     53.1601     99.2824     43.8292     90.6697     38.0132     15.8114     69.8928     7.61577     28.8617     66.1287     2.23607          53     54.9181     66.7533     76.3217     16.7631     67.4463     64.8845     43.1856     92.9624      68.542      43.566     19.7231     111.606     83.7616     72.4224      106.33     20.2485     83.7735     54.9181     93.9415     20.2485     29.1548     69.5845     96.2549     84.8116     55.4617     81.6333     38.1838     14.1421     51.6624      114.56          50     47.5184     109.202     165.801     105.081     113.842     80.9506     67.9117      35.171
1.83897e+12 9.42019e+11 1.06977e+12 1.26194e+12 1.75636e+12 1.54829e+12 1.61251e+12 1.49496e+12 1.17004e+12 6.29682e+11     35.3553     72.2496     41.4005     42.0476     36.7696     79.6053      69.527       1e+10     28.2312     61.4003     41.8808      50.448          28           8     32.6497       84.22     29.0689     15.5242     62.6259     50.2494     30.0666      44.911     29.4109     78.2368     37.6431     55.1725     7.81025     62.8013     49.0408     23.7697     68.6804          25     35.0143     37.3363     24.7588     54.4885     40.3113     18.9737       50.01       85.44     20.5913     60.0333     51.3128     46.8402     25.9615     17.8045     46.0435     50.4777     37.7359     35.0143     39.0512     50.4777     42.9418     66.4831     36.0139     22.0227     21.2132     17.2627     31.6228     58.0517     32.1403     183.897     94.2019     106.977     126.194     175.636     154.829     161.251     149.496     117.004     62.9682
1.57813e+12 6.71193e+11 7.87718e+11 1.07042e+12  1.6024e+12 1.28098e+12 1.35015e+12 1.21828e+12 1.00603e+12     3.6e+11     28.4429     46.4004     44.0114     20.6155     26.2488     65.0692     43.4166     28.2312       1e+10     39.3573     24.1868     53.7401     31.0644     35.7351     36.3456     70.8378           2     34.0588     55.0364     46.3249     30.6105     57.5674     2.82843     67.6757          10     31.3847     31.4006     36.1248     20.8806     36.6879     43.0116     11.0454     36.1248      45.793     44.4072     31.0161       32.28     32.7567     41.2311     73.2462     36.6742      35.171     24.0416     68.2422     40.7063     29.1548     63.5059     23.3452     43.4166     36.1248     51.8652     23.3452          15     50.2096     53.2353     41.4005     25.0799     43.7379           7     34.5398     31.1448     157.813     67.1193     78.7718     107.042      160.24     128.098     135.015     121.828     100.603          36
1.52118e+12  3.8833e+11 5.95483e+11 6.77422e+11 1.21828e+12 9.58019e+11 1.01272e+12 1.09622e+12 1.20416e+12 1.80278e+11     31.6228     55.4437     44.4072     19.6469     27.8927     30.6757     52.6118     61.4003     39.3573       1e+10     56.6392     92.0054     70.3278     69.3542     43.8634          37     40.3113     57.5587      34.176     36.1248     69.6419     63.8201     36.6742     38.1182     30.8058     52.3259     67.2681     46.3249     28.3019     75.7694     53.9351     36.6742     74.8866     85.0882     82.5651     52.7731     29.0689     71.5122      75.743     40.5216     75.2728     9.05539     39.3573     83.1865      56.921     50.4876     74.0945     39.8246     48.0208     74.8866     60.5392     39.8246     35.4683     17.0294     66.6408     61.8466      64.405     78.6384     43.0116      54.626     69.8928     152.118      38.833     59.5483     67.7422     121.828     95.8019     101.272     109.622     120.416     18.0278
1.43402e+12 7.28011e+11 7.70584e+11 1.23065e+12 1.78241e+12 1.32371e+12 1.40428e+12 1.12308e+12 7.72787e+11  4.5793e+11     52.6118     33.6155     68.0294     41.5933     50.2195      85.703     31.6228     41.8808     24.1868     56.6392       1e+10     37.6962     24.0416     46.7547     60.0333     91.8096     22.2036     53.4883     78.4347      70.406      21.587     80.2309     26.4764     89.8944     27.2947     15.8114     40.3113     27.1662     29.2062     34.5398     30.0832     35.0571          24          36     44.7772     14.8661     56.2939     33.6155      19.105     94.6678     37.1214     49.5782     21.1896     87.7268     62.0967      50.448     84.7703     20.2485     67.0671          24     74.3303     20.2485     21.2132     70.7248     74.3303     61.0983     24.4131      51.225     17.2627     17.8885     20.2237     143.402     72.8011     77.0584     123.065     178.241     132.371     140.428     112.308     77.2787      45.793
1.64648e+12 1.10368e+12 1.12539e+12 1.59505e+12 2.13694e+12 1.69248e+12 1.77564e+12 1.40918e+12 7.90253e+11 8.31865e+11     78.7718     66.0076     89.9611     74.2765     78.0064     118.802      65.123      50.448     53.7401     92.0054     37.6962       1e+10     24.1868      49.163     81.0247     124.523      52.345     65.9697     107.075     96.3846     23.6008     95.3415     56.5685      120.88     61.2209     50.8035      43.566     62.9682      66.242     27.1662     63.0714     61.4003     17.8045     14.0357     32.5576     49.8197     83.4865     31.5753          22     126.811     31.0644     85.9826     58.8727     94.0053     76.4003     67.0671     95.5249     57.9396     87.0919     17.8045     89.4986     57.9396     57.8014     103.947     85.9884     72.1803     31.7648     46.2709     49.0408     51.3517     22.6716     164.648     110.368     112.539     159.505     213.694     169.248     177.564     140.918     79.0253     83.1865
1.65801e+12 9.39042e+11 1.00499e+12 1.38062e+12 1.91207e+12 1.54467e+12 1.62117e+12 1.36165e+12 9.08735e+11 6.42884e+11     54.6443     57.5847     65.9242      51.614      54.037     95.5877     55.6597          28     31.0644     70.3278     24.0416     24.1868       1e+10     29.1204     57.0088     101.139     30.0167     43.1856      83.006     72.2011     2.82843     72.5603     33.8378     97.0824     39.8121     39.8497      22.561     50.9902     47.2969     10.8167     54.0833     37.5366     7.07107     14.7648      21.095     38.8973     59.4054     11.6619     23.2594     103.247     14.1421     65.3911          43     74.1485     53.4603     43.4166      74.027          42     63.2456     7.07107     66.6108          42      38.833     80.9197     64.0078       50.01     7.61577     30.2324     27.8568     41.7852           5     165.801     93.9042     100.499     138.062     191.207     154.467     162.117     136.165     90.8735     64.2884
1.89763e+12 1.02108e+12  1.1449e+12 1.33765e+12 1.82603e+12 1.62788e+12 1.69239e+12 1.56247e+12 1.19775e+12  7.0859e+11     42.5441     78.4092      46.669       50.04     44.2719     86.8159     75.8024           8     35.7351     69.3542     46.7547      49.163     29.1204       1e+10     38.2884     91.2414     36.4005     19.2094     69.0652     56.4004     31.6228     47.1699      37.108     84.9058     45.3542      60.959      6.7082     69.3397     56.6127     22.0227     74.8131          33     35.6931     35.3553     19.7231      60.208     47.4236     18.1108     52.2015     92.2822     18.1108     68.0294     58.1808     45.2769     29.1548     23.6008     46.3897     57.3062     42.5206     35.6931     41.6293     57.3062     50.1597          74      37.108     23.7697     23.7065     9.48683     38.4708     63.7024     33.8378     189.763     102.108      114.49     133.765     182.603     162.788     169.239     156.247     119.775      70.859
1.88807e+12  8.2365e+11 1.01045e+12 9.94636e+11 1.45362e+12 1.39176e+12 1.44069e+12 1.49215e+12 1.36938e+12 5.45619e+11     12.8062     80.1124     8.94427     31.1448     17.0294     51.1957     76.9675     32.6497     36.3456     43.8634     60.0333     81.0247     57.0088     38.2884       1e+10     54.7083     38.3275     19.7231      31.305     18.3576     58.1893     22.4722     34.7131     47.4236          39     67.1863     40.4599     69.3542     48.8774     55.7584     77.0779      25.318     63.9062     68.9638     57.3149     66.9403     14.8661      50.774     74.8131     55.1543     53.0094     47.4342     57.3847     39.4462          14     14.8661     31.1448     57.0088     7.07107     63.9062     17.6918     57.0088     48.1041     41.0122     22.8254     20.2237     49.3964     47.2017     43.2897      70.342     59.7746     188.807      82.365     101.045     99.4636     145.362     139.176     144.069     149.215     136.938     54.5619
1.79335e+12  6.0407e+11 8.44334e+11     4.6e+11 9.14166e+11 9.96243e+11  1.0171e+12 1.34462e+12 1.57178e+12 5.41295e+11     48.8774     91.9837     48.8365     50.6063     48.0104     6.32456     89.2693       84.22     70.8378          37     91.8096     124.523     101.139     91.2414     54.7083       1e+10     72.3464     74.0945     24.1868     36.8782     101.119     64.0312     68.0147     9.48683     64.6375     89.1572      91.586     83.2406     64.8845     104.019     90.7083     63.7809     106.794     115.434     108.453     89.5545      43.909     99.2018      110.68     4.12311     102.416     45.8803     76.1577     86.0523     68.1542     68.0294     75.1066     76.5572     53.9351     106.794     64.1249     76.5572     71.1969      21.095     72.2496     74.7262     94.1754     100.623     76.2168     91.5478     101.863     179.335      60.407     84.4334          46     91.4166     99.6243      101.71     134.462     157.178     54.1295
1.56349e+12 6.70298e+11 7.81089e+11 1.08046e+12 1.61484e+12 1.28035e+12 1.35059e+12 1.20673e+12 9.86154e+11 3.60555e+11     30.4138     44.8219     46.0109     21.9317     28.1603     66.5282     41.8688     29.0689           2     40.3113     22.2036      52.345     30.0167     36.4005     38.3275     72.3464       1e+10      35.609     56.8595     48.2701     29.4109     59.4811     4.47214     69.3397      10.198     29.5466     31.7805     34.6554     20.3961     36.1386     41.4005     13.0384     34.8281     44.7772     44.1814     29.1548     34.2053     32.3883     39.3954     74.8131     36.3456     35.7351     22.6716     69.8928     42.4853     30.8869      65.307     21.9317     45.3982     34.8281     53.7587     21.9317     13.8924     51.6236     55.0091     43.0116     24.3516     44.1475           5     32.6956     29.8329     156.349     67.0298     78.1089     108.046     161.484     128.035     135.059     120.673     98.6154     36.0555
1.91846e+12 9.39202e+11 1.09659e+12 1.18127e+12 1.65024e+12  1.5317e+12 1.58824e+12 1.55081e+12  1.3025e+12  6.3561e+11      27.074     80.4301     27.6586     40.1622     30.0167      70.214     77.4661     15.5242     34.0588     57.5587     53.4883     65.9697     43.1856     19.2094     19.7231     74.0945      35.609       1e+10          51     38.0789     45.0444     29.4279     33.9411      67.082     41.2311     64.6607     22.8473     70.1783     52.8015     39.2173     77.0065      25.807     50.2494      52.811      38.833     64.1405     31.4006     34.4819     64.2806     74.7329     35.8469     58.5235     58.0517     34.4819     10.4403     7.07107     31.5753     57.3847     23.3452     50.2494     23.5372     57.3847     48.7955     58.6941     21.2132     7.61577     36.0139     27.6586     39.6611     67.7422     47.0106     191.846     93.9202     109.659     118.127     165.024      153.17     158.824     155.081      130.25      63.561
1.86043e+12 6.96563e+11  9.2358e+11 7.00643e+11 1.14061e+12 1.18533e+12 1.21852e+12 1.42888e+12 1.50479e+12 5.16624e+11     28.4253     87.1436     24.7386     37.6563     29.1548     22.2036     84.0952     62.6259     55.0364      34.176     78.4347     107.075      83.006     69.0652      31.305     24.1868     56.8595          51       1e+10          13     83.4865     40.3113     52.3927     16.1555     51.6624     79.7621     70.2922     77.0065     56.0803     84.1724     85.0235      45.793     89.3085     96.5401     87.3212     79.9062     23.6008     79.2086     96.2549     24.0416     82.0366       42.45     67.2681     62.2896     44.2719     45.4863     51.4782     67.3647     29.8329     89.3085     40.0125     67.3647     60.0167     19.8494     48.0937     50.9215     75.6042     78.2304     61.4654     82.6075     84.5991     186.043     69.6563      92.358     70.0643     114.061     118.533     121.852     142.888     150.479     51.6624
1.87449e+12  7.4411e+11 9.56713e+11 8.23893e+11 1.27047e+12 1.27236e+12 1.31244e+12 1.45602e+12    1.45e+12 5.14782e+11     18.0278     83.7437     12.0416     32.3883     20.2237     34.0588      80.604     50.2494     46.3249     36.1248      70.406     96.3846     72.2011     56.4004     18.3576     36.8782     48.2701     38.0789          13       1e+10     72.9452     29.7321     43.9318     29.1548     45.0111     74.0068          58     73.1642      51.788     72.4707     81.2158     36.0555     78.7718     85.2115     75.0067          74     14.1421     67.4759     87.2812          37     70.0928       42.72     62.2896     51.1957     31.3209     32.8024     40.8044     62.2013     17.1172     78.7718     28.2843     62.2013     54.0093     26.9258     36.0555     37.9473     64.6607     65.4599     53.1507      77.026     74.2428     187.449      74.411     95.6713     82.3893     127.047     127.236     131.244     145.602         145     51.4782
1.63003e+12  9.2228e+11  9.8326e+11 1.37379e+12 1.90851e+12 1.52643e+12 1.60381e+12  1.3354e+12 8.82383e+11 6.29365e+11     55.2268     55.0273     67.0671      51.225     54.4059      95.483     53.1601     30.0666     30.6105     69.6419      21.587     23.6008     2.82843     31.6228     58.1893     101.119     29.4109     45.0444     83.4865     72.9452       1e+10     74.3303     33.4215     97.3088     38.9487     37.3631          25     48.6621     45.8803     13.6015     51.5461     37.8021     5.83095     15.8114     23.8537     36.4005     59.9083     14.4222     20.6155     103.325     16.9706      64.405     41.0488     76.4853     55.2268      44.911     76.1052       40.05       64.56     5.83095     68.3593       40.05     37.3631     80.7217     66.0076     52.0096     9.05539     33.0151     26.8328     39.2173     2.23607     163.003      92.228      98.326     137.379     190.851     152.643     160.381      133.54     88.2383     62.9365
2.11227e+12  1.0265e+12 1.22495e+12 1.10018e+12 1.49616e+12 1.56924e+12 1.60975e+12 1.71266e+12 1.57509e+12 7.63806e+11     34.8281     102.416     19.4165     53.4135     39.0512      62.514     99.2824      44.911     57.5674     63.8201     80.2309     95.3415     72.5603     47.1699     22.4722     64.0312     59.4811     29.4279     40.3113     29.7321     74.3303       1e+10     56.3028     55.0091     61.2699     88.8651      51.923     91.6788     71.3442     68.4105     99.3177     46.8188     79.6304     82.0061     66.7083     88.5438     35.3836     63.7887     93.0054     63.0317      64.846     68.6804     79.6241     22.0227      19.105     30.0666     11.1803     79.2023     16.2788     79.6304           6     79.2023     70.2638      56.648     11.3137     23.4094     65.2763     53.7122     64.2884     92.0272     76.2365     211.227      102.65     122.495     110.018     149.616     156.924     160.975     171.266     157.509     76.3806
1.57953e+12 6.52763e+11 7.76209e+11 1.04317e+12 1.57433e+12 1.26194e+12    1.33e+12   1.214e+12 1.02396e+12 3.40588e+11     26.1725     46.8722      42.107     17.8045     23.7697     62.2415     43.8292     29.4109     2.82843     36.6742     26.4764     56.5685     33.8378      37.108     34.7131     68.0147     4.47214     33.9411     52.3927     43.9318     33.4215     56.3028       1e+10     64.8999     8.24621      32.573     33.1361     36.4005     19.6977     39.2173      43.566     9.48683     38.9487     48.5489     46.6905       32.28     29.8329      35.171     43.8634     70.4344     39.0512     32.7567     24.2074     67.8012     39.9625     28.6007     62.6498     23.6008     41.7732     38.9487     50.6952     23.6008     14.8661     47.3814     52.4786     41.1096     27.7308     45.3982     9.21954     35.7351     33.9706     157.953     65.2763     77.6209     104.317     157.433     126.194         133       121.4     102.396     34.0588
1.85324e+12 6.66408e+11  9.0471e+11 5.50818e+11 9.79439e+11 1.08724e+12 1.11018e+12  1.4089e+12 1.58319e+12 5.60357e+11     43.2782     93.5361     40.8044     48.3011     43.1393     11.4018     90.6697     78.2368     67.6757     38.1182     89.8944      120.88     97.0824     84.9058     47.4236     9.48683     69.3397      67.082     16.1555     29.1548     97.3088     55.0091     64.8999       1e+10     62.6099     88.8876     85.8021     84.1724       64.56     99.0858     91.9239     59.5483     103.078     111.036     102.801     89.1852     38.2884     94.1754     108.407     8.06226     97.1854     47.1699     75.9605          77      60.407     61.4003     66.0076      76.243     45.8803     103.078     55.4437      76.243     70.0071      21.095     63.6396     67.0671     89.8721     94.1541     73.5731     91.4822     98.2344     185.324     66.6408      90.471     55.0818     97.9439     108.724     111.018      140.89     158.319     56.0357
1.51212e+12 5.71402e+11 6.94622e+11 9.84784e+11 1.52502e+12 1.18106e+12 1.25016e+12 1.13851e+12 1.00005e+12     2.6e+11     28.4429     41.1461     45.3542     14.3178     25.0799     58.6003     38.0132     37.6431          10     30.8058     27.2947     61.2209     39.8121     45.3542          39     64.6375      10.198     41.2311     51.6624     45.0111     38.9487     61.2699     8.24621     62.6099       1e+10     29.0689     41.3038     30.4138     11.6619     46.3249     38.0789     15.5563     44.1022     54.5619     54.3323     29.0172     31.0161     42.5793     46.0435     67.4166     46.5296      25.632     18.3848      74.411     46.2277     35.3553     68.5055     18.0278     45.8803     44.1022     55.9464     18.0278     9.21954     43.6005     58.6003     48.1041     34.4819     53.6004     12.2066     32.1403     39.1152     151.212     57.1402     69.4622     98.4784     152.502     118.106     125.016     113.851     100.005          26
1.28818e+12 6.04152e+11 6.20322e+11 1.15261e+12 1.71406e+12 1.18457e+12 1.26846e+12 9.66075e+11  7.1007e+11 3.76431e+11     57.4282     17.8885     74.1485       42.19     54.1479     82.8553     15.8114     55.1725     31.3847     52.3259     15.8114     50.8035     39.8497      60.959     67.1863     89.1572     29.5466     64.6607     79.7621     74.0068     37.3631     88.8651      32.573     88.8876     29.0689       1e+10     54.8179     12.1655     24.3516     50.3289     14.3178     42.0595     39.3192     51.2445     60.5392           1      60.075     49.1935     29.4109      92.477     52.8015      43.909          13     99.1262     72.0139     60.3738     94.8472     12.6491     74.2159     39.3192     83.2166     12.6491          20      68.352     84.5281     72.2011     39.8246     66.2873     25.0599     3.16228     35.9026     128.818     60.4152     62.0322     115.261     171.406     118.457     126.846     96.6075      71.007     37.6431
1.83535e+12 9.84124e+11 1.09768e+12 1.32966e+12 1.82989e+12 1.59314e+12 1.66027e+12 1.50586e+12 1.13088e+12 6.71863e+11       42.72     72.4224     49.2037      47.676     43.8292     86.8332     69.8928     7.81025     31.4006     67.2681     40.3113      43.566      22.561      6.7082     40.4599      91.586     31.7805     22.8473     70.2922          58          25      51.923     33.1361     85.8021     41.3038     54.8179       1e+10     63.6318     52.1728     16.4924     68.8186     30.5941     29.2746     30.0832     17.0294      54.037     47.7074     12.0416     45.5412     92.9139          13      65.123     52.8015     51.6236     33.2415     25.6125     52.0865     51.8941     45.4863     29.2746     46.1736     51.8941     45.2217     73.4098     42.4264     28.6356          17     12.3693     33.2415     57.4891     27.2029     183.535     98.4124     109.768     132.966     182.989     159.314     166.027     150.586     113.088     67.1863
1.21696e+12 4.87647e+11       5e+11 1.05646e+12 1.62111e+12 1.06301e+12 1.14726e+12  8.6954e+11 7.41485e+11 2.95466e+11     58.1893     10.7703     75.2728     40.7922     54.4059      76.922     7.61577     62.8013     36.1248     46.3249     27.1662     62.9682     50.9902     69.3397     69.3542     83.2406     34.6554     70.1783     77.0065     73.1642     48.6621     91.6788     36.4005     84.1724     30.4138     12.1655     63.6318       1e+10     21.3776      61.131     8.06226     45.4863     51.0882     63.0714     71.1688     13.1529     59.9083     59.4643     41.4849     86.8332     63.2456     37.3631     12.2066     104.202     76.2758          65     98.7927     12.8062     76.1577     51.0882     86.3539     12.8062     21.6333     63.1506     88.7525     77.4661       49.98      75.591      31.241      12.083     47.3814     121.696     48.7647          50     105.646     162.111     106.301     114.726      86.954     74.1485     29.5466
1.40246e+12 4.70425e+11 5.79396e+11 9.38616e+11 1.49201e+12 1.08005e+12 1.15278e+12 1.02303e+12 9.44299e+11  1.7088e+11     37.1618     32.0156      54.231     19.4165     33.2415     58.6003     28.8617     49.0408     20.8806     28.3019     29.2062      66.242     47.2969     56.6127     48.8774     64.8845     20.3961     52.8015     56.0803      51.788     45.8803     71.3442     19.6977       64.56     11.6619     24.3516     52.1728     21.3776       1e+10     55.2268     29.4279     27.0185     50.3289     61.6847          64     24.6982     38.6005     52.0096     48.1664     68.1542     56.0089     20.5183     11.4018     85.5862     57.3149     46.7547     79.2023     11.7047     55.4707     50.3289     66.2873     11.7047       8.544     44.0114      69.527     59.5483     43.1856     64.5368      20.025     26.9258     45.5412     140.246     47.0425     57.9396     93.8616     149.201     108.005     115.278     102.303     94.4299      17.088
1.76604e+12  1.0224e+12 1.10168e+12 1.43108e+12  1.9499e+12  1.6311e+12 1.70496e+12  1.4682e+12 1.00185e+12 7.18471e+11     55.8659     68.1542     64.6607     56.3649     56.0803      98.813     66.1287     23.7697     36.6879     75.7694     34.5398     27.1662     10.8167     22.0227     55.7584     104.019     36.1386     39.2173     84.1724     72.4707     13.6015     68.4105     39.2173     99.0858     46.3249     50.3289     16.4924      61.131     55.2268       1e+10      64.622     40.4969     15.2643     13.6015     10.2956     49.3964     60.8276           5     33.0151     105.759     4.12311     71.8401      52.345     67.1193     49.6488     41.1825     68.3593     51.3517     61.2944     15.2643     62.6418     51.3517     47.0425     84.5991     58.8558     45.1221     12.0416     20.6155     35.2278     52.3927     15.6205     176.604      102.24     110.168     143.108      194.99      163.11     170.496      146.82     100.185     71.8471
1.15261e+12 5.22015e+11 4.96488e+11 1.11212e+12   1.678e+12  1.0728e+12 1.16056e+12 8.22922e+11 6.64906e+11 3.66879e+11     66.0984     3.60555     83.1685     48.8365     62.3618     84.4038     2.23607     68.6804     43.0116     53.9351     30.0832     63.0714     54.0833     74.8131     77.0779     90.7083     41.4005     77.0065     85.0235     81.2158     51.5461     99.3177      43.566     91.9239     38.0789     14.3178     68.8186     8.06226     29.4279      64.622       1e+10     52.8394     53.1507     64.9384     74.8465     15.2315     67.9117     63.5059     41.1096     94.3663     67.1193      44.911     19.6977     111.252     83.5284      72.111     106.174     20.1246     83.9345     53.1507     93.9149     20.1246     29.0689      70.859     96.0417     84.4038     54.1202      80.455     37.5366     12.3693          50     115.261     52.2015     49.6488     111.212       167.8      107.28     116.056     82.2922     66.4906     36.6879
