image: oneRoom.pgm
resolution: 0.3000000
#origin: [-12.200000, -12.200000, 0.000000]
origin: [0.00000, 0.00000, 0.000000]
negate: 0
occupied_thresh: 0.65
free_thresh: 0.196

