image: playpen2.pgm
resolution: 0.050000
origin: [0.000000,0.0000000, 0.000000]
#origin: [-2.0000, 2.00000, 0.000000]
negate: 0
occupied_thresh: 0.65
free_thresh: 0.196
