  0 31.0644  27.313 12.0416 19.2354 24.1868      15 15.8114 8.94427 27.5726      13 13.4164       7 9.21954 14.1421 9.05539 21.9317 10.8167 27.8029  19.105 20.0998 21.0238 13.0384 5.83095
31.0644       0 28.0179 19.6977 48.7955 20.0998 16.1245 35.2278 33.3017 15.0748  21.587 43.1856 27.8568 40.2244 17.4642 36.0694      10 32.8024       4 28.0713 19.9249 39.8121 20.6155 31.3847
 27.313 28.0179       0 26.2488 34.5254 8.06226 23.8537 41.6173 21.2132 13.2382 30.4795 31.0161 30.8058 32.3883  25.807 24.0832 20.6155  19.105 28.1603 40.3609 10.2956 17.8885 16.9706  32.249
12.0416 19.6977 26.2488       0 31.0644      20       4 17.4642 17.4642 20.7183 4.24264 25.2389 8.24621 21.2132 2.23607 19.3132      12 18.1108 16.1245 14.1421 16.2788 28.0179 9.43398 11.7047
19.2354 48.7955 34.5254 31.0644       0 35.8469 33.4215      30 15.8114 41.1491 32.2025 5.83095  25.632 11.1803 33.0151 12.8062 38.9487      17 46.0109 36.6742 32.6497 18.1108 28.4253 22.8035
24.1868 20.0998 8.06226      20 35.8469       0 16.9706 36.6742 20.6155 6.10328 24.2074 31.3209      26 31.1448  19.105 23.7697 12.6491 18.9737 20.0998 34.0588 4.12311 21.9317 11.7047 28.1603
     15 16.1245 23.8537       4 33.4215 16.9706       0 21.3776 18.7883 17.0074 7.61577 27.6586 12.1655 24.2074 2.23607  21.095       8 18.9737 12.8062 17.2047 13.6015 28.1603 8.06226 15.5242
15.8114 35.2278 41.6173 17.4642      30 36.6742 21.3776       0 24.6982 38.1215 14.0357 25.1794 10.8167  19.105 19.2354 24.1661 29.2746 26.6271  31.257 9.21954 32.6497 36.7151 25.0599      10
8.94427 33.3017 21.2132 17.4642 15.8114 20.6155 18.7883 24.6982       0 25.5392  20.025 10.7703 15.5242 11.1803 18.9737 3.16228 23.3452 2.23607 30.8058 27.6586  17.088  12.083 12.7279 14.7648
27.5726 15.0748 13.2382 20.7183 41.1491 6.10328 17.0074 38.1215 25.5392       0 24.6221 36.3077 27.9508 35.4154 19.2419 28.6923 10.2591 24.1506 15.9765 34.0478     8.5 27.9866 14.5344 30.6472
     13  21.587 30.4795 4.24264 32.2025 24.2074 7.61577 14.0357  20.025 24.6221       0 26.4008 7.07107 21.6333 5.38516 21.3776 15.2971 21.0238   17.72 9.89949 20.5183  31.257 13.6015 10.6301
13.4164 43.1856 31.0161 25.2389 5.83095 31.3209 27.6586 25.1794 10.7703 36.3077 26.4008       0 19.9249 6.08276 27.2029 7.61577 33.4215 12.3693 40.3113  31.257 27.8568 16.5529 23.0217 17.2627
      7 27.8568 30.8058 8.24621  25.632      26 12.1655 10.8167 15.5242 27.9508 7.07107 19.9249       0 14.7648 10.4403 16.0312 20.0998  17.088 24.1661 12.1655 21.9317 27.5136 14.3178 3.60555
9.21954 40.2244 32.3883 21.2132 11.1803 31.1448 24.2074  19.105 11.1803 35.4154 21.6333 6.08276 14.7648       0 23.3452   8.544 30.8869 13.3417 37.0135 25.4951 27.2947 20.6155 21.1896 11.7047
14.1421 17.4642  25.807 2.23607 33.0151  19.105 2.23607 19.2354 18.9737 19.2419 5.38516 27.2029 10.4403 23.3452       0 21.0238 10.0499 19.4165 13.8924      15 15.6205 29.0172 9.48683 13.9284
9.05539 36.0694 24.0832 19.3132 12.8062 23.7697  21.095 24.1661 3.16228 28.6923 21.3776 7.61577 16.0312   8.544 21.0238       0 26.1725       5 33.4215 28.1603 20.2485 12.8062 15.6205 14.5602
21.9317      10 20.6155      12 38.9487 12.6491       8 29.2746 23.3452 10.2591 15.2971 33.4215 20.0998 30.8869 10.0499 26.1725       0 22.8035 8.24621 24.1661      11 30.0832 10.6301 23.3452
10.8167 32.8024  19.105 18.1108      17 18.9737 18.9737 26.6271 2.23607 24.1506 21.0238 12.3693  17.088 13.3417 19.4165       5 22.8035       0 30.5287 29.1204 15.6525 10.4403 12.2066 16.6433
27.8029       4 28.1603 16.1245 46.0109 20.0998 12.8062  31.257 30.8058 15.9765   17.72 40.3113 24.1661 37.0135 13.8924 33.4215 8.24621 30.5287       0 24.0832  19.105 38.2753 18.3576 27.7308
 19.105 28.0713 40.3609 14.1421 36.6742 34.0588 17.2047 9.21954 27.6586 34.0478 9.89949  31.257 12.1655 25.4951      15 28.1603 24.1661 29.1204 24.0832       0 30.4138 39.5601 23.4307 14.0357
20.0998 19.9249 10.2956 16.2788 32.6497 4.12311 13.6015 32.6497  17.088     8.5 20.5183 27.8568 21.9317 27.2947 15.6205 20.2485      11 15.6525  19.105 30.4138       0 20.2485 7.61577 24.0416
21.0238 39.8121 17.8885 28.0179 18.1108 21.9317 28.1603 36.7151  12.083 27.9866  31.257 16.5529 27.5136 20.6155 29.0172 12.8062 30.0832 10.4403 38.2753 39.5601 20.2485       0 20.3961 26.8328
13.0384 20.6155 16.9706 9.43398 28.4253 11.7047 8.06226 25.0599 12.7279 14.5344 13.6015 23.0217 14.3178 21.1896 9.48683 15.6205 10.6301 12.2066 18.3576 23.4307 7.61577 20.3961       0 16.4924
5.83095 31.3847  32.249 11.7047 22.8035 28.1603 15.5242      10 14.7648 30.6472 10.6301 17.2627 3.60555 11.7047 13.9284 14.5602 23.3452 16.6433 27.7308 14.0357 24.0416 26.8328 16.4924       0


