     0  50.774 30.8707 11.0454  42.107 34.0147 38.0789 34.0147 19.0263 52.0096 8.06226 30.1496 22.6716 29.7321 29.5466 14.1421 39.8497 45.8039  45.607 8.06226 39.1152 43.4166 25.0799 32.3149
 50.774       0 30.0167 41.2311 30.0167 42.5793 18.9737 27.5136 35.3836 5.38516 43.8292 46.0977 28.6356 33.0151 21.9317 46.8402 15.8114       6 15.0333 51.7397 41.7612 17.4642 30.8058 38.8233
30.8707 30.0167       0  27.074   42.45 13.4164 30.6105 34.2053 27.6586 28.2843 22.8473 16.1245 13.6015       3 21.2603 20.5183 29.6816 24.0208 34.8855 36.1386 14.8661 15.2315 28.6356 9.39415
11.0454 41.2311  27.074       0  31.257 34.4819 27.2029      23       8 43.1393 9.21954 32.2025 15.2315 27.0185 19.4165 18.3848 29.1548 36.7696 34.7851 10.6301  38.833 36.6742 14.0357 31.6741
 42.107 30.0167   42.45  31.257       0 55.2268      13 8.94427 23.3452 35.0143 39.2938 55.8032 30.8058 44.5533 21.2132 47.1699 15.5242 30.4138 15.1327 38.2099 57.3149 39.9249   17.72 51.2957
34.0147 42.5793 13.4164 34.4819 55.2268       0 43.8292  46.669 37.5899   40.05 27.1662 5.65685 24.8395 10.8167 34.0588 20.2237 43.0465 36.6742 48.3011 41.1096 5.38516      26      40 4.03113
38.0789 18.9737 30.6105 27.2029      13 43.8292       0   8.544 19.6977 23.3452 33.0606 45.1774 20.8806 33.0151 10.4403 39.3192 3.16228      18 7.61577 36.6742 45.3431 26.9258 13.8924 39.8152
34.0147 27.5136 34.2053      23 8.94427  46.669   8.544       0      15 31.7805 30.5941 47.0106 22.0227 36.1248 13.0384 38.2753 11.7047 26.1725 14.8661 31.0483 49.0408 33.7343 9.05539 42.7931
19.0263 35.3836 27.6586       8 23.3452 37.5899 19.6977      15       0 38.0132 16.1555 36.4005 14.1421 28.4605 13.6015 24.6982 21.9545 31.6228  27.313      17 41.2311 33.9559 6.08276 34.2235
52.0096 5.38516 28.2843 43.1393 35.0143   40.05 23.3452 31.7805 38.0132       0 44.6542 44.0454 29.4109  31.257 24.4131 46.6154 20.2237 6.40312 20.2237 53.7587 38.6394 14.1421      34    36.5
8.06226 43.8292 22.8473 9.21954 39.2938 27.1662 33.0606 30.5941 16.1555 44.6542       0 24.0416 15.2643 21.8403 23.5372 9.21954 34.3657 38.5876 40.3113      14 32.0156 35.4683  21.587  25.005
30.1496 46.0977 16.1245 32.2025 55.8032 5.65685 45.1774 47.0106 36.4005 44.0454 24.0416       0      25 13.1529 34.9857 16.0312 44.7772 40.1123 50.3289 37.6563 10.8167 30.2655  39.598 7.76209
22.6716 28.6356 13.6015 15.2315 30.8058 24.8395 20.8806 22.0227 14.1421 29.4109 15.2643      25       0 14.7648 10.4403 19.0263 21.2132 23.3238 27.1662 25.5539 27.7849 21.4709 15.2643 21.1009
29.7321 33.0151       3 27.0185 44.5533 10.8167 33.0151 36.1248 28.4605  31.257 21.8403 13.1529 14.7648       0 23.3452 18.4391  32.249 27.0185 37.5766 35.5106 13.0384 18.0278 30.0167 6.80074
29.5466 21.9317 21.2603 19.4165 21.2132 34.0588 10.4403 13.0384 13.6015 24.4131 23.5372 34.9857 10.4403 23.3452       0 29.0689      11 18.0278      17 29.8329 36.1248      22  10.198  30.104
14.1421 46.8402 20.5183 18.3848 47.1699 20.2237 39.3192 38.2753 24.6982 46.6154 9.21954 16.0312 19.0263 18.4391 29.0689       0   40.05 41.1096 46.0435 21.8403 25.4951 35.2278 29.5466 19.1377
39.8497 15.8114 29.6816 29.1548 15.5242 43.0465 3.16228 11.7047 21.9545 20.2237 34.3657 44.7772 21.2132  32.249      11   40.05       0 15.0333       6 38.9487 44.2041 24.5967 16.4012  39.016
45.8039       6 24.0208 36.7696 30.4138 36.6742      18 26.1725 31.6228 6.40312 38.5876 40.1123 23.3238 27.0185 18.0278 41.1096 15.0333       0 16.5529 47.3814 36.0555 12.2066 27.7308 32.8824
 45.607 15.0333 34.8855 34.7851 15.1327 48.3011 7.61577 14.8661  27.313 20.2237 40.3113 50.3289 27.1662 37.5766      17 46.0435       6 16.5529       0 44.2832 49.0918 27.8029 21.4709 44.2747
8.06226 51.7397 36.1386 10.6301 38.2099 41.1096 36.6742 31.0483      17 53.7587      14 37.6563 25.5539 35.5106 29.8329 21.8403 38.9487 47.3814 44.2832       0 46.0109 47.0106 22.8473 39.0032
39.1152 41.7612 14.8661  38.833 57.3149 5.38516 45.3431 49.0408 41.2311 38.6394 32.0156 10.8167 27.7849 13.0384 36.1248 25.4951 44.2041 36.0555 49.0918 46.0109       0 24.5153 43.0465 7.15891
43.4166 17.4642 15.2315 36.6742 39.9249      26 26.9258 33.7343 33.9559 14.1421 35.4683 30.2655 21.4709 18.0278      22 35.2278 24.5967 12.2066 27.8029 47.0106 24.5153       0 32.0624 22.5887
25.0799 30.8058 28.6356 14.0357   17.72      40 13.8924 9.05539 6.08276      34  21.587  39.598 15.2643 30.0167  10.198 29.5466 16.4012 27.7308 21.4709 22.8473 43.0465 32.0624       0 36.3352
32.3149 38.8233 9.39415 31.6741 51.2957 4.03113 39.8152 42.7931 34.2235    36.5  25.005 7.76209 21.1009 6.80074  30.104 19.1377  39.016 32.8824 44.2747 39.0032 7.15891 22.5887 36.3352       0

