      0 38.9487 27.1662 37.3631 24.7386 29.6816 28.4253 15.8114 31.7805 31.7648      13 21.5407 40.7185 9.21954 34.8855 29.7321 24.5153 30.0832 43.8292 28.6356 40.3609 16.5529 13.0384 24.2745
38.9487       0 29.0689 36.6742 61.0328 68.0147 49.2443 38.4838 67.4166 41.0122 27.0185 59.0339 43.7379 48.1041 72.6223 46.5296 31.4006 15.0333 7.07107 38.1182 56.0357      55 30.8707 62.6598
27.1662 29.0689       0 11.4018 39.1152 48.3011 21.0238 15.2315 44.0454 12.0416      17 38.9102 17.2047 33.2415 51.3128   17.72 3.60555 14.0357 29.4109 9.05539      27   42.19 30.5287 43.6606
37.3631 36.6742 11.4018       0 44.2719 54.1202 21.6333 23.0217 47.8539 9.43398 28.3019 45.1221 7.07107  42.107 56.0803 17.2047      13 22.4722      35  10.198 21.9317 51.0882 41.8808 50.1124
24.7386 61.0328 39.1152 44.2719       0 10.0499 24.0832 24.2074 7.07107  35.171 34.1321 4.47214  43.566      17 12.2066 28.2843 35.5106 48.7955 64.5368  34.176  33.541 19.2354 37.6563 7.82624
29.6816 68.0147 48.3011 54.1202 10.0499       0 34.1321  33.121 10.8167 45.1221 41.0366 9.43398 53.6004 20.5913       6 38.3275 44.7214 56.8507 72.1388 43.9659 43.2897 18.0278 41.6293 5.40833
28.4253 49.2443 21.0238 21.6333 24.0832 34.1321       0 13.9284 26.5707 12.2066 27.6586 26.0768 19.6469 28.3019  35.171 4.47214 18.0278 34.4819 50.3289 12.8062 12.0416 36.2491 38.9102 31.0363
15.8114 38.4838 15.2315 23.0217 24.2074  33.121 13.9284       0 29.7321 16.1555 14.0357 23.7065 25.2982  19.105 36.4005 14.2127 11.7047      25 41.0488 13.3417 25.2389 28.0713 25.0599 28.4297
31.7805 67.4166 44.0454 47.8539 7.07107 10.8167 26.5707 29.7321       0 38.4838 40.7063 11.0454 46.1736 24.0208       9 31.0161 40.4599 54.6717 70.6045 38.0789 34.0147 25.2982 44.7214 12.0934
31.7648 41.0122 12.0416 9.43398  35.171 45.1221 12.2066 16.1555 38.4838       0 25.6125 36.3456 9.21954 34.9285 46.8188 7.81025 10.7703      26 40.7922 3.60555 15.0333 43.7379 38.8973 41.3673
     13 27.0185      17 28.3019 34.1321 41.0366 27.6586 14.0357 40.7063 25.6125       0 32.0156 33.3017 21.6333  45.607 26.9258 15.6205  17.088  31.241 22.0227 38.0789 29.5466 13.6015 35.7106
21.5407 59.0339 38.9102 45.1221 4.47214 9.43398 26.0768 23.7065 11.0454 36.3456 32.0156       0 45.0999 13.1529 13.6015      30 35.3412 47.5079 62.9365 34.9285 36.4005 14.7648 34.2053 5.02494
40.7185 43.7379 17.2047 7.07107  43.566 53.6004 19.6469 25.2982 46.1736 9.21954 33.3017 45.0999       0 44.1475 54.8179 15.2971 17.6918 29.4109 42.0119  12.083 16.4012 52.9528 46.8615 50.1224
9.21954 48.1041 33.2415  42.107      17 20.5913 28.3019  19.105 24.0208 34.9285 21.6333 13.1529 44.1475       0      26 30.8707 30.0666 38.4708 52.8015 32.3883 40.2244       9 21.1896 15.2069
34.8855 72.6223 51.3128 56.0803 12.2066       6  35.171 36.4005       9 46.8188  45.607 13.6015 54.8179      26       0 39.5601 47.7074 60.8276 76.4199 46.0977 43.0116 24.0208 47.1699 10.9202
29.7321 46.5296   17.72 17.2047 28.2843 38.3275 4.47214 14.2127 31.0161 7.81025 26.9258      30 15.2971 30.8707 39.5601       0 15.1327 31.5753 47.1275 8.94427 11.1803 39.2173 39.1152 35.0036
24.5153 31.4006 3.60555      13 35.5106 44.7214 18.0278 11.7047 40.4599 10.7703 15.6205 35.3412 17.6918 30.0666 47.7074 15.1327       0 16.4924  32.311 7.28011 25.1794 39.0512 29.2062 40.1155
30.0832 15.0333 14.0357 22.4722 48.7955 56.8507 34.4819      25 54.6717      26  17.088 47.5079 29.4109 38.4708 60.8276 31.5753 16.4924       0 16.1245 23.0868 41.0122 46.6154  27.074 51.7035
43.8292 7.07107 29.4109      35 64.5368 72.1388 50.3289 41.0488 70.6045 40.7922  31.241 62.9365 42.0119 52.8015 76.4199 47.1275  32.311 16.1245       0 38.3275 55.7315  60.208      37 66.8674
28.6356 38.1182 9.05539  10.198  34.176 43.9659 12.8062 13.3417 38.0789 3.60555 22.0227 34.9285  12.083 32.3883 46.0977 8.94427 7.28011 23.0868 38.3275       0 18.0278 41.3038 35.3553 39.9155
40.3609 56.0357      27 21.9317  33.541 43.2897 12.0416 25.2389 34.0147 15.0333 38.0789 36.4005 16.4012 40.2244 43.0116 11.1803 25.1794 41.0122 55.7315 18.0278       0 47.8853 50.2494 41.1127
16.5529      55   42.19 51.0882 19.2354 18.0278 36.2491 28.0713 25.2982 43.7379 29.5466 14.7648 52.9528       9 24.0208 39.2173 39.0512 46.6154  60.208 41.3038 47.8853       0 25.6125 13.6473
13.0384 30.8707 30.5287 41.8808 37.6563 41.6293 38.9102 25.0599 44.7214 38.8973 13.6015 34.2053 46.8615 21.1896 47.1699 39.1152 29.2062  27.074      37 35.3553 50.2494 25.6125       0 36.3077
24.2745 62.6598 43.6606 50.1124 7.82624 5.40833 31.0363 28.4297 12.0934 41.3673 35.7106 5.02494 50.1224 15.2069 10.9202 35.0036 40.1155 51.7035 66.8674 39.9155 41.1127 13.6473 36.3077       0


