  0 40.4969 27.1662 20.2237 50.3587 19.4165 22.0227 13.4164 36.0139 33.6155      13 51.9711 46.3249 9.21954 15.2683 55.0818 24.5153 30.0832 57.5847 25.2982  6.7082 18.3576 13.0384 42.5823
40.4969       0 20.2485 41.4367 14.4222 59.5063 24.1868 32.8024 13.1529 27.8927 27.5136 27.2947 25.9615 48.7545 55.7509 15.0333 23.6008 10.4403  17.088 26.0768  45.618  54.231 37.0135 25.6759
27.1662 20.2485       0 37.8021 24.6982 43.7379 23.8537 15.2971 9.84886 10.7703      17      25 19.6977 33.2415 41.1495 31.6228 3.60555 14.0357 35.4683 5.83095 30.1496  44.643 30.5287 16.3783
20.2237 41.4367 37.8021       0 54.8179 33.6155 17.2627 30.0167  43.382 47.3814 21.2132 61.7738 57.1402 27.1662 28.2468 56.2228 36.7967   32.28      57 38.8973      26 17.0294 8.06226 54.1133
50.3587 14.4222 24.6982 54.8179       0 68.1542 37.6431 39.8497 14.8661 26.8701 38.0132 16.0312   17.72 57.4891 65.1546 9.48683 28.2312  22.561 14.5602 29.5296 54.3415 66.0681 49.4975 19.6787
19.4165 59.5063 43.7379 33.6155 68.1542       0 41.0366 28.4429 53.3667 47.0425  32.249 67.0075      61 10.7703 5.37044  73.736 40.4475 49.1935 76.5572 40.1123 13.9284      20 29.4109 57.0022
22.0227 24.1868 23.8537 17.2627 37.6431 41.0366       0 23.0868 27.2029 34.4819 12.1655 45.8039 41.7732  31.241 36.2663 39.0512 24.1661 15.2315 40.1123 26.9258 28.6007 31.0483 13.6015 39.2588
13.4164 32.8024 15.2971 30.0167 39.8497 28.4429 23.0868       0      25 20.2485      11 39.2046 33.3766 18.0278   26.04 46.0652 12.0416 23.3452 49.3964 12.1655      15 31.7648 21.9545 29.5169
36.0139 13.1529 9.84886  43.382 14.8661 53.3667 27.2029      25       0 14.8661 24.3311 18.6011      15 42.7551 50.5272 22.0227 13.4164 12.8062 26.1725      15 39.6232 52.6118      37 13.4629
33.6155 27.8927 10.7703 47.3814 26.8701 47.0425 34.4819 20.2485 14.8661       0 26.1725 20.2237 14.1421 37.4833 45.5807  35.609 10.6301 24.1868 40.2244 8.60233 34.7131 51.8941 39.6989 10.1119
     13 27.5136      17 21.2132 38.0132  32.249 12.1655      11 24.3311 26.1725       0 41.7852 36.6742 21.6333  28.268 42.2019 15.6205  17.088 44.5982 17.6918 18.6011 28.2843 13.6015 33.3654
51.9711 27.2947      25 61.7738 16.0312 67.0075 45.8039 39.2046 18.6011 20.2237 41.7852       0 6.08276 57.0789 65.1629 25.0799 27.4591 31.1448 30.1496  27.074 54.1479 69.6419 55.0364 10.1119
46.3249 25.9615 19.6977 57.1402   17.72      61 41.7732 33.3766      15 14.1421 36.6742 6.08276       0 51.1566 59.2513 27.2029 21.8403 27.8029   32.28 21.2132 48.2597  64.195 50.1199 4.03113
9.21954 48.7545 33.2415 27.1662 57.4891 10.7703  31.241 18.0278 42.7551 37.4833 21.6333 57.0789 51.1566       0 8.10195 62.9682 30.0666 38.4708 65.7951 30.0167 3.16228  18.868 21.1896 47.2149
15.2683 55.7509 41.1495 28.2468 65.1546 5.37044 36.2663   26.04 50.5272 45.5807  28.268 65.1629 59.2513 8.10195       0 70.2521 38.0531 45.3471 72.8385 38.0925   11.04 15.1275 24.2322 55.3141
55.0818 15.0333 31.6228 56.2228 9.48683  73.736 39.0512 46.0652 22.0227  35.609 42.2019 25.0799 27.2029 62.9682 70.2521       0 35.2278  25.318 5.09902 37.0135  59.808 69.2604 52.0384 29.0904
24.5153 23.6008 3.60555 36.7967 28.2312 40.4475 24.1661 12.0416 13.4164 10.6301 15.6205 27.4591 21.8403 30.0666 38.0531 35.2278       0 16.4924 39.0512       3 27.0185 42.3792 29.2062 18.2003
30.0832 10.4403 14.0357   32.28  22.561 49.1935 15.2315 23.3452 12.8062 24.1868  17.088 31.1448 27.8029 38.4708 45.3471  25.318 16.4924       0 27.5136 19.4165 35.3553 44.0454  27.074 25.9856
57.5847  17.088 35.4683      57 14.5602 76.5572 40.1123 49.3964 26.1725 40.2244 44.5982 30.1496   32.28 65.7951 72.8385 5.09902 39.0512 27.5136       0 41.0366 62.6498  70.859 53.4603 34.0771
25.2982 26.0768 5.83095 38.8973 29.5296 40.1123 26.9258 12.1655      15 8.60233 17.6918  27.074 21.2132 30.0167 38.0925 37.0135       3 19.4165 41.0366       0  27.074 43.4626 31.1448 17.3566
 6.7082  45.618 30.1496      26 54.3415 13.9284 28.6007      15 39.6232 34.7131 18.6011 54.1479 48.2597 3.16228   11.04  59.808 27.0185 35.3553 62.6498  27.074       0 19.8494 19.4165 44.3424
18.3576  54.231  44.643 17.0294 66.0681      20 31.0483 31.7648 52.6118 51.8941 28.2843 69.6419  64.195  18.868 15.1275 69.2604 42.3792 44.0454  70.859 43.4626 19.8494       0 17.4642 60.5743
13.0384 37.0135 30.5287 8.06226 49.4975 29.4109 13.6015 21.9545      37 39.6989 13.6015 55.0364 50.1199 21.1896 24.2322 52.0384 29.2062  27.074 53.4603 31.1448 19.4165 17.4642       0 46.9068
42.5823 25.6759 16.3783 54.1133 19.6787 57.0022 39.2588 29.5169 13.4629 10.1119 33.3654 10.1119 4.03113 47.2149 55.3141 29.0904 18.2003 25.9856 34.0771 17.3566 44.3424 60.5743 46.9068       0


