
  0 29.0689 42.0119 36.1248 11.1803 10.2956 49.3964 26.9258 5.09902  34.176 33.9411 5.59017 27.2029 13.4164 38.5876  6.7082 43.0116 22.2036 53.2353 35.3553 47.3814 32.5576 37.0135 19.4551
29.0689       0 52.1536 26.0768 36.0555 21.1896 44.1022 12.6491 24.0208 14.3178 26.4764 34.5145 27.2947 26.9258 36.1386 35.3553 45.8803      40  49.163  19.105 60.2163 48.7955 31.5753 15.5724
42.0119 52.1536       0 31.6228 32.5576  37.855      25      40 43.1856 43.1393 29.2062 43.4885      25 30.4138 21.0238 39.6232 12.0416 20.3961 24.5153 39.0512 8.60233 12.2066 25.5539  37.343
36.1248 26.0768 31.6228       0 34.9285 26.1725 18.0278 14.1421 33.3017      13       3  41.003 11.1803 24.1868 11.4018 39.1152 22.0227 30.0666 23.0868 8.06226 40.2244 33.9559 6.40312 18.1797
11.1803 36.0555 32.5576 34.9285       0 14.8661 44.5533      30 14.8661  37.054 32.2025 11.0114 24.1868 11.1803 33.9706 7.07107 35.8469 12.1655  47.634 36.6742 37.0135 22.0227 33.8378 22.5499
10.2956 21.1896  37.855 26.1725 14.8661       0 40.7185 16.7631  7.2111 24.0416 24.2074 15.6924 18.3848 7.61577 30.0832 15.1327 36.2215 20.8087 44.9444 25.0599 44.5982 30.8869 27.7849 9.19239
49.3964 44.1022      25 18.0278 44.5533 40.7185       0 32.0156 47.8539 30.5941 18.1108 53.3034 22.3607 36.0555 10.8167  50.448 13.0384 35.2278 5.09902 25.4951 32.3883 33.5261 13.3417 34.5615
26.9258 12.6491      40 14.1421      30 16.7631 32.0156       0 22.8254 7.28011 14.0357  32.423      15  19.105 23.5372 31.7805 33.2415 30.4631      37 9.21954 48.2701 38.0132  19.105 7.64853
5.09902 24.0208 43.1856 33.3017 14.8661  7.2111 47.8539 22.8254       0 29.9666 31.4006    10.5 25.4951 13.0384 37.1618 11.7047 42.7551 24.3516      52 31.6228 49.2443 34.7851 34.9857 15.7003
 34.176 14.3178 43.1393      13  37.054 24.0416 30.5941 7.28011 29.9666       0 14.4222 39.6894  18.868      26 24.1868 39.0512 34.6699 36.4005 35.6931 5.09902 51.6624 42.9418 19.2354 14.9164
33.9411 26.4764 29.2062       3 32.2025 24.2074 18.1108 14.0357 31.4006 14.4222       0 38.6685 8.24621 21.6333 9.84886 36.6197 20.2485  27.074 23.0217 9.89949 37.8021 31.0483 5.09902 16.8077
5.59017 34.5145 43.4885  41.003 11.0114 15.6924 53.3034  32.423    10.5 39.6894 38.6685       0 31.4841 17.3566    42.5 4.03113 45.8939 23.1355 56.8705 40.6971 48.0026 33.0038 41.3793 24.8847
27.2029 27.2947      25 11.1803 24.1868 18.3848 22.3607      15 25.4951  18.868 8.24621 31.4841       0 14.1421 11.7047 29.0689 19.2354      19 26.5707 15.8114 33.3017 24.1661 9.89949 13.5831
13.4164 26.9258 30.4138 24.1868 11.1803 7.61577 36.0555  19.105 13.0384      26 21.6333 17.3566 14.1421       0 25.2389      15 29.8329 13.4536 39.8246 25.4951      37 23.3238 24.0416 12.0208
38.5876 36.1386 21.0238 11.4018 33.9706 30.0832 10.8167 23.5372 37.1618 24.1868 9.84886    42.5 11.7047 25.2389       0 39.6989 10.6301 25.4951 14.8661 19.4165 29.5296 26.0192       5 24.6272
 6.7082 35.3553 39.6232 39.1152 7.07107 15.1327  50.448 31.7805 11.7047 39.0512 36.6197 4.03113 29.0689      15 39.6989       0 42.4853 19.2354 53.8238 39.5601      44      29 38.9487  24.135
43.0116 45.8803 12.0416 22.0227 35.8469 36.2215 13.0384 33.2415 42.7551 34.6699 20.2485 45.8939 19.2354 29.8329 10.6301 42.4853       0 24.8395 13.4164      30 19.9249 21.0238 15.6205 32.8101
22.2036      40 20.3961 30.0666 12.1655 20.8087 35.2278 30.4631 24.3516 36.4005  27.074 23.1355      19 13.4536 25.4951 19.2354 24.8395       0 37.5366 34.3657 25.1794 10.4403 26.9258 24.5459
53.2353  49.163 24.5153 23.0868  47.634 44.9444 5.09902      37      52 35.6931 23.0217 56.8705 26.5707 39.8246 14.8661 53.8238 13.4164 37.5366       0 30.5941      31 34.4384 18.1108 39.2237
35.3553  19.105 39.0512 8.06226 36.6742 25.0599 25.4951 9.21954 31.6228 5.09902 9.89949 40.6971 15.8114 25.4951 19.4165 39.5601      30 34.3657 30.5941       0  47.634 39.9249 14.4222 15.9531
47.3814 60.2163 8.60233 40.2244 37.0135 44.5982 32.3883 48.2701 49.2443 51.6624 37.8021 48.0026 33.3017      37 29.5296      44 19.9249 25.1794      31  47.634       0      15 34.1321 45.1054
32.5576 48.7955 12.2066 33.9559 22.0227 30.8869 33.5261 38.0132 34.7851 42.9418 31.0483 33.0038 24.1661 23.3238 26.0192      29 21.0238 10.4403 34.4384 39.9249      15       0 29.1548  33.234
37.0135 31.5753 25.5539 6.40312 33.8378 27.7849 13.3417  19.105 34.9857 19.2354 5.09902 41.3793 9.89949 24.0416       5 38.9487 15.6205 26.9258 18.1108 14.4222 34.1321 29.1548       0  21.225
19.4551 15.5724  37.343 18.1797 22.5499 9.19239 34.5615 7.64853 15.7003 14.9164 16.8077 24.8847 13.5831 12.0208 24.6272  24.135 32.8101 24.5459 39.2237 15.9531 45.1054  33.234  21.225       0


