 0 48.3011 44.1814 59.9416 38.4708 24.0416 41.8808 31.6228 34.6554 47.7598 29.2746  27.074 53.4509 13.6015 32.0156 44.2945 41.4367 46.0977 39.9625 44.9222 70.8308      44 81.8352 21.8689
48.3011       0 26.0192 50.9902  61.327 57.6281 45.7056 34.5398 50.6952 38.0526 22.8035 63.8905  38.833 43.8634 68.4105 43.1856 28.0713 12.1655 9.05539      35 60.7289 78.7718 70.9366  58.423
44.1814 26.0192       0  25.632 39.6989 41.5933 21.0238 15.2315      29 12.0416      17 47.8853 13.8924 33.2415 51.3128   17.72 3.60555 14.0357 26.9258 9.05539 36.2353 59.4643 47.1699 43.6606
59.9416 50.9902  25.632       0 35.5106 46.2709 18.6815 29.2062 29.1548 14.4222      40 51.0098 12.1655 46.5188 52.1536 15.6525 25.0599  38.833 52.5547 18.0278 11.3137 55.3624 22.6274 49.4292
38.4708  61.327 39.6989 35.5106       0 15.5563 20.2485 26.8328 10.8167   32.45 39.5601 17.4642 37.5899 26.9258 17.1172 24.6982 36.2353 51.6236   57.28 32.6497 43.0465 20.5913 51.9711 18.7683
24.0416 57.6281 41.5933 46.2709 15.5563       0      28 26.4197 17.1172 38.6394 34.8281 6.40312 44.5533 15.5242 10.8167 32.0624 38.0132 50.3289 51.6236 37.3631 55.5428 22.1359 65.4599  3.3541
41.8808 45.7056 21.0238 18.6815 20.2485      28       0 13.9284 11.1803 12.2066 27.6586 33.2415 17.4642 28.3019  35.171 4.47214 18.0278 34.4819 44.0114 12.8062 29.0689 40.8167 39.9625 31.0363
31.6228 34.5398 15.2315 29.2062 26.8328 26.4197 13.9284       0 16.1555 16.1555 14.0357 32.7567 21.8403  19.105 36.4005 14.2127 11.7047      25  31.257 13.3417 40.4599 45.3431 51.7397 28.4297
34.6554 50.6952      29 29.1548 10.8167 17.1172 11.1803 16.1555       0 22.8473 29.4279 22.0907 28.4605 21.4009 24.0416 15.5242 25.4951 40.8167 47.0744 22.4722 38.6005 30.6105 48.8467 20.3039
47.7598 38.0526 12.0416 14.4222   32.45 38.6394 12.2066 16.1555 22.8473       0 25.6125 44.3847       6 34.9285 46.8188 7.81025 10.7703      26 38.6005 3.60555 25.6125      53 36.8782 41.3673
29.2746 22.8035      17      40 39.5601 34.8281 27.6586 14.0357 29.4279 25.6125       0 41.1096 29.7321 21.6333  45.607 26.9258 15.6205  17.088   17.72 22.0227  51.225 56.0803  62.482 35.7106
 27.074 63.8905 47.8853 51.0098 17.4642 6.40312 33.2415 32.7567 22.0907 44.3847 41.1096       0 50.2195 21.0238 5.09902 37.4833 44.2945 56.7274 57.6888 43.3244 59.6825 17.1172 69.1231 5.85235
53.4509  38.833 13.8924 12.1655 37.5899 44.5533 17.4642 21.8403 28.4605       6 29.7321 50.2195       0 40.7922 52.4976      13 14.1421 26.6833 40.7185   8.544 22.3607 58.1808 33.2866 47.3207
13.6015 43.8634 33.2415 46.5188 26.9258 15.5242 28.3019  19.105 21.4009 34.9285 21.6333 21.0238 40.7922       0      26 30.8707 30.0666 38.4708 37.0135 32.3883 57.3062 37.6431 68.2642 15.2069
32.0156 68.4105 51.3128 52.1536 17.1172 10.8167  35.171 36.4005 24.0416 46.8188  45.607 5.09902 52.4976      26       0 39.5601 47.7074 60.8276  62.434 46.0977 60.1332 12.0416 69.0507 10.9202
44.2945 43.1856   17.72 15.6525 24.6982 32.0624 4.47214 14.2127 15.5242 7.81025 26.9258 37.4833      13 30.8707 39.5601       0 15.1327 31.5753 42.2966 8.94427 26.6271 45.2769 37.8021 35.0036
41.4367 28.0713 3.60555 25.0599 36.2353 38.0132 18.0278 11.7047 25.4951 10.7703 15.6205 44.2945 14.1421 30.0666 47.7074 15.1327       0 16.4924 27.8927 7.28011 36.0555 55.9017 47.2017 40.1155
46.0977 12.1655 14.0357  38.833 51.6236 50.3289 34.4819      25 40.8167      26  17.088 56.7274 26.6833 38.4708 60.8276 31.5753 16.4924       0 15.5563 23.0868 48.7032 70.2922 59.0931 51.7035
39.9625 9.05539 26.9258 52.5547   57.28 51.6236 44.0114  31.257 47.0744 38.6005   17.72 57.6888 40.7185 37.0135  62.434 42.2966 27.8927 15.5563       0  35.171 63.0714 73.3553 73.8241 52.0216
44.9222      35 9.05539 18.0278 32.6497 37.3631 12.8062 13.3417 22.4722 3.60555 22.0227 43.3244   8.544 32.3883 46.0977 8.94427 7.28011 23.0868  35.171       0 29.2062 53.0094 40.4599 39.9155
70.8308 60.7289 36.2353 11.3137 43.0465 55.5428 29.0689 40.4599 38.6005 25.6125  51.225 59.6825 22.3607 57.3062 60.1332 26.6271 36.0555 48.7032 63.0714 29.2062       0 61.5224 11.3137 58.8154
     44 78.7718 59.4643 55.3624 20.5913 22.1359 40.8167 45.3431 30.6105      53 56.0803 17.1172 58.1808 37.6431 12.0416 45.2769 55.9017 70.2922 73.3553 53.0094 61.5224       0      69 22.8528
81.8352 70.9366 47.1699 22.6274 51.9711 65.4599 39.9625 51.7397 48.8467 36.8782  62.482 69.1231 33.2866 68.2642 69.0507 37.8021 47.2017 59.0931 73.8241 40.4599 11.3137      69       0 68.7841
21.8689  58.423 43.6606 49.4292 18.7683  3.3541 31.0363 28.4297 20.3039 41.3673 35.7106 5.85235 47.3207 15.2069 10.9202 35.0036 40.1155 51.7035 52.0216 39.9155 58.8154 22.8528 68.7841       0


