      0 31.0644  27.313 12.0416 19.2354 24.1868      15      15 16.4469 22.6716 15.8114 8.94427 27.5726      13 13.4164       7 9.21954 14.1421 9.05539 21.9317 7.07107 21.4709 23.1948 32.7567 16.1555 25.6125 18.0278 18.7883 9.21954 13.4164 17.7553 13.4536 18.7883 19.7231 31.6228 14.3178 23.6008 14.8661 28.4253 26.2488  19.105 19.4165 18.7883 20.5913  12.083 10.2956 24.8395  28.178 15.0333 17.1172  21.272 17.9025 29.4109 4.47214 22.2036 3.16228 28.8617 7.28011      15 8.60233 10.8167 27.8029  19.105 20.0998 21.0238 13.0384     9.5 3.60555 31.7648 11.1803
31.0644       0 28.0179 19.6977 48.7955 20.0998 16.1245 33.6155 31.5357 35.7351 35.2278 33.3017 15.0748  21.587 43.1856 27.8568 40.2244 17.4642 36.0694      10 24.8395 36.0555 14.3178 34.0588 37.7359  33.541 17.8885 48.0833 22.3607 26.9258 45.0694 44.4072      18 37.5766      35 18.4391 31.7805 36.4966 35.2278 34.5254 33.6155   42.19 48.0833 50.2096      35 40.4599 7.07107 4.12311 25.0799 21.0238 26.3154 29.8077 26.0768      35 13.0384  33.121  10.198 29.7321 41.2311 35.1141 32.8024       4 28.0713 19.9249 39.8121 20.6155 39.3605 27.7849 32.0624 24.7386
 27.313 28.0179       0 26.2488 34.5254 8.06226 23.8537 16.0312 40.4042 11.6619 41.6173 21.2132 13.2382 30.4795 31.0161 30.8058 32.3883  25.807 24.0832 20.6155 21.6333 46.0977 14.1421  6.7082 19.4165 7.07107 13.8924  33.541 26.1725 13.9284 28.7446 35.0571 32.7567 16.1555 7.07107 17.8045  6.7082 41.3401 7.61577 7.81025 12.3693 22.4722  33.541 35.6931      20 30.0666 27.6586      24 35.3836 12.0416 6.04152 10.5119 3.60555 27.8927 31.3847 30.4631 18.2483   32.45  25.318 35.7771  19.105 28.1603 40.3609 10.2956 17.8885 16.9706 36.2112 26.9258       5 31.8277
12.0416 19.6977 26.2488       0 31.0644      20       4 21.0238 14.9833 26.9258 17.4642 17.4642 20.7183 4.24264 25.2389 8.24621 21.2132 2.23607 19.3132      12 8.06226 20.5913 16.1555 32.8024 24.0832 27.7308 12.8062 30.5287 2.82843 15.5242 28.6923 25.4558       8 26.0768   32.45 8.48528 25.4951 18.1108 30.4138 28.6356 23.5372 28.2843 30.5287   32.45 20.2237 22.2036 13.0384 17.4642 9.21954 14.2127 20.9404 20.5548 26.9072 16.4012 10.2956 13.6015 20.0998  10.198 25.2982 15.5242 18.1108 16.1245 14.1421 16.2788 28.0179 9.43398 19.6787 8.48528  31.241 6.32456
19.2354 48.7955 34.5254 31.0644       0 35.8469 33.4215 18.6815 32.6879      24      30 15.8114 41.1491 32.2025 5.83095  25.632 11.1803 33.0151 12.8062 38.9487 24.0832 36.0139 37.7359      37 15.1327 29.0172   32.45       1 28.3019 23.7065  6.0208 8.06226 38.0132      19 35.0143 30.4795 28.1603 28.0179 31.0161      29 22.2036 13.1529       1 1.41421 15.2315 8.94427 43.2782 45.3431 33.5261 30.0167 29.7405 24.3824  37.855 14.7648 41.3401 18.9737 44.1022      25 9.21954 22.0907      17 46.0109 36.6742 32.6497 18.1108 28.4253 17.0074 22.8254  37.054 30.0832
24.1868 20.0998 8.06226      20 35.8469       0 16.9706 17.4929  34.821 16.6433 36.6742 20.6155 6.10328 24.2074 31.3209      26 31.1448  19.105 23.7697 12.6491 17.4642 40.4969 6.08276 14.5602 21.6333 13.6015  7.2111 34.9285 20.5913 12.3693 30.6472 34.5254 25.6125  19.799 15.1327 11.6619  12.083 36.7696 15.1327 14.5602 15.5563 25.6125 34.9285 37.1618 20.6155 29.6142 19.6469 16.0312 29.2062 7.07107 7.10634 12.1037  7.2111 26.0192 23.7065 27.2947 10.7703 27.8568 26.8328 32.0156 18.9737 20.0998 34.0588 4.12311 21.9317 11.7047 33.6341 22.8035 12.6491 26.0768
     15 16.1245 23.8537       4 33.4215 16.9706       0 21.2132 18.6682 26.1725 21.3776 18.7883 17.0074 7.61577 27.6586 12.1655 24.2074 2.23607  21.095       8 9.43398 24.1661   12.53 30.5287 24.7386 26.2488      10 32.8024 6.32456      15 30.4508 28.4253 8.94427 26.0768 30.4138 6.32456 24.0416 22.0907 28.7924 27.2029 23.0217 29.1204 32.8024 34.8281 21.1896 24.7588 9.89949 13.6015   12.53  12.083 19.0394 19.6596 24.0832  19.105 9.05539      17 16.1245 14.1421 26.8328 19.4165 18.9737 12.8062 17.2047 13.6015 28.1603 8.06226 23.3077 11.6619 28.8444  10.198
     15 33.6155 16.0312 21.0238 18.6815 17.4929 21.2132       0 31.0886 7.81025 30.8058 6.40312 23.2002 24.3311      15 21.0238  17.088 22.0227   8.544 23.7065 13.1529 36.3593 20.5183 19.6469 4.24264 11.7047 15.8114   17.72 19.2354  6.7082 13.2004 19.2354 29.0172 5.09902 18.0278 15.8114  10.198 29.8329 14.3178  12.083 4.47214 8.60233   17.72 19.9249 4.12311 14.3178 29.7321 29.6816 28.1603 12.8062  11.068 5.70088 19.2354 13.6015 30.2655 17.6918 26.8701 21.9545 9.48683 23.3452 4.24264 31.7805 32.8938 14.8661       7 13.6015 22.0511 16.5529 19.2354 24.0416
16.4469 31.5357 40.4042 14.9833 32.6879  34.821 18.6682 31.0886       0 38.4253 4.30116 25.3476 35.6546  11.068 27.5045 10.1242 21.5523 16.4469 25.3476 26.3154 19.1442 5.70088 31.1207 46.6744  32.596 40.5278 27.6134  32.596 14.3003 27.7218 33.0946 24.9098 13.5831 36.0069 45.9837 23.1625 38.3471 6.36396 43.3417 41.3098  34.821 35.7841  32.596 33.8009 28.5044 24.5051 24.5051 30.6023  6.5192 28.5044 34.6554 32.8024  41.503 19.8116 18.6682 14.7139 34.5615 9.19239 30.9919 10.6066 27.0647 27.5409 4.94975 30.9273 37.4233 23.5053 16.0078 14.5774 45.3045 8.74643
22.6716 35.7351 11.6619 26.9258      24 16.6433 26.1725 7.81025 38.4253       0 38.4187 14.2127 22.7431 30.6757  21.587 28.3019 24.5967 27.4591 16.1245 26.4764 19.6977 43.8292 21.5407      13 9.21954 5.09902 18.2483      23  25.632 11.4018 18.0069 26.2488 34.7131       5 11.0454  20.025       5 37.5366 7.07107       5 3.60555 11.1803      23   25.02 11.6619 21.5407 33.2415 31.6228 34.9285 15.1327 9.61769  6.5192 15.2643 21.4009 35.0571 25.4558 27.2947 29.4109 15.1327 31.1127 12.0416 34.7131 39.8121 15.8114 6.32456 18.1108 29.8203 23.8537 13.1529 30.8707
15.8114 35.2278 41.6173 17.4642      30 36.6742 21.3776 30.8058 4.30116 38.4187       0 24.6982 38.1215 14.0357 25.1794 10.8167  19.105 19.2354 24.1661 29.2746      20 6.08276 33.5261  47.634 31.7648 41.0122 29.5466 30.0167 16.1555 28.3196 31.0846 22.0227 17.4642 35.5106 46.7547 25.0799 38.8973 2.23607 43.8406 41.7253 34.8281 34.5398 30.0167 31.0161 27.7849 22.3607 28.1603      34  10.198 30.0167 35.7001  33.234 43.0465 18.3848  22.561 13.4164 37.4833 9.21954 29.4109 8.24621 26.6271  31.257 9.21954 32.6497 36.7151 25.0599 13.0096 14.8661 46.4004 11.1803
8.94427 33.3017 21.2132 17.4642 15.8114 20.6155 18.7883 6.40312 25.3476 14.2127 24.6982       0 25.5392  20.025 10.7703 15.5242 11.1803 18.9737 3.16228 23.3452 9.48683 30.4138 21.9545  25.632 7.28011 17.8885 16.6433      15 15.1327 8.24621 11.8004 14.0357  25.318 10.8167 24.1661 14.8661 16.1555 23.6008 20.5913 18.3576 10.8167      11      15 17.2047 3.16228 9.05539 28.3019 29.6985 23.1948 14.3178 15.5081 10.7935 24.0208  7.2111 27.5136 11.4018 28.3019 16.1555 8.06226 17.0294 2.23607 30.8058 27.6586  17.088  12.083 12.7279 15.6924 11.1803      25  19.105
27.5726 15.0748 13.2382 20.7183 41.1491 6.10328 17.0074 23.2002 35.6546 22.7431 38.1215 25.5392       0 24.6221 36.3077 27.9508 35.4154 19.2419 28.6923 10.2591 20.5244 41.1734 4.60977 19.0066 27.4089    19.5 9.55249 40.2647 22.0737 17.4428 36.2008   39.08 24.6018 25.8312 20.0562  13.537 18.1177 38.5649 20.7425 20.4267 21.5928 31.5159 40.2647    42.5 25.9856 34.3111 16.3783 11.2805 29.5169 11.2361 13.2004 18.0347 11.0114  30.104 21.5928 30.5164 5.02494 29.9207 32.3303 34.6302 24.1506 15.9765 34.0478     8.5 27.9866 14.5344  37.054 25.5196 17.0074 27.0416
     13  21.587 30.4795 4.24264 32.2025 24.2074 7.61577 24.3311  11.068 30.6757 14.0357  20.025 24.6221       0 26.4008 7.07107 21.6333 5.38516 21.3776 15.2971 11.1803 16.5529 20.1246 37.0135 27.0185 31.7648 17.0294 31.7805 5.09902 19.3132 30.5655  25.807 5.83095 29.4279 36.6197 12.7279 29.5296 15.0333 34.4819 32.6497 27.2029 31.0161 31.7805  33.541      23 23.2594 14.5602  20.025       5 18.4391 25.1098 24.4233 31.1448 17.4642      10 13.6015 23.5372 8.60233 27.4591 13.8924 21.0238   17.72 9.89949 20.5183  31.257 13.6015 18.8215 9.48683 35.4683 3.16228
13.4164 43.1856 31.0161 25.2389 5.83095 31.3209 27.6586      15 27.5045  21.587 25.1794 10.7703 36.3077 26.4008       0 19.9249 6.08276 27.2029 7.61577 33.4215 18.3848  31.257 32.6497 34.3657 12.3693 26.3059 27.2947 5.38516 22.4722 18.9737 6.26498       5 32.2025 16.7631 32.5576      25 25.0799 23.3452 28.6356 26.4764  19.105 12.2066 5.38516  7.2111 11.0454 3.16228 37.5366 39.8246 27.8927 25.0799 25.7391 20.5548 34.1321 8.94427 35.5106 13.3417 38.9487 19.4165  6.7082 17.0294 12.3693 40.3113  31.257 27.8568 16.5529 23.0217    12.5      17 34.1321 24.3516
      7 27.8568 30.8058 8.24621  25.632      26 12.1655 21.0238 10.1242 28.3019 10.8167 15.5242 27.9508 7.07107 19.9249       0 14.7648 10.4403 16.0312 20.0998 9.21954 15.6205 23.3452 36.8782 22.8035 30.4795 18.9737 25.2982       6 17.6918  24.683  18.868 12.8062      26 36.0694 14.5602 28.3196 10.7703 33.3017  31.241 24.6982 26.3059 25.2982 26.9258 18.6815 16.7631 21.0238 25.7099 8.06226 19.2354 24.9098 22.7266  32.249 11.1803 17.0294  6.7082      28       2      22 7.28011  17.088 24.1661 12.1655 21.9317 27.5136 14.3178 11.8004 4.47214  35.609 4.47214
9.21954 40.2244 32.3883 21.2132 11.1803 31.1448 24.2074  17.088 21.5523 24.5967  19.105 11.1803 35.4154 21.6333 6.08276 14.7648       0 23.3452   8.544 30.8869 15.6525 25.1794 31.3209 36.6879 15.8114 28.7924 25.9615 11.0454 18.3848      19 12.1758 4.24264 27.4591 20.2485 35.1141 22.8473 27.2029 17.2627 31.3847 29.1548 21.5407 17.0294 11.0454 12.3693      13 3.60555 34.0588 37.2156 22.4722 24.3311 26.6177 21.9659 35.1283 5.38516  31.241 8.06226 37.3363 13.9284 11.4018      11 13.3417 37.0135 25.4951 27.2947 20.6155 21.1896     6.5 12.7279 36.1386 19.2354
14.1421 17.4642  25.807 2.23607 33.0151  19.105 2.23607 22.0227 16.4469 27.4591 19.2354 18.9737 19.2419 5.38516 27.2029 10.4403 23.3452       0 21.0238 10.0499 9.48683 21.9317 14.7648   32.45  25.318 27.8568 12.0416   32.45       5 16.1245 30.4179 27.5862 7.28011      27  32.249 8.06226  25.632  20.025 30.4631 28.7924 24.1868 29.6142   32.45 34.4093  21.587 24.2074 10.8167 15.2971 10.2956 13.8924 20.7966 20.9881 26.1725 18.4391   8.544 15.8114 18.2483 12.3693 26.9258   17.72 19.4165 13.8924      15 15.6205 29.0172 9.48683 21.9146 10.6301 30.8058 8.06226
9.05539 36.0694 24.0832 19.3132 12.8062 23.7697  21.095   8.544 25.3476 16.1245 24.1661 3.16228 28.6923 21.3776 7.61577 16.0312   8.544 21.0238       0 26.1725 11.6619 30.0832 25.0599 28.1603 7.81025 20.2485 19.7231 12.0416 16.7631 11.4018 9.39415      11 26.9258 12.0416 26.5707 17.6918 18.6815 22.8254 22.8473 20.6155      13 10.4403 12.0416 14.2127 4.47214       6 30.8058 32.5576      24 17.4642 18.5068 13.5831      27 5.83095 29.5466 10.7703 31.3847 16.2788 6.08276 16.1245       5 33.4215 28.1603 20.2485 12.8062 15.6205 13.8293 12.0416 27.6586  20.025
21.9317      10 20.6155      12 38.9487 12.6491       8 23.7065 26.3154 26.4764 29.2746 23.3452 10.2591 15.2971 33.4215 20.0998 30.8869 10.0499 26.1725       0 15.2643 31.6228  6.7082 27.2029 27.7849      25 8.24621 38.2099 14.1421      17 35.0892 34.9857 14.4222 27.8568 27.6586 8.48528 23.0217 30.0666  27.074      26 24.0416  32.249 38.2099 40.3609      25 30.8058 7.07107 6.40312 19.9249 11.4018 17.5071 20.2608 19.6977 25.5539 11.4018 24.3516 8.24621 22.0907  31.241 27.2947 22.8035 8.24621 24.1661      11 30.0832 10.6301 30.8423 18.9737 25.2982 18.1108
7.07107 24.8395 21.6333 8.06226 24.0832 17.4642 9.43398 13.1529 19.1442 19.6977      20 9.48683 20.5244 11.1803 18.3848 9.21954 15.6525 9.48683 11.6619 15.2643       0 24.7588 16.1245 27.6586 16.0312 21.4009      11 23.4307 6.08276 8.60233 21.0297 19.7231 16.0312 18.2483 26.8701 7.28011 19.2094 19.7231 24.2074 22.2036 16.1555 20.2237 23.4307 25.4951 12.1655 15.6205 19.2094 21.6333 15.2315 10.4403 15.7003 13.7295 23.2594 10.2956 18.0278      10 21.8403 10.8167 17.4642 14.5602 10.0499 21.9317 20.1246 13.3417 20.0998       6 16.5303 5.38516 26.4008 11.1803
21.4709 36.0555 46.0977 20.5913 36.0139 40.4969 24.1661 36.3593 5.70088 43.8292 6.08276 30.4138 41.1734 16.5529  31.257 15.6205 25.1794 21.9317 30.0832 31.6228 24.7588       0 36.6742  52.345 37.5766 46.0977 33.2866 36.0555      20 33.3017 37.1652      28 18.1108 41.1825 51.6236 28.8444 43.9318       8 48.9183 46.8615 40.2244 40.4969 36.0555      37  33.541 28.4429 29.1548 35.5106 11.7047 34.2053 40.3299 38.3471 47.2017 24.3516 23.0217 19.3132 39.8497 14.4222 35.4401 14.3178  32.249 32.0624       8 36.6197 42.4853 29.2062 19.0066      20 50.9902 14.4222
23.1948 14.3178 14.1421 16.1555 37.7359 6.08276   12.53 20.5183 31.1207 21.5407 33.5261 21.9545 4.60977 20.1246 32.6497 23.3452 31.3209 14.7648 25.0599  6.7082 16.1245 36.6742       0 20.6155 24.7588 19.2354 5.38516 36.8917 17.4642 14.2127 33.1097 35.1141 20.5183 23.8537 21.2132       9 17.4642 33.9559 21.0238 20.2237 19.7231 29.0689 36.8917 39.1152 22.8035 30.4631 13.6015  10.198 25.0599 7.81025 12.0208 15.9531      13 25.9615 18.0278 26.0768 6.40312  25.318 29.2062 30.0666 20.8087 14.0357 29.6816 5.83095 26.0768  10.198 32.6382      21 18.6815 22.4722
32.7567 34.0588  6.7082 32.8024      37 14.5602 30.5287 19.6469 46.6744      13  47.634  25.632 19.0066 37.0135 34.3657 36.8782 36.6879   32.45 28.1603 27.2029 27.6586  52.345 20.6155       0 22.0907 8.06226 20.5913      36 32.5576 19.4165  31.004  38.833 39.4462      18 2.23607 24.4131 9.48683 47.2017 6.08276       8 15.2971 24.0832      36 38.0132 23.7697 33.9559 34.2053 30.1496 41.8688 18.6011 12.0208 14.9833       8 32.6956 38.0789 35.8469      24 38.4187 28.0713 41.3401 23.4094 34.5254 46.8615      17  19.105 23.4307 41.1734 32.8024       2 38.2099
16.1555 37.7359 19.4165 24.0832 15.1327 21.6333 24.7386 4.24264  32.596 9.21954 31.7648 7.28011 27.4089 27.0185 12.3693 22.8035 15.8114  25.318 7.81025 27.7849 16.0312 37.5766 24.7588 22.0907       0 14.0357      20 14.1421      22 10.8167 9.34077  17.088 32.0624 4.47214 20.2237 19.6977 13.0384 30.5287 16.2788 14.1421 7.07107 4.47214 14.1421 16.2788 4.12311   12.53 33.6155 33.8378 30.4138 17.0294 14.9833 9.61769 22.8035 13.6015 33.7343 18.3576 31.1127 23.4094       6 23.8537       6 35.7771 34.9285  19.105       5 17.4642 21.5697 18.4391      22 26.3059
25.6125  33.541 7.07107 27.7308 29.0172 13.6015 26.2488 11.7047 40.5278 5.09902 41.0122 17.8885    19.5 31.7648 26.3059 30.4795 28.7924 27.8568 20.2485      25 21.4009 46.0977 19.2354 8.06226 14.0357       0 17.1172 28.0179 26.9258 12.8062 23.0489 30.8058 35.1141 10.0499 6.32456 19.9249 2.23607 40.3609 2.82843       1 7.28011 16.2788 28.0179 30.0666 15.8114 25.9615 32.0156 29.4279 36.3593 14.3178 7.51665 7.77817 10.6301 25.0599 34.7131 28.6007 24.3516 31.8277  20.025 34.2053 15.6525 33.0606 41.3401      14 11.4018 18.3848 33.5596 26.1725 8.06226   32.45
18.0278 17.8885 13.8924 12.8062   32.45  7.2111      10 15.8114 27.6134 18.2483 29.5466 16.6433 9.55249 17.0294 27.2947 18.9737 25.9615 12.0416 19.7231 8.24621      11 33.2866 5.38516 20.5913      20 17.1172       0 31.6228 13.4164 9.21954 27.9866 29.7321  18.868 19.6977 20.6155 4.47214 15.0333 29.7321 19.4165 18.1108 15.8114 24.4131 31.6228 33.8378 17.6918 25.0799 15.0333 13.8924 22.0227 3.16228 9.61769 12.0208 14.1421 20.6155   17.72      21 11.6619 20.8806 24.0832  25.318 15.6205 16.4924 26.9072 3.60555 21.9317       5 27.5182 16.1245  18.868  18.868
18.7883 48.0833  33.541 30.5287       1 34.9285 32.8024   17.72  32.596      23 30.0167      15 40.2647 31.7805 5.38516 25.2982 11.0454   32.45 12.0416 38.2099 23.4307 36.0555 36.8917      36 14.1421 28.0179 31.6228       0 27.7849 22.8254 5.02494 8.24621 37.5766      18 34.0147 29.7321 27.1662 28.0713 30.0167      28 21.2132 12.1655       0 2.23607 14.3178   8.544  42.638 44.5982 33.2415 29.1548 28.7837 23.4201 36.8782 14.3178 40.8167 18.6815 43.2666 24.7386 8.24621 22.0227 16.1245 45.3431 36.4966 31.7648 17.1172 27.6586  17.066 22.3607 36.0555 29.7321
9.21954 22.3607 26.1725 2.82843 28.3019 20.5913 6.32456 19.2354 14.3003  25.632 16.1555 15.1327 22.0737 5.09902 22.4722       6 18.3848       5 16.7631 14.1421 6.08276      20 17.4642 32.5576      22 26.9258 13.4164 27.7849       0 14.3178 26.1008 22.6274  10.198 24.3311 32.0156 8.94427 24.6982 16.4924 29.6816 27.7849 22.1359 26.0768 27.7849 29.6816 18.0278 19.4165 15.8114 19.9249 9.43398 14.2127 20.5548 19.4551 27.2029 13.6015 13.0384 10.8167      22       8 22.8035 13.1529      16  18.868 14.4222 16.6433 26.1725 9.21954 17.0074 5.65685 31.1127 5.65685
13.4164 26.9258 13.9284 15.5242 23.7065 12.3693      15  6.7082 27.7218 11.4018 28.3196 8.24621 17.4428 19.3132 18.9737 17.6918      19 16.1245 11.4018      17 8.60233 33.3017 14.2127 19.4165 10.8167 12.8062 9.21954 22.8254 14.3178       0 18.9011 22.2036 23.3452 11.1803 18.4391 9.21954 10.6301 27.8029 15.6205 13.6015 8.06226 15.2643 22.8254 25.0599 8.60233 17.2627 23.0868 23.0217 23.7065 6.40312 7.90569 5.14782 16.2788 14.1421 24.0208 16.5529 20.6155  19.105      15 21.9545  6.7082 25.0799 28.6531 8.94427 13.3417 7.07107 22.3215 13.4536 18.3576 19.7231
17.7553 45.0694 28.7446 28.6923  6.0208 30.6472 30.4508 13.2004 33.0946 18.0069 31.0846 11.8004 36.2008 30.5655 6.26498  24.683 12.1758 30.4179 9.39415 35.0892 21.0297 37.1652 33.1097  31.004 9.34077 23.0489 27.9866 5.02494 26.1008 18.9011       0 11.0114 36.2112 13.0096 29.0043 26.6317 22.2767 29.3471  25.005 23.0054 16.3783 7.15891 5.02494 7.01783 10.3078 8.73212  40.078 41.4035 32.7452 25.3032 24.2332 18.8481 32.1442  13.537 38.9391    18.5 39.5127 24.5204 3.90512 22.8528 12.3794 42.6058 36.5137 27.7354 12.0934 24.4591 18.6682 21.1009 31.1006 28.9353
13.4536 44.4072 35.0571 25.4558 8.06226 34.5254 28.4253 19.2354 24.9098 26.2488 22.0227 14.0357   39.08  25.807       5  18.868 4.24264 27.5862      11 34.9857 19.7231      28 35.1141  38.833  17.088 30.8058 29.7321 8.24621 22.6274 22.2036 11.0114       0 31.6228 21.5407  37.108 26.8328 29.4279      20 33.2415 31.0483 23.5372 17.2047 8.24621       9 15.1327       5 38.2884 41.3401 26.4008 27.8927 29.5042 24.5459      38 9.43398 35.4683 12.2066 41.2311 17.8885 11.6619 14.3178      16 41.2311 29.1204 30.8058 21.4709 25.0799 9.01388 16.9706 38.4708 23.3238
18.7883      18 32.7567       8 38.0132 25.6125 8.94427 29.0172 13.5831 34.7131 17.4642  25.318 24.6018 5.83095 32.2025 12.8062 27.4591 7.28011 26.9258 14.4222 16.0312 18.1108 20.5183 39.4462 32.0624 35.1141  18.868 37.5766  10.198 23.3452 36.2112 31.6228       0 34.0588 39.3573 15.2315 32.8938 18.9737 37.6962 36.0555 31.4006 36.2215 37.5766 39.3573 28.1603 29.0689 11.0454 17.4642 7.28011 21.0238 27.9732 28.2577 32.8024 23.2594 5.09902 19.4165 22.3607 14.1421 32.9848 19.2094 26.0768      14  10.198 22.4722 36.0139 16.7631 24.3977 15.2315 37.7359 8.48528
19.7231 37.5766 16.1555 26.0768      19  19.799 26.0768 5.09902 36.0069       5 35.5106 10.8167 25.8312 29.4279 16.7631      26 20.2485      27 12.0416 27.8568 18.2483 41.1825 23.8537      18 4.47214 10.0499 19.6977      18 24.3311 11.1803 13.0096 21.5407 34.0588       0 16.0312 20.3961 9.48683 34.4093 12.0416      10 4.24264 6.32456      18  20.025 7.81025      17 34.2053  33.541 33.2415 16.5529 12.7475 7.90569 19.6977 17.6918 35.1283 22.2036      30 26.8328  10.198 27.8029 8.94427 36.0555 37.9473 18.0278 2.23607 18.2483 25.8699 21.5407 18.1108 29.1204
31.6228      35 7.07107   32.45 35.0143 15.1327 30.4138 18.0278 45.9837 11.0454 46.7547 24.1661 20.0562 36.6197 32.5576 36.0694 35.1141  32.249 26.5707 27.6586 26.8701 51.6236 21.2132 2.23607 20.2237 6.32456 20.6155 34.0147 32.0156 18.4391 29.0043  37.108 39.3573 16.0312       0 24.1868 8.06226 46.2277       4 6.08276 13.6015 22.0227 34.0147      36 22.1359   32.28 34.7131 31.0161 41.4005 18.3576 11.5109 13.7295 9.21954  31.305 38.2753 34.6699 25.0799 37.5366 26.1725 40.2244 21.9317 35.2278 46.4004  17.088 17.0294 23.0217 39.8026 31.8904 3.60555 37.6431
14.3178 18.4391 17.8045 8.48528 30.4795 11.6619 6.32456 15.8114 23.1625  20.025 25.0799 14.8661  13.537 12.7279      25 14.5602 22.8473 8.06226 17.6918 8.48528 7.28011 28.8444       9 24.4131 19.6977 19.9249 4.47214 29.7321 8.94427 9.21954 26.6317 26.8328 15.2315 20.3961 24.1868       0   17.72 25.2982 22.4722 20.8806 17.0294 24.1661 29.7321 31.8904 16.6433 22.4722 13.9284 14.8661 17.6918 5.83095 12.7475 13.5093 18.4391 17.4642 15.0333 17.1172 14.5602 16.4924 22.8035  21.095 14.4222 16.1245 22.6274 7.81025  22.561 2.23607 23.6907      12 22.8035 14.4222
23.6008 31.7805  6.7082 25.4951 28.1603  12.083 24.0416  10.198 38.3471       5 38.8973 16.1555 18.1177 29.5296 25.0799 28.3196 27.2029  25.632 18.6815 23.0217 19.2094 43.9318 17.4642 9.48683 13.0384 2.23607 15.0333 27.1662 24.6982 10.6301 22.2767 29.4279 32.8938 9.48683 8.06226   17.72       0 38.2884       5 3.16228       6 15.8114 27.1662 29.2746 14.3178 24.5153      30 27.6586 34.1321 12.1655 5.52268 5.70088 10.2956 23.2594 32.5576 26.6271 22.8473 29.6985 19.0263 32.2025 13.9284 31.1448 39.1152 12.0416 11.1803 16.1555  31.753 24.0416 9.05539 30.2324
14.8661 36.4966 41.3401 18.1108 28.0179 36.7696 22.0907 29.8329 6.36396 37.5366 2.23607 23.6008 38.5649 15.0333 23.3452 10.7703 17.2627  20.025 22.8254 30.0666 19.7231       8 33.9559 47.2017 30.5287 40.3609 29.7321 28.0713 16.4924 27.8029 29.3471      20 18.9737 34.4093 46.2277 25.2982 38.2884       0 43.1856 41.0366 33.9706 33.1059 28.0713      29 26.6271 20.6155 29.4279 35.0571 11.7047 29.9666 35.3624  32.596 42.9418      17 24.0416 12.2066 38.2099 8.94427 27.8568  6.7082 25.6125 32.5576 11.3137 32.6956 35.5106 25.0799 11.0114 14.4222 46.0435      12
28.4253 35.2278 7.61577 30.4138 31.0161 15.1327 28.7924 14.3178 43.3417 7.07107 43.8406 20.5913 20.7425 34.4819 28.6356 33.3017 31.3847 30.4631 22.8473  27.074 24.2074 48.9183 21.0238 6.08276 16.2788 2.82843 19.4165 30.0167 29.6816 15.6205  25.005 33.2415 37.6962 12.0416       4 22.4722       5 43.1856       0 2.23607 9.84886 18.0278 30.0167      32 18.3848 28.4605 34.1321 31.1448 39.1152 16.7631 9.82344 10.6066 10.8167 27.7849  37.108 31.4006 25.7099 34.6554 22.2036 37.0135 18.3576      35 44.1022 16.1245 13.0384 21.0238 36.2802      29  6.7082 35.2278
26.2488 34.5254 7.81025 28.6356      29 14.5602 27.2029  12.083 41.3098       5 41.7253 18.3576 20.4267 32.6497 26.4764  31.241 29.1548 28.7924 20.6155      26 22.2036 46.8615 20.2237       8 14.1421       1 18.1108      28 27.7849 13.6015 23.0054 31.0483 36.0555      10 6.08276 20.8806 3.16228 41.0366 2.23607       0 7.61577 16.1245      28 30.0167 16.1555 26.2488 33.0151 30.4138 37.2156 15.2971 8.51469 8.51469 11.3137 25.5539 35.6931 29.2062 25.2982 32.5576 20.0998 34.8281 16.1245 34.0588   42.19      15 11.1803 19.3132 34.0478 26.9072 8.24621 33.2866
 19.105 33.6155 12.3693 23.5372 22.2036 15.5563 23.0217 4.47214  34.821 3.60555 34.8281 10.8167 21.5928 27.2029  19.105 24.6982 21.5407 24.1868      13 24.0416 16.1555 40.2244 19.7231 15.2971 7.07107 7.28011 15.8114 21.2132 22.1359 8.06226 16.3783 23.5372 31.4006 4.24264 13.6015 17.0294       6 33.9706 9.84886 7.61577       0 10.2956 21.2132 23.3452   8.544 18.6815 30.5941 29.5466 31.3847 12.6491 8.51469 3.80789 15.8114 18.0278      32 21.9317  25.807  25.807 13.0384 27.5862 8.60233   32.28 36.2491 13.8924 6.40312      15    26.5 20.2485 15.0333  27.313
19.4165   42.19 22.4722 28.2843 13.1529 25.6125 29.1204 8.60233 35.7841 11.1803 34.5398      11 31.5159 31.0161 12.2066 26.3059 17.0294 29.6142 10.4403  32.249 20.2237 40.4969 29.0689 24.0832 4.47214 16.2788 24.4131 12.1655 26.0768 15.2643 7.15891 17.2047 36.2215 6.32456 22.0227 24.1661 15.8114 33.1059 18.0278 16.1245 10.2956       0 12.1655 14.0357 8.06226 13.4536 38.0789 38.2753 34.1321 21.4009 18.7216 13.5093      26 16.1555 38.0789 21.1896 35.3836 26.6833 5.65685 26.4008  10.198 40.2492 38.4708 23.3452       5 21.9317 23.3077 22.0907 24.3311 30.0666
18.7883 48.0833  33.541 30.5287       1 34.9285 32.8024   17.72  32.596      23 30.0167      15 40.2647 31.7805 5.38516 25.2982 11.0454   32.45 12.0416 38.2099 23.4307 36.0555 36.8917      36 14.1421 28.0179 31.6228       0 27.7849 22.8254 5.02494 8.24621 37.5766      18 34.0147 29.7321 27.1662 28.0713 30.0167      28 21.2132 12.1655       0 2.23607 14.3178   8.544  42.638 44.5982 33.2415 29.1548 28.7837 23.4201 36.8782 14.3178 40.8167 18.6815 43.2666 24.7386 8.24621 22.0227 16.1245 45.3431 36.4966 31.7648 17.1172 27.6586  17.066 22.3607 36.0555 29.7321
20.5913 50.2096 35.6931   32.45 1.41421 37.1618 34.8281 19.9249 33.8009   25.02 31.0161 17.2047    42.5  33.541  7.2111 26.9258 12.3693 34.4093 14.2127 40.3609 25.4951      37 39.1152 38.0132 16.2788 30.0666 33.8378 2.23607 29.6816 25.0599 7.01783       9 39.3573  20.025      36 31.8904 29.2746      29      32 30.0167 23.3452 14.0357 2.23607       0 16.5529 10.2956 44.6878 46.7547 34.7851 31.3847 30.9919 25.6223 39.0512 16.1245   42.72 20.2485 45.4863 26.2488 10.4403 23.1948 18.3576 47.4236  37.855      34 19.0263 29.8329 18.0069 24.1868 38.1182 31.3847
 12.083      35      20 20.2237 15.2315 20.6155 21.1896 4.12311 28.5044 11.6619 27.7849 3.16228 25.9856      23 11.0454 18.6815      13  21.587 4.47214      25 12.1655  33.541 22.8035 23.7697 4.12311 15.8114 17.6918 14.3178 18.0278 8.60233 10.3078 15.1327 28.1603 7.81025 22.1359 16.6433 14.3178 26.6271 18.3848 16.1555   8.544 8.06226 14.3178 16.5529       0  10.198 30.4138  31.241 26.3059      15 14.7139 9.51315 23.0868 9.89949 30.0832 14.4222 29.2062 19.3132 6.40312      20 2.23607 32.7567 30.8058 17.4929 8.94427 14.4222 18.2003 14.3178 23.3452 22.2036
10.2956 40.4599 30.0666 22.2036 8.94427 29.6142 24.7588 14.3178 24.5051 21.5407 22.3607 9.05539 34.3111 23.2594 3.16228 16.7631 3.60555 24.2074       6 30.8058 15.6205 28.4429 30.4631 33.9559   12.53 25.9615 25.0799   8.544 19.4165 17.2627 8.73212       5 29.0689      17   32.28 22.4722 24.5153 20.6155 28.4605 26.2488 18.6815 13.4536   8.544 10.2956  10.198       0 34.6554 37.2022 24.7386 23.0868 24.5051 19.5576      33 5.83095   32.45  10.198 36.6742 16.2788 7.81025 14.1421      11 37.4833 28.1603 25.9615 17.2047 20.5913 10.0623 13.8924  33.541 21.1896
24.8395 7.07107 27.6586 13.0384 43.2782 19.6469 9.89949 29.7321 24.5051 33.2415 28.1603 28.3019 16.3783 14.5602 37.5366 21.0238 34.0588 10.8167 30.8058 7.07107 19.2094 29.1548 13.6015 34.2053 33.6155 32.0156 15.0333  42.638 15.8114 23.0868  40.078 38.2884 11.0454 34.2053 34.7131 13.9284      30 29.4279 34.1321 33.0151 30.5941 38.0789  42.638 44.6878 30.4138 34.6554       0  6.7082 18.0278 18.1108 24.5051 26.8794 26.5707      29 6.32456 26.6271 12.7279 22.8473 36.3593 28.2312  28.178 3.16228 21.2132 18.0278 36.4005 16.1555 32.6841 21.4009   32.28   17.72
 28.178 4.12311      24 17.4642 45.3431 16.0312 13.6015 29.6816 30.6023 31.6228      34 29.6985 11.2805  20.025 39.8246 25.7099 37.2156 15.2971 32.5576 6.40312 21.6333 35.5106  10.198 30.1496 33.8378 29.4279 13.8924 44.5982 19.9249 23.0217 41.4035 41.3401 17.4642  33.541 31.0161 14.8661 27.6586 35.0571 31.1448 30.4138 29.5466 38.2753 44.5982 46.7547  31.241 37.2022  6.7082       0 24.0832      17 22.1923 25.7391 22.2036 31.9061      13 30.4631  6.7082 27.6586 37.5366 32.9848 29.0689       5 27.6586 15.8114 35.7771 16.9706  36.868 25.0799 28.1603 23.0868
15.0333 25.0799 35.3836 9.21954 33.5261 29.2062   12.53 28.1603  6.5192 34.9285  10.198 23.1948 29.5169       5 27.8927 8.06226 22.4722 10.2956      24 19.9249 15.2315 11.7047 25.0599 41.8688 30.4138 36.3593 22.0227 33.2415 9.43398 23.7065 32.7452 26.4008 7.28011 33.2415 41.4005 17.6918 34.1321 11.7047 39.1152 37.2156 31.3847 34.1321 33.2415 34.7851 26.3059 24.7386 18.0278 24.0832       0 23.3452 29.9082 28.8531 36.1248 19.2354 12.3693 14.5602 28.1603   8.544 30.0167 12.8062 24.5153  21.095       5 25.4951 34.9285 18.4391 18.3098 12.0416 40.3609 4.12311
17.1172 21.0238 12.0416 14.2127 30.0167 7.07107  12.083 12.8062 28.5044 15.1327 30.0167 14.3178 11.2361 18.4391 25.0799 19.2354 24.3311 13.8924 17.4642 11.4018 10.4403 34.2053 7.81025 18.6011 17.0294 14.3178 3.16228 29.1548 14.2127 6.40312 25.3032 27.8927 21.0238 16.5529 18.3576 5.83095 12.1655 29.9666 16.7631 15.2971 12.6491 21.4009 29.1548 31.3847      15 23.0868 18.1108      17 23.3452       0 6.96419 8.86002 13.0384  19.105 20.3961 20.2237 14.2127 21.0238 21.4009      25 13.0384 19.6469 28.3196       3 18.7883       5 26.5754 15.8114 17.0294 19.8494
 21.272 26.3154 6.04152 20.9404 29.7405 7.10634 19.0394  11.068 34.6554 9.61769 35.7001 15.5081 13.2004 25.1098 25.7391 24.9098 26.6177 20.7966 18.5068 17.5071 15.7003 40.3299 12.0208 12.0208 14.9833 7.51665 9.61769 28.7837 20.5548 7.90569 24.2332 29.5042 27.9732 12.7475 11.5109 12.7475 5.52268 35.3624 9.82344 8.51469 8.51469 18.7216 28.7837 30.9919 14.7139 24.5051 24.5051 22.1923 29.9082 6.96419       0 5.38516 8.51469 21.9659 27.2855 24.4233 17.6777 26.5047 20.5548 29.7405 13.5093 25.6223  34.907  6.5192 14.8492 11.5109   30.22 20.9404 10.7005 26.2011
17.9025 29.8077 10.5119 20.5548 24.3824 12.1037 19.6596 5.70088 32.8024  6.5192  33.234 10.7935 18.0347 24.4233 20.5548 22.7266 21.9659 20.9881 13.5831 20.2608 13.7295 38.3471 15.9531 14.9833 9.61769 7.77817 12.0208 23.4201 19.4551 5.14782 18.8481 24.5459 28.2577 7.90569 13.7295 13.5093 5.70088  32.596 10.6066 8.51469 3.80789 13.5093 23.4201 25.6223 9.51315 19.5576 26.8794 25.7391 28.8531 8.86002 5.38516       0 13.5831 17.7341 28.5394 20.9404  22.102  24.052 15.1822 26.5047 8.63134 28.5044 33.8009 10.1242 10.1242 11.5974 26.1964 18.3984 14.2302 24.8697
29.4109 26.0768 3.60555 26.9072  37.855  7.2111 24.0832 19.2354  41.503 15.2643 43.0465 24.0208 11.0114 31.1448 34.1321  32.249 35.1283 26.1725      27 19.6977 23.2594 47.2017      13       8 22.8035 10.6301 14.1421 36.8782 27.2029 16.2788 32.1442      38 32.8024 19.6977 9.21954 18.4391 10.2956 42.9418 10.8167 11.3137 15.8114      26 36.8782 39.0512 23.0868      33 26.5707 22.2036 36.1248 13.0384 8.51469 13.5831       0 30.4138 30.8869  32.573      16      34 28.6356 37.6962      22 26.6833 41.0366 10.6301 21.4709 18.0278 38.5649 28.6356       6 32.8024
4.47214      35 27.8927 16.4012 14.7648 26.0192  19.105 13.6015 19.8116 21.4009 18.3848  7.2111  30.104 17.4642 8.94427 11.1803 5.38516 18.4391 5.83095 25.5539 10.2956 24.3516 25.9615 32.6956 13.6015 25.0599 20.6155 14.3178 13.6015 14.1421  13.537 9.43398 23.2594 17.6918  31.305 17.4642 23.2594      17 27.7849 25.5539 18.0278 16.1555 14.3178 16.1245 9.89949 5.83095      29 31.9061 19.2354  19.105 21.9659 17.7341 30.4138       0 26.6271 5.09902 31.9531      11 11.1803 10.2956 9.43398 31.8904      23 22.0907 18.6011 15.8114     8.5 8.06226 31.9531 15.5242
22.2036 13.0384 31.3847 10.2956 41.3401 23.7065 9.05539 30.2655 18.6682 35.0571  22.561 27.5136 21.5928      10 35.5106 17.0294  31.241   8.544 29.5466 11.4018 18.0278 23.0217 18.0278 38.0789 33.7343 34.7131   17.72 40.8167 13.0384 24.0208 38.9391 35.4683 5.09902 35.1283 38.2753 15.0333 32.5576 24.0416  37.108 35.6931      32 38.0789 40.8167   42.72 30.0832   32.45 6.32456      13 12.3693 20.3961 27.2855 28.5394 30.8869 26.6271       0 23.3452 18.6011 18.6011 35.4683 23.8537 27.8927 9.05539 15.0333 21.1896 37.2156      17 28.8141 18.6011 36.2491 13.0384
3.16228  33.121 30.4631 13.6015 18.9737 27.2947      17 17.6918 14.7139 25.4558 13.4164 11.4018 30.5164 13.6015 13.3417  6.7082 8.06226 15.8114 10.7703 24.3516      10 19.3132 26.0768 35.8469 18.3576 28.6007      21 18.6815 10.8167 16.5529    18.5 12.2066 19.4165 22.2036 34.6699 17.1172 26.6271 12.2066 31.4006 29.2062 21.9317 21.1896 18.6815 20.2485 14.4222  10.198 26.6271 30.4631 14.5602 20.2237 24.4233 20.9404  32.573 5.09902 23.3452       0 31.5753 6.08276 16.2788 5.65685 13.4536 29.6816 18.0278 23.1948 23.3238      16 6.57647 5.38516 34.8855 11.1803
28.8617  10.198 18.2483 20.0998 44.1022 10.7703 16.1245 26.8701 34.5615 27.2947 37.4833 28.3019 5.02494 23.5372 38.9487      28 37.3363 18.2483 31.3847 8.24621 21.8403 39.8497 6.40312      24 31.1127 24.3516 11.6619 43.2666      22 20.6155 39.5127 41.2311 22.3607      30 25.0799 14.5602 22.8473 38.2099 25.7099 25.2982  25.807 35.3836 43.2666 45.4863 29.2062 36.6742 12.7279  6.7082 28.1603 14.2127 17.6777  22.102      16 31.9531 18.6011 31.5753       0      30  35.609 35.0571 27.2029 11.6619  32.311 12.0416 32.2025 16.1555 38.1477 26.3059      22 26.3059
7.28011 29.7321   32.45  10.198      25 27.8568 14.1421 21.9545 9.19239 29.4109 9.21954 16.1555 29.9207 8.60233 19.4165       2 13.9284 12.3693 16.2788 22.0907 10.8167 14.4222  25.318 38.4187 23.4094 31.8277 20.8806 24.7386       8  19.105 24.5204 17.8885 14.1421 26.8328 37.5366 16.4924 29.6985 8.94427 34.6554 32.5576  25.807 26.6833 24.7386 26.2488 19.3132 16.2788 22.8473 27.6586   8.544 21.0238 26.5047  24.052      34      11 18.6011 6.08276      30       0 22.0907 5.38516 17.8885      26      12 23.7697 28.2312 16.1555 10.2591 5.65685 37.2022 5.65685
     15 41.2311  25.318 25.2982 9.21954 26.8328 26.8328 9.48683 30.9919 15.1327 29.4109 8.06226 32.3303 27.4591  6.7082      22 11.4018 26.9258 6.08276  31.241 17.4642 35.4401 29.2062 28.0713       6  20.025 24.0832 8.24621 22.8035      15 3.90512 11.6619 32.9848  10.198 26.1725 22.8035 19.0263 27.8568 22.2036 20.0998 13.0384 5.65685 8.24621 10.4403 6.40312 7.81025 36.3593 37.5366 30.0167 21.4009 20.5548 15.1822 28.6356 11.1803 35.4683 16.2788  35.609 22.0907       0 21.1896 8.48528  38.833 34.0588 23.8537 9.84886 20.6155 17.7553 18.1108      28 26.0768
8.60233 35.1141 35.7771 15.5242 22.0907 32.0156 19.4165 23.3452 10.6066 31.1127 8.24621 17.0294 34.6302 13.8924 17.0294 7.28011      11   17.72 16.1245 27.2947 14.5602 14.3178 30.0666 41.3401 23.8537 34.2053  25.318 22.0227 13.1529 21.9545 22.8528 14.3178 19.2094 27.8029 40.2244  21.095 32.2025  6.7082 37.0135 34.8281 27.5862 26.4008 22.0227 23.1948      20 14.1421 28.2312 32.9848 12.8062      25 29.7405 26.5047 37.6962 10.2956 23.8537 5.65685 35.0571 5.38516 21.1896       0  19.105 31.3847 14.8661 27.8927 28.8444 20.3961 5.59017 9.21954 40.3113 10.8167
10.8167 32.8024  19.105 18.1108      17 18.9737 18.9737 4.24264 27.0647 12.0416 26.6271 2.23607 24.1506 21.0238 12.3693  17.088 13.3417 19.4165       5 22.8035 10.0499  32.249 20.8087 23.4094       6 15.6525 15.6205 16.1245      16  6.7082 12.3794      16 26.0768 8.94427 21.9317 14.4222 13.9284 25.6125 18.3576 16.1245 8.60233  10.198 16.1245 18.3576 2.23607      11  28.178 29.0689 24.5153 13.0384 13.5093 8.63134      22 9.43398 27.8927 13.4536 27.2029 17.8885 8.48528  19.105       0 30.5287 29.1204 15.6525 10.4403 12.2066 17.9234 12.6491 22.8035 20.3961
27.8029       4 28.1603 16.1245 46.0109 20.0998 12.8062 31.7805 27.5409 34.7131  31.257 30.8058 15.9765   17.72 40.3113 24.1661 37.0135 13.8924 33.4215 8.24621 21.9317 32.0624 14.0357 34.5254 35.7771 33.0606 16.4924 45.3431  18.868 25.0799 42.6058 41.2311      14 36.0555 35.2278 16.1245 31.1448 32.5576      35 34.0588   32.28 40.2492 45.3431 47.4236 32.7567 37.4833 3.16228       5  21.095 19.6469 25.6223 28.5044 26.6833 31.8904 9.05539 29.6816 11.6619      26  38.833 31.3847 30.5287       0 24.0832  19.105 38.2753 18.3576 35.7946 24.4131 32.5576 20.8806
 19.105 28.0713 40.3609 14.1421 36.6742 34.0588 17.2047 32.8938 4.94975 39.8121 9.21954 27.6586 34.0478 9.89949  31.257 12.1655 25.4951      15 28.1603 24.1661 20.1246       8 29.6816 46.8615 34.9285 41.3401 26.9072 36.4966 14.4222 28.6531 36.5137 29.1204  10.198 37.9473 46.4004 22.6274 39.1152 11.3137 44.1022   42.19 36.2491 38.4708 36.4966  37.855 30.8058 28.1603 21.2132 27.6586       5 28.3196  34.907 33.8009 41.0366      23 15.0333 18.0278  32.311      12 34.0588 14.8661 29.1204 24.0832       0 30.4138 39.5601 23.4307 20.4267 16.4924 45.3431 8.94427
20.0998 19.9249 10.2956 16.2788 32.6497 4.12311 13.6015 14.8661 30.9273 15.8114 32.6497  17.088     8.5 20.5183 27.8568 21.9317 27.2947 15.6205 20.2485      11 13.3417 36.6197 5.83095      17  19.105      14 3.60555 31.7648 16.6433 8.94427 27.7354 30.8058 22.4722 18.0278  17.088 7.81025 12.0416 32.6956 16.1245      15 13.8924 23.3452 31.7648      34 17.4929 25.9615 18.0278 15.8114 25.4951       3  6.5192 10.1242 10.6301 22.0907 21.1896 23.1948 12.0416 23.7697 23.8537 27.8927 15.6525  19.105 30.4138       0 20.2485 7.61577 29.5677 18.6815 15.2643 22.2036
21.0238 39.8121 17.8885 28.0179 18.1108 21.9317 28.1603       7 37.4233 6.32456 36.7151  12.083 27.9866  31.257 16.5529 27.5136 20.6155 29.0172 12.8062 30.0832 20.0998 42.4853 26.0768  19.105       5 11.4018 21.9317 17.1172 26.1725 13.3417 12.0934 21.4709 36.0139 2.23607 17.0294  22.561 11.1803 35.5106 13.0384 11.1803 6.40312       5 17.1172 19.0263 8.94427 17.2047 36.4005 35.7771 34.9285 18.7883 14.8492 10.1242 21.4709 18.6011 37.2156 23.3238 32.2025 28.2312 9.84886 28.8444 10.4403 38.2753 39.5601 20.2485       0 20.3961 26.5189 23.0868 19.4165 30.8058
13.0384 20.6155 16.9706 9.43398 28.4253 11.7047 8.06226 13.6015 23.5053 18.1108 25.0599 12.7279 14.5344 13.6015 23.0217 14.3178 21.1896 9.48683 15.6205 10.6301       6 29.2062  10.198 23.4307 17.4642 18.3848       5 27.6586 9.21954 7.07107 24.4591 25.0799 16.7631 18.2483 23.0217 2.23607 16.1555 25.0799 21.0238 19.3132      15 21.9317 27.6586 29.8329 14.4222 20.5913 16.1555 16.9706 18.4391       5 11.5109 11.5974 18.0278 15.8114      17      16 16.1555 16.1555 20.6155 20.3961 12.2066 18.3576 23.4307 7.61577 20.3961       0 22.5222 11.1803 21.9317 14.8661
    9.5 39.3605 36.2112 19.6787 17.0074 33.6341 23.3077 22.0511 16.0078 29.8203 13.0096 15.6924  37.054 18.8215    12.5 11.8004     6.5 21.9146 13.8293 30.8423 16.5303 19.0066 32.6382 41.1734 21.5697 33.5596 27.5182  17.066 17.0074 22.3215 18.6682 9.01388 24.3977 25.8699 39.8026 23.6907  31.753 11.0114 36.2802 34.0478    26.5 23.3077  17.066 18.0069 18.2003 10.0623 32.6841  36.868 18.3098 26.5754   30.22 26.1964 38.5649     8.5 28.8141 6.57647 38.1477 10.2591 17.7553 5.59017 17.9234 35.7946 20.4267 29.5677 26.5189 22.5222       0 11.8849 40.3887 15.9138
3.60555 27.7849 26.9258 8.48528 22.8254 22.8035 11.6619 16.5529 14.5774 23.8537 14.8661 11.1803 25.5196 9.48683      17 4.47214 12.7279 10.6301 12.0416 18.9737 5.38516      20      21 32.8024 18.4391 26.1725 16.1245 22.3607 5.65685 13.4536 21.1009 16.9706 15.2315 21.5407 31.8904      12 24.0416 14.4222      29 26.9072 20.2485 22.0907 22.3607 24.1868 14.3178 13.8924 21.4009 25.0799 12.0416 15.8114 20.9404 18.3984 28.6356 8.06226 18.6011 5.38516 26.3059 5.65685 18.1108 9.21954 12.6491 24.4131 16.4924 18.6815 23.0868 11.1803 11.8849       0 31.6228       8
31.7648 32.0624       5  31.241  37.054 12.6491 28.8444 19.2354 45.3045 13.1529 46.4004      25 17.0074 35.4683 34.1321  35.609 36.1386 30.8058 27.6586 25.2982 26.4008 50.9902 18.6815       2      22 8.06226  18.868 36.0555 31.1127 18.3576 31.1006 38.4708 37.7359 18.1108 3.60555 22.8035 9.05539 46.0435  6.7082 8.24621 15.0333 24.3311 36.0555 38.1182 23.3452  33.541   32.28 28.1603 40.3609 17.0294 10.7005 14.2302       6 31.9531 36.2491 34.8855      22 37.2022      28 40.3113 22.8035 32.5576 45.3431 15.2643 19.4165 21.9317 40.3887 31.6228       0 36.7696
11.1803 24.7386 31.8277 6.32456 30.0832 26.0768  10.198 24.0416 8.74643 30.8707 11.1803  19.105 27.0416 3.16228 24.3516 4.47214 19.2354 8.06226  20.025 18.1108 11.1803 14.4222 22.4722 38.2099 26.3059   32.45  18.868 29.7321 5.65685 19.7231 28.9353 23.3238 8.48528 29.1204 37.6431 14.4222 30.2324      12 35.2278 33.2866  27.313 30.0666 29.7321 31.3847 22.2036 21.1896   17.72 23.0868 4.12311 19.8494 26.2011 24.8697 32.8024 15.5242 13.0384 11.1803 26.3059 5.65685 26.0768 10.8167 20.3961 20.8806 8.94427 22.2036 30.8058 14.8661 15.9138       8 36.7696       0


