 0  50.774 30.8707 11.0454  42.107 34.0147 38.0789 17.4642 13.2098  50.448 12.0416 19.0263 48.7878 8.06226 30.1496 22.6716 29.7321 29.5466 14.1421 39.8497 25.1794 24.0832 53.2635 45.0444  43.566 13.8924 38.0526 31.1448 27.4591 40.3113 41.2826 26.2488 23.4094 47.4342 58.7282 36.3593 50.9117 13.0384 44.7772 35.4683 46.8615 46.0652 30.0167 40.6079 39.6611 34.0588 31.9531 42.9535 19.3132   42.72 47.5657 45.2604 54.6443 30.0167 24.0416 25.5539 47.4342 21.2132 40.7185 19.7231 45.8039  45.607 8.06226 39.1152 43.4166 25.0799 32.3149 33.2415  58.258 21.9545
 50.774       0 30.0167 41.2311 30.0167 42.5793 18.9737 40.2616 37.5832 16.2788 39.3573 35.3836 7.15891 43.8292 46.0977 28.6356 33.0151 21.9317 46.8402 15.8114 34.9857 45.0999 7.28011 25.0799 22.3607 46.0109 25.4951 26.8328 23.3238 14.0357 33.4253 26.1725 28.3196      20      13 14.4222 11.4018 39.3954 9.21954 16.4924 15.8114 26.0768  42.107 38.2753 21.8403 21.0238 20.6155 18.0278 32.0156 8.06226 7.38241 12.7475 4.47214 28.0179 36.2215 30.4138 12.1655 30.4631 27.8568 34.4819       6 15.0333 51.7397 41.7612 17.4642 30.8058 38.8233  32.573  10.198 28.8444
30.8707 30.0167       0  27.074   42.45 13.4164 30.6105 14.2127 21.5523 21.9545 19.6469 27.6586    32.5 22.8473 16.1245 13.6015       3 21.2603 20.5183 29.6816 33.2415 15.5242 28.6356 41.2311 13.4536 35.0143 36.0694 30.8058 16.4012      16 11.5434 23.3238 21.9317 17.8045  32.311 20.1246 24.3516 18.0278 29.7321 14.8661 18.7883 15.2643 12.1655 13.4164 10.2956 9.21954 24.0416 34.6699  21.587 23.5372 23.6326 19.0394 32.1403 2.82843 7.81025       6 34.5398 13.1529 9.84886 11.4018 24.0208 34.8855 36.1386 14.8661 15.2315 28.6356 9.39415 37.7359 33.2415 18.0278
11.0454 41.2311  27.074       0  31.257 34.4819 27.2029 17.4642 5.52268 43.4166   8.544       8  38.513 9.21954 32.2025 15.2315 27.0185 19.4165 18.3848 29.1548 14.5602 26.4197 44.5982 34.0147 37.9473 8.06226 27.0185 20.0998 18.4391   32.45  38.513 15.6525 13.0384 41.2311  50.448 26.9072 43.0116 10.7703 34.4819 27.2029 39.8246 41.2311 30.6757 39.2046 33.8378  27.313 21.4709 32.0156 9.21954 33.3017 38.9936 37.5832 45.3431  25.318 22.3607  21.095 36.7696 14.5602 36.4966 16.0312 36.7696 34.7851 10.6301  38.833 36.6742 14.0357 31.6741  22.561 49.5177 12.8062
 42.107 30.0167   42.45  31.257       0 55.2268      13 42.9418 31.9453 43.1741 36.0555 23.3452 23.1355 39.2938 55.8032 30.8058 44.5533 21.2132 47.1699 15.5242      17 51.6236 37.0135 5.83095 44.2832 30.2655 6.40312   12.53 26.1725 33.6155 52.0216 20.2485 22.8254 44.5982 43.0116 24.5967 39.4588 37.6962 21.0238 30.0167 40.8044 48.7545 52.6308 55.4437 41.1825 35.2278 18.4391      12      26 26.6833 33.9485 37.0203 34.1321 39.6232 43.6005 38.2884 18.2483   32.45 47.1699 37.7359 30.4138 15.1327 38.2099 57.3149 39.9249   17.72 51.2957 9.05539 40.1123 26.9258
34.0147 42.5793 13.4164 34.4819 55.2268       0 43.8292 17.2627 29.4364 31.4006 25.9615 37.5899 45.6974 27.1662 5.65685 24.8395 10.8167 34.0588 20.2237 43.0465 44.1022 10.4403      40 54.4059 22.2036   42.45 48.9183 43.1393 29.0689 28.6356 12.2984 35.3836 33.4215 26.4764 42.4264  33.541 35.0571 23.7697 43.0813 28.2312 29.0689 21.1896       4 8.48528 21.0238 22.4722 37.0135 48.0208 31.9061 36.6879 35.6721 30.5369 44.1022 16.1245   12.53 16.9706  47.927 23.6008 16.2788 19.2354 36.6742 48.3011 41.1096 5.38516      26      40 4.03113  49.679 44.1022 29.2062
38.0789 18.9737 30.6105 27.2029      13 43.8292       0 33.9559 25.6223 30.4138      29 19.6977 13.3135 33.0606 45.1774 20.8806 33.0151 10.4403 39.3192 3.16228 16.9706 41.7852  25.318 10.6301  31.305 29.6816 7.07107 8.48528 15.2315 20.6155 39.4367 12.0416 15.0333 31.6228 31.5753 11.6619 27.0185 30.0666 9.84886 17.2047 27.8927 35.7771 41.6773 43.1393 28.3019 22.6716 7.28011       5  19.105 14.0357 21.5058  24.135 23.4094 27.8029 33.1059 27.2947      10 22.8035 34.4093 28.1603      18 7.61577 36.6742 45.3431 26.9258 13.8924 39.8152 13.6015 29.1204 18.1108
17.4642 40.2616 14.2127 17.4642 42.9418 17.2627 33.9559       0 12.9035  35.609 8.94427 21.9317  40.611      10 14.7648 13.1529   12.53 23.5372  6.7082 34.3657      29 9.21954 40.7185 43.6578 27.5862 25.2982 37.1618 30.4138  19.105  27.313 23.8799 22.8473 20.1246 31.8277 45.2769  27.074 37.2156  6.7082 37.0135 23.7697 32.2025 29.4109 13.3417 23.1948 24.0832 20.1246 26.6833  38.833 17.2047 32.5576 35.1923 31.5674 43.3244 14.2127  6.7082 10.2956 41.0488 11.1803 23.8537       6 34.4819 40.3113      24 22.0227 28.6007  25.807 15.0083  35.805  45.618 16.1555
13.2098 37.5832 21.5523 5.52268 31.9453 29.4364 25.6223 12.9035       0 38.4253 4.30116 9.30054 35.6546 7.51665 27.6134 10.1242 21.5523 16.4469 15.4434 27.0647 16.5076  22.102 40.3299 33.8009  32.596 13.5093 26.8794 19.8116 14.3003 27.7218 33.0038 13.5831 10.6066 36.0069 45.9837 23.1625 38.3471 6.36396 31.6623 22.6385  34.821 35.7841 25.7391 33.8009 28.5044 22.1472 19.0394 30.6023  6.5192 29.5381 34.6554 32.8024  41.503 19.8116 17.1026 15.5724 34.5615 9.19239 30.9919 10.6066 32.7185 32.9621 15.4434 33.5932 31.5674 14.2302 26.4433  23.927 45.3045 8.74643
 50.448 16.2788 21.9545 43.4166 43.1741 31.4006 30.4138  35.609 38.4253       0 38.4187 40.1622 22.7431 42.5206 36.1386 28.3019 24.5967 27.4591 42.2019 27.6586 42.5793 37.1618 10.2956 39.2173 9.21954 50.1597 37.4833 36.0139  25.632 11.4018 20.0062 31.7805  32.573       5 11.0454  20.025       5 37.5366 22.8473 16.7631 3.60555 11.1803   32.28   25.02 11.6619 16.4012 28.0713 31.6228 34.9285 16.4924 9.61769  6.5192 15.2643 21.4009 29.6816 25.4951 27.2947 29.4109 15.1327 31.1127      13 29.5466 53.8516      29 7.07107 37.6563 28.3769 43.0116 13.1529 30.8707
12.0416 39.3573 19.6469   8.544 36.0555 25.9615      29 8.94427 4.30116 38.4187       0 13.6015 38.1215 4.47214 23.7065 10.8167  19.105 19.2354 11.1803 30.1496 20.8087 18.0278 41.4005 37.6563 31.7648 16.4924 30.8058 23.7697 16.1555 28.3196 30.7612 17.0294 14.0357 35.5106 46.7547 25.0799 38.8973 2.23607 34.2053 23.6008 34.8281 34.5398 22.1359 31.0161 27.7849 22.0227 22.0907      34  10.198  31.305 35.7001  33.234 43.0465 18.3848 14.0357 13.9284 37.4833 9.21954 29.4109 8.24621 34.1321 36.1248 16.4924 30.4138 31.4006 18.3848 23.2648  28.178 46.4004 11.1803
19.0263 35.3836 27.6586       8 23.3452 37.5899 19.6977 21.9317 9.30054 40.1622 13.6015       0 31.8002 16.1555 36.4005 14.1421 28.4605 13.6015 24.6982 21.9545  7.2111 31.1448 39.6611 26.0192 36.2215 10.6301 19.0263 12.1655 14.5602 28.7924 39.1312 9.21954 7.61577  38.833  45.793 21.6333 38.9102 15.6205 27.8029 23.4094 36.6879   40.05 34.1321 40.8044 32.1403 25.1794 14.8661 24.3516 6.08276 27.8029 34.3001 33.8895 39.6989  25.318 25.0599 21.8403 29.5296 14.5602 36.0555 18.3576 31.6228  27.313      17 41.2311 33.9559 6.08276 34.2235 14.8661 44.4072      10
48.7878 7.15891    32.5  38.513 23.1355 45.6974 13.3135  40.611 35.6546 22.7431 38.1215 31.8002       0 42.5353 48.5412 27.9508 35.4154 19.2419 46.8855 10.3078 30.1538 46.6717 14.4309 18.0069 27.4089 42.2522 19.1377 21.7083 22.0737 17.4428 37.9012 22.8965    25.5 25.8312 20.0562  13.537 18.1177 38.5649 4.03113 17.7553 21.5928 31.5159 44.6346    42.5 25.9856 23.2863  17.066 11.2805 29.5169 9.01388 13.2004 18.0347 11.0114  30.104 37.6198 31.5634 5.02494 29.9207 32.3303 34.6302 10.2591 8.01561 48.6749 45.6426 22.4109 26.5377 41.7612  26.613 17.0074 27.0416
8.06226 43.8292 22.8473 9.21954 39.2938 27.1662 33.0606      10 7.51665 42.5206 4.47214 16.1555 42.5353       0 24.0416 15.2643 21.8403 23.5372 9.21954 34.3657 23.2594 18.0278 45.8039 41.3038 35.5106 16.1245 34.3657 27.2947 20.6155 32.6497 33.4701 21.0238 18.0278 39.4081 51.0882 29.5466 43.1856       5 38.6005 28.0179 38.9487 38.0132 23.1948 33.1361 31.6228 26.1725 26.3059 38.0526      14 35.7771 40.1061 37.5033 47.5079 21.9545 16.2788 17.4929 41.7732 13.6015 32.6956 11.6619 38.5876 40.3113      14 32.0156 35.4683  21.587  25.005 31.0161 50.8035 15.5242
30.1496 46.0977 16.1245 32.2025 55.8032 5.65685 45.1774 14.7648 27.6134 36.1386 23.7065 36.4005 48.5412 24.0416       0      25 13.1529 34.9857 16.0312 44.7772 43.2782 6.08276 44.1814 55.5698 26.9258 39.9249 49.6488 43.4166 30.0167 32.0624 17.7553  35.609 33.3017 31.3209 47.0744 35.7351 39.4588 21.4709  45.607 30.8058  33.541 26.4008       4 14.1421 25.1794  25.318 38.0789 49.6588 31.1448 39.6232 39.5032 34.5905 48.0104 18.4391 12.2066 17.8885 50.2892 23.4307 21.1896 18.3848 40.1123 50.3289 37.6563 10.8167 30.2655  39.598 7.76209 49.5177 48.5077 29.0689
22.6716 28.6356 13.6015 15.2315 30.8058 24.8395 20.8806 13.1529 10.1242 28.3019 10.8167 14.1421 27.9508 15.2643      25       0 14.7648 10.4403 19.0263 21.2132 19.6977 21.0238 30.6105 30.8707 22.8035  22.561 24.6982 18.4391       6 17.6918  25.005 10.6301 8.60233      26 36.0694 14.5602 28.3196 10.7703 24.1868 12.8062 24.6982 26.3059 21.9317 26.9258 18.6815  12.083 13.6015 25.7099 8.06226 20.6155 24.9098 22.7266  32.249 11.1803 12.8062 8.06226      28       2      22 7.28011 23.3238 27.1662 25.5539 27.7849 21.4709 15.2643 21.1009 24.8395  35.609 4.47214
29.7321 33.0151       3 27.0185 44.5533 10.8167 33.0151   12.53 21.5523 24.5967  19.105 28.4605 35.4154 21.8403 13.1529 14.7648       0 23.3452 18.4391  32.249 34.4384 12.6491 31.5753 43.6005 15.8114 35.0571 38.2099 32.6497 18.3848      19 11.6726      25 23.3238 20.2485 35.1141 22.8473 27.2029 17.2627  32.573   17.72 21.5407 17.0294 9.21954 12.3693      13 12.1655 26.2488 37.2156 22.4722 26.4764 26.6177 21.9659 35.1283 5.38516 5.83095  6.7082 37.3363 13.9284 11.4018      11 27.0185 37.5766 35.5106 13.0384 18.0278 30.0167 6.80074 39.4081 36.1386 19.2354
29.5466 21.9317 21.2603 19.4165 21.2132 34.0588 10.4403 23.5372 16.4469 27.4591 19.2354 13.6015 19.2419 23.5372 34.9857 10.4403 23.3452       0 29.0689      11 15.1327 31.3847 26.0768 20.5913  25.318 24.2074 14.8661 9.84886       5 16.1245 31.3249 4.47214 6.40312      27  32.249 8.06226  25.632  20.025 15.2315      11 24.1868 29.6142 31.6228 34.4093  21.587 14.8661 3.16228 15.2971 10.2956 14.2127 20.7966 20.9881 26.1725 18.4391 22.8254 17.2047 18.2483 12.3693 26.9258   17.72 18.0278      17 29.8329 36.1248      22  10.198  30.104  17.088 30.8058 8.06226
14.1421 46.8402 20.5183 18.3848 47.1699 20.2237 39.3192  6.7082 15.4434 42.2019 11.1803 24.6982 46.8855 9.21954 16.0312 19.0263 18.4391 29.0689       0   40.05 31.9061      10 47.4236 48.5077 33.9706 25.2389 41.7612 34.7851   25.02 34.0147 29.0904 27.6586 24.7386 38.2884 51.9711 33.3766  43.909 9.48683 43.1856 30.3645  38.833 35.4683 16.2788 27.5136 30.6105 26.8328 32.1403 44.2832 21.1896 39.0512 41.8868 38.2688   49.98 20.8087 12.7279      17 47.0106 17.0294 29.8329 12.3693 41.1096 46.0435 21.8403 25.4951 35.2278 29.5466 19.1377 39.3573 52.3259 21.2132
39.8497 15.8114 29.6816 29.1548 15.5242 43.0465 3.16228 34.3657 27.0647 27.6586 30.1496 21.9545 10.3078 34.3657 44.7772 21.2132  32.249      11   40.05       0 19.8494 41.7612 22.2036 12.2066 29.1548 32.2025      10 11.4018 15.2971 18.3576 37.8451 13.6015 16.4924 29.1548 28.4429 9.89949 24.0832 31.0161  6.7082 15.5563 25.2982 33.6155 41.1461 41.7732 26.4008 21.2603 8.06226       5 20.6155 11.1803 18.5607 21.5058 20.2485 26.9258 32.8938 26.9258 7.61577 23.1948 32.6497 28.4429 15.0333       6 38.9487 44.2041 24.5967 16.4012  39.016 16.7631 25.9615 19.0263
25.1794 34.9857 33.2415 14.5602      17 44.1022 16.9706      29 16.5076 42.5793 20.8087  7.2111 30.1538 23.2594 43.2782 19.6977 34.4384 15.1327 31.9061 19.8494       0 38.1838 40.3113 20.6155   40.05 13.6015 13.9284 8.48528 18.1108  31.257 44.4438      11 11.4018 42.0476 46.6154 22.8035 40.5216 22.8035 26.4008 26.0768 39.3192 44.1814 40.8044 46.6154 36.1248 29.1548 14.8661 20.8087 12.2066 28.2312 35.4189 36.0902 39.4462 30.6757 31.6228 27.7308 26.9072 20.5913 40.7922      25  32.311 24.2074 21.3776 47.4131  37.054       5 40.5617 8.06226 44.7214 15.2315
24.0832 45.0999 15.5242 26.4197 51.6236 10.4403 41.7852 9.21954  22.102 37.1618 18.0278 31.1448 46.6717 18.0278 6.08276 21.0238 12.6491 31.3847      10 41.7612 38.1838       0 44.1475 51.8941  28.178 34.0147 45.6508 39.1152 26.5707  31.257 20.8866 31.3847 28.8444 32.6497 47.7598 33.3766 39.8497 15.8114 43.4166 29.0172  34.176 28.6007  6.7082 18.3576  25.632 24.0832 34.5398 46.4866 26.2488 38.0132 39.0448 34.5615 47.5184 17.1172 9.05539 15.1327 47.8539 19.2354 23.0217 13.8924 39.1152 47.5395 31.5753 15.8114 30.6757 34.8281 10.3078 44.8219 48.7647 24.6982
53.2635 7.28011 28.6356 44.5982 37.0135      40  25.318 40.7185 40.3299 10.2956 41.4005 39.6611 14.4309 45.8039 44.1814 30.6105 31.5753 26.0768 47.4236 22.2036 40.3113 44.1475       0  32.249 18.2483 50.2195 32.1403  32.573 26.1725 13.4164 29.5169 30.5287 32.2025 14.8661 6.32456 18.0278 5.38516 41.0488      16 17.8045 11.1803 21.1896 40.1995 34.5254 19.0263 20.6155 25.4951   25.02 35.4683  12.083 5.70088 9.61769       5 27.2029 35.7351 30.4631 19.4165 32.2025 24.1868 35.3553 8.06226 22.2036 55.2268 38.3275      14 35.7771 36.5548  38.833       5 31.8277
45.0444 25.0799 41.2311 34.0147 5.83095 54.4059 10.6301 43.6578 33.8009 39.2173 37.6563 26.0192 18.0069 41.3038 55.5698 30.8707 43.6005 20.5913 48.5077 12.2066 20.6155 51.8941  32.249       0 41.3401 34.2053       7 14.0357 25.5539 30.5287 49.9525 20.8806 23.7697 41.1461 38.0526 22.0227  35.171 39.0512 16.4924 27.6586 37.1618  45.793 52.1536 53.7401 38.6005 33.2415 17.4929 7.61577 27.4591 22.8473 29.7405 33.3542      29 38.4187 43.4166 37.7359      13 32.6956 44.8219 38.0789 26.2488 10.0499 41.9762 55.9732 36.7151      20 50.4009 13.4164      35 27.5136
 43.566 22.3607 13.4536 37.9473 44.2832 22.2036  31.305 27.5862  32.596 9.21954 31.7648 36.2215 27.4089 35.5106 26.9258 22.8035 15.8114  25.318 33.9706 29.1548   40.05  28.178 18.2483 41.3401       0 45.3542 38.0789 34.9285      22 10.8167 11.2805 29.0689 29.0172 4.47214 20.2237 19.6977 13.0384 30.5287 26.1725 14.5602 7.07107 4.47214 23.0868 16.2788 4.12311 11.0454 26.9258 33.8378 30.4138  19.105 14.9833 9.61769 22.8035 13.6015 21.2603 18.0278 31.1127 23.4094       6 23.8537 17.2047 32.6497  47.927 20.0998       5 35.0571 19.1638 42.2019      22 26.3059
13.8924 46.0109 35.0143 8.06226 30.2655   42.45 29.6816 25.2982 13.5093 50.1597 16.4924 10.6301 42.2522 16.1245 39.9249  22.561 35.0571 24.2074 25.2389 32.2025 13.6015 34.0147 50.2195 34.2053 45.3542       0 27.5136 21.4709 24.5967 38.9102    46.5 19.8494 18.0278 48.3839 56.3028 32.2025 49.2443 18.6815 38.2884  33.541 46.6154 48.8365 38.6005 47.2652 41.2311 34.4819 25.4558      34 15.2315 38.4187  44.794 44.0511 50.3289 33.1361 30.4138 29.0172 39.6611 22.2036 44.2832 24.0832 42.2019 37.2156       8 46.8722 43.6578 15.8114 39.7146 21.2132      55 19.3132
38.0526 25.4951 36.0694 27.0185 6.40312 48.9183 7.07107 37.1618 26.8794 37.4833 30.8058 19.0263 19.1377 34.3657 49.6488 24.6982 38.2099 14.8661 41.7612      10 13.9284 45.6508 32.1403       7 38.0789 27.5136       0 7.07107 19.8494 27.5136 45.6317 14.3178  17.088 38.6005 38.3275 18.3848 34.0588   32.28 16.2788 23.7065 34.9285 42.5441 46.4004 49.0408 34.8855 28.8444 12.0416 8.06226 20.6155  21.095 28.5394 31.1849 29.8329 33.2415 37.4433 32.0156 14.7648 26.4197 40.8167 31.7648   25.02 11.6619  35.171 50.9313 33.8378      13 44.9694 7.81025 35.6931 21.0238
31.1448 26.8328 30.8058 20.0998   12.53 43.1393 8.48528 30.4138 19.8116 36.0139 23.7697 12.1655 21.7083 27.2947 43.4166 18.4391 32.6497 9.84886 34.7851 11.4018 8.48528 39.1152  32.573 14.0357 34.9285 21.4709 7.07107       0 14.4222 25.0799 41.1491 7.81025 10.2956 36.2215 38.8973      16 33.3766 25.2982 18.0278 20.3961 33.0151 39.2938 40.3609 44.1022 31.3209 24.6982 8.06226   12.53 13.6015 20.6155 28.0446 29.5042  31.305 28.0179  31.241 26.1725 18.4391      20 36.7696 25.2389 24.7386 15.8114 28.7924  45.607  31.257 6.08276 39.2842 7.28011 36.7696 14.4222
27.4591 23.3238 16.4012 18.4391 26.1725 29.0689 15.2315  19.105 14.3003  25.632 16.1555 14.5602 22.0737 20.6155 30.0167       6 18.3848       5   25.02 15.2971 18.1108 26.5707 26.1725 25.5539      22 24.5967 19.8494 14.4222       0 14.3178 26.8561 7.28011 7.07107 24.3311 32.0156 8.94427 24.6982 16.4924 18.2483 8.94427 22.1359 26.0768 26.6271 29.6816 18.0278 11.0454 8.06226 19.9249 9.43398 15.2643 20.5548 19.4551 27.2029 13.6015 17.8885 12.2066      22       8 22.8035 13.1529 18.4391 21.2132 29.0689  31.241 19.4165 13.1529 25.1247 21.4709 31.1127 5.65685
40.3113 14.0357      16   32.45 33.6155 28.6356 20.6155  27.313 27.7218 11.4018 28.3196 28.7924 17.4428 32.6497 32.0624 17.6918      19 16.1245 34.0147 18.3576  31.257  31.257 13.4164 30.5287 10.8167 38.9102 27.5136 25.0799 14.3178       0 20.5244 20.3961 21.1896 11.1803 18.4391 9.21954 10.6301 27.8029 15.6205 5.38516 8.06226 15.2643 28.0713 25.0599 8.60233 7.28011 17.0294 23.0217 23.7065 8.60233 7.90569 5.14782 16.2788 14.1421  22.561  17.088 20.6155  19.105      15 21.9545 8.06226 21.9317 43.0116 28.2312 6.32456 26.3059 24.8244  32.249 18.3576 19.7231
41.2826 33.4253 11.5434  38.513 52.0216 12.2984 39.4367 23.8799 33.0038 20.0062 30.7612 39.1312 37.9012 33.4701 17.7553  25.005 11.6726 31.3249 29.0904 37.8451 44.4438 20.8866 29.5169 49.9525 11.2805    46.5 45.6317 41.1491 26.8561 20.5244       0 34.0771 33.0492 15.0083  31.004 27.9508 24.2539 28.9353 36.1006 22.2991 18.3371 9.12414 14.5344 5.02494 11.9269 16.8003 33.7083 42.7814 33.0492 29.1247 26.1008 20.7183 34.0771 13.8293 17.2409 17.5285 41.1005  24.683 5.59017 22.5887 27.9508  42.193 47.1832 9.01388 15.9765 39.6894 10.6066 48.3037 33.0946 29.3471
26.2488 26.1725 23.3238 15.6525 20.2485 35.3836 12.0416 22.8473 13.5831 31.7805 17.0294 9.21954 22.8965 21.0238  35.609 10.6301      25 4.47214 27.6586 13.6015      11 31.3847 30.5287 20.8806 29.0689 19.8494 14.3178 7.81025 7.28011 20.3961 34.0771       0       3 31.0644 36.7151   12.53 30.0832 18.2483  18.868 15.1327 28.4429 33.2415 32.5576 36.7151 25.1794 18.2483 5.83095 17.0294 7.07107 18.6011 25.2686 25.3476 30.4795 20.5913 23.4307 18.4391 21.1896 12.2066 30.0832 17.4929 22.4722 19.4165  25.807 38.0132 26.0768       6 31.5634 14.4222 35.2278  6.7082
23.4094 28.3196 21.9317 13.0384 22.8254 33.4215 15.0333 20.1246 10.6066  32.573 14.0357 7.61577    25.5 18.0278 33.3017 8.60233 23.3238 6.40312 24.7386 16.4924 11.4018 28.8444 32.2025 23.7697 29.0172 18.0278  17.088 10.2956 7.07107 21.1896 33.0492       3       0 31.4006 38.2753 14.2127  31.305 15.2971 21.4709 15.8114 29.1204 33.0151 30.4138 35.3412      25      18   8.544  20.025 4.12311 20.5183 26.7675 26.2774 32.5269 19.3132 21.2132 16.6433 24.0416 9.89949 29.4279      15 24.2074 22.3607 23.4307 36.3593 26.4764  6.7082 29.7027 16.2788 37.0135 4.24264
47.4342      20 17.8045 41.2311 44.5982 26.4764 31.6228 31.8277 36.0069       5 35.5106  38.833 25.8312 39.4081 31.3209      26 20.2485      27 38.2884 29.1548 42.0476 32.6497 14.8661 41.1461 4.47214 48.3839 38.6005 36.2215 24.3311 11.1803 15.0083 31.0644 31.4006       0 16.0312 20.3961 9.48683 34.4093 25.2389      16 4.24264 6.32456 27.5136  20.025 7.81025 13.9284 28.1603  33.541 33.2415 18.3576 12.7475 7.90569 19.6977 17.6918 25.6125 22.0227      30 26.8328  10.198 27.8029 15.6205 31.9061 51.4296      24       5  37.054 23.5637 43.4166 18.1108 29.1204
58.7282      13  32.311  50.448 43.0116 42.4264 31.5753 45.2769 45.9837 11.0454 46.7547  45.793 20.0562 51.0882 47.0744 36.0694 35.1141  32.249 51.9711 28.4429 46.6154 47.7598 6.32456 38.0526 20.2237 56.3028 38.3275 38.8973 32.0156 18.4391  31.004 36.7151 38.2753 16.0312       0 24.1868 8.06226 46.2277 22.0907 23.3452 13.6015 22.0227 43.1741      36 22.1359 25.2389 31.7805 31.0161 41.4005 18.3848 11.5109 13.7295 9.21954  31.305 39.8121 34.9857 25.0799 37.5366 26.1725 40.2244 14.3178 28.0179 61.0737 40.0125  17.088 42.0476 39.3224 45.1221 3.60555 37.6431
36.3593 14.4222 20.1246 26.9072 24.5967  33.541 11.6619  27.074 23.1625  20.025 25.0799 21.6333  13.537 29.5466 35.7351 14.5602 22.8473 8.06226 33.3766 9.89949 22.8035 33.3766 18.0278 22.0227 19.6977 32.2025 18.3848      16 8.94427 9.21954 27.9508   12.53 14.2127 20.3961 24.1868       0   17.72 25.2982 10.0499 5.65685 17.0294 24.1661 31.9531 31.8904 16.6433 11.4018 8.06226 14.8661 17.6918 6.40312 12.7475 13.5093 18.4391 17.4642 24.3311 18.2483 14.5602 16.4924 22.8035  21.095      10 14.7648 37.4833 34.4093 15.5242 18.0278 29.5169 23.0868 22.8035 14.4222
50.9117 11.4018 24.3516 43.0116 39.4588 35.0571 27.0185 37.2156 38.3471       5 38.8973 38.9102 18.1177 43.1856 39.4588 28.3196 27.2029  25.632  43.909 24.0832 40.5216 39.8497 5.38516  35.171 13.0384 49.2443 34.0588 33.3766 24.6982 10.6301 24.2539 30.0832  31.305 9.48683 8.06226   17.72       0 38.2884 18.6815 15.8114       6 15.8114 35.5106 29.2746 14.3178 17.2047 25.7099 27.6586 34.1321      13 5.52268 5.70088 10.2956 23.2594 31.7805 26.9258 22.8473 29.6985 19.0263 32.2025 9.05539 25.2982 53.6004 33.1361 9.21954 35.7351  31.753 40.1123 9.05539 30.2324
13.0384 39.3954 18.0278 10.7703 37.6962 23.7697 30.0666  6.7082 6.36396 37.5366 2.23607 15.6205 38.5649       5 21.4709 10.7703 17.2627  20.025 9.48683 31.0161 22.8035 15.8114 41.0488 39.0512 30.5287 18.6815   32.28 25.2982 16.4924 27.8029 28.9353 18.2483 15.2971 34.4093 46.2277 25.2982 38.2884       0 34.7131 23.3238 33.9706 33.1059 19.9249      29 26.6271 21.2132      23 35.0571 11.7047 31.3847 35.3624  32.596 42.9418      17      12   12.53 38.2099 8.94427 27.8568  6.7082      34 37.0135 18.2483 28.2843 30.4795 20.1246 21.1483 30.0167 46.0435      12
44.7772 9.21954 29.7321 34.4819 21.0238 43.0813 9.84886 37.0135 31.6623 22.8473 34.2053 27.8029 4.03113 38.6005  45.607 24.1868  32.573 15.2315 43.1856  6.7082 26.4008 43.4166      16 16.4924 26.1725 38.2884 16.2788 18.0278 18.2483 15.6205 36.1006  18.868 21.4709 25.2389 22.0907 10.0499 18.6815 34.7131       0 14.8661  21.095 30.4795 41.7612 40.4969 24.2074 20.6155 13.0384 9.05539 25.4951 7.07107 13.2853 17.3349 13.6015 27.2029 34.3657 28.2843       5 26.1725 30.6105 31.0161 9.84886  6.7082 44.6542 43.4166 21.2603 22.6274 39.0928 23.4094 19.4165 23.0868
35.4683 16.4924 14.8661 27.2029 30.0167 28.2312 17.2047 23.7697 22.6385 16.7631 23.6008 23.4094 17.7553 28.0179 30.8058 12.8062   17.72      11 30.3645 15.5563 26.0768 29.0172 17.8045 27.6586 14.5602  33.541 23.7065 20.3961 8.94427 5.38516 22.2991 15.1327 15.8114      16 23.3452 5.65685 15.8114 23.3238 14.8661       0 13.3417 18.9737 26.9258 26.2488 11.1803 5.83095 12.3693 20.5183 18.3576       9 12.1037 10.5119 19.6977 12.3693      20 14.0357 19.6977 14.4222 17.2047 18.0278 10.7703 20.2485 37.8021 28.8444      11  21.095 24.2332 27.6586 22.8035 14.4222
46.8615 15.8114 18.7883 39.8246 40.8044 29.0689 27.8927 32.2025  34.821 3.60555 34.8281 36.6879 21.5928 38.9487  33.541 24.6982 21.5407 24.1868  38.833 25.2982 39.3192  34.176 11.1803 37.1618 7.07107 46.6154 34.9285 33.0151 22.1359 8.06226 18.3371 28.4429 29.1204 4.24264 13.6015 17.0294       6 33.9706  21.095 13.3417       0 10.2956 29.6142 23.3452   8.544 12.8062      25 29.5466 31.3847 14.3178 8.51469 3.80789 15.8114 18.0278 26.4197 22.0227  25.807  25.807 13.0384 27.5862 11.4018 27.7849 50.2494 27.1662 3.60555 34.3657 25.8118 40.1123 15.0333  27.313
46.0652 26.0768 15.2643 41.2311 48.7545 21.1896 35.7771 29.4109 35.7841 11.1803 34.5398   40.05 31.5159 38.0132 26.4008 26.3059 17.0294 29.6142 35.4683 33.6155 44.1814 28.6007 21.1896  45.793 4.47214 48.8365 42.5441 39.2938 26.0768 15.2643 9.12414 33.2415 33.0151 6.32456 22.0227 24.1661 15.8114 33.1059 30.4795 18.9737 10.2956       0 22.8254 14.0357 8.06226 15.0333 31.3209 38.2753 34.1321 23.4307 18.7216 13.5093      26 16.1555 22.8035 20.6155 35.3836 26.6833 5.65685 26.4008 21.2603 37.0135 50.9215 18.1108 9.21954 39.2046 18.7949 46.5725 24.3311 30.0666
30.0167  42.107 12.1655 30.6757 52.6308       4 41.6773 13.3417 25.7391   32.28 22.1359 34.1321 44.6346 23.1948       4 21.9317 9.21954 31.6228 16.2788 41.1461 40.8044  6.7082 40.1995 52.1536 23.0868 38.6005 46.4004 40.3609 26.6271 28.0713 14.5344 32.5576 30.4138 27.5136 43.1741 31.9531 35.5106 19.9249 41.7612 26.9258 29.6142 22.8254       0 11.6619 21.2132 21.3776 34.6699 46.0652 28.6007 35.6931 35.5035 30.6023 44.0114 14.5602 9.21954 14.4222 46.4866 20.5183 17.4642 15.8114 36.1248 46.6154 37.1214 9.21954 26.3059 36.8782 4.03113 46.6905 44.5533 26.1725
40.6079 38.2753 13.4164 39.2046 55.4437 8.48528 43.1393 23.1948 33.8009   25.02 31.0161 40.8044    42.5 33.1361 14.1421 26.9258 12.3693 34.4093 27.5136 41.7732 46.6154 18.3576 34.5254 53.7401 16.2788 47.2652 49.0408 44.1022 29.6816 25.0599 5.02494 36.7151 35.3412  20.025      36 31.8904 29.2746      29 40.4969 26.2488 23.3452 14.0357 11.6619       0 16.5529 20.5183 37.0135 46.7547 34.7851 33.6155 30.9919 25.6223 39.0512 16.1245      17 18.9737 45.4863 26.2488 10.4403 23.1948 32.6956 46.4004 47.0956 4.12311 20.8806 42.0476 8.38153 51.1077 38.1182 31.3847
39.6611 21.8403 10.2956 33.8378 41.1825 21.0238 28.3019 24.0832 28.5044 11.6619 27.7849 32.1403 25.9856 31.6228 25.1794 18.6815      13  21.587 30.6105 26.4008 36.1248  25.632 19.0263 38.6005 4.12311 41.2311 34.8855 31.3209 18.0278 8.60233 11.9269 25.1794      25 7.81025 22.1359 16.6433 14.3178 26.6271 24.2074 11.1803   8.544 8.06226 21.2132 16.5529       0       7 23.4094  31.241 26.3059 17.2047 14.7139 9.51315 23.0868 9.89949 18.0278 14.2127 29.2062 19.3132 6.40312      20 16.1555 30.4138 43.8634 19.9249 5.09902 31.1448 17.5285 38.6005 23.3452 22.2036
34.0588 21.0238 9.21954  27.313 35.2278 22.4722 22.6716 20.1246 22.1472 16.4012 22.0227 25.1794 23.2863 26.1725  25.318  12.083 12.1655 14.8661 26.8328 21.2603 29.1548 24.0832 20.6155 33.2415 11.0454 34.4819 28.8444 24.6982 11.0454 7.28011 16.8003 18.2483      18 13.9284 25.2389 11.4018 17.2047 21.2132 20.6155 5.83095 12.8062 15.0333 21.3776 20.5183       7       0      17 26.2488 19.4165 14.3178 15.1822 11.5109 23.5372       7 15.2971 9.84886 25.4951 13.0384  12.083      15 15.0333 26.0768 37.5899 23.0217 9.43398 24.1868    18.5 31.9531 25.4951 15.2971
31.9531 20.6155 24.0416 21.4709 18.4391 37.0135 7.28011 26.6833 19.0394 28.0713 22.0907 14.8661  17.066 26.3059 38.0789 13.6015 26.2488 3.16228 32.1403 8.06226 14.8661 34.5398 25.4951 17.4929 26.9258 25.4558 12.0416 8.06226 8.06226 17.0294 33.7083 5.83095   8.544 28.1603 31.7805 8.06226 25.7099      23 13.0384 12.3693      25 31.3209 34.6699 37.0135 23.4094      17       0 12.1655 12.6491 13.4164 20.5548 21.5523      25 21.2132 25.9422 20.2485 15.5242 15.5242 29.0689 20.8806 17.4642 14.0357 31.6228 38.8973 23.1948 10.2956 33.0341 15.2971 30.0167      11
42.9535 18.0278 34.6699 32.0156      12 48.0208       5  38.833 30.6023 31.6228      34 24.3516 11.2805 38.0526 49.6588 25.7099 37.2156 15.2971 44.2832       5 20.8087 46.4866   25.02 7.61577 33.8378      34 8.06226   12.53 19.9249 23.0217 42.7814 17.0294  20.025  33.541 31.0161 14.8661 27.6586 35.0571 9.05539 20.5183 29.5466 38.2753 46.0652 46.7547  31.241 26.2488 12.1655       0 24.0832 15.2315 22.1923 25.7391 22.2036 31.9061 37.6962 31.7805  6.7082 27.6586 37.5366 32.9848 18.6815 3.60555 41.2311 49.2037 29.1548 18.3848 43.9915 15.8114 28.1603 23.0868
19.3132 32.0156  21.587 9.21954      26 31.9061  19.105 17.2047  6.5192 34.9285  10.198 6.08276 29.5169      14 31.1448 8.06226 22.4722 10.2956 21.1896 20.6155 12.2066 26.2488 35.4683 27.4591 30.4138 15.2315 20.6155 13.6015 9.43398 23.7065 33.0492 7.07107 4.12311 33.2415 41.4005 17.6918 34.1321 11.7047 25.4951 18.3576 31.3847 34.1321 28.6007 34.7851 26.3059 19.4165 12.6491 24.0832       0 24.0832 29.9082 28.8531 36.1248 19.2354 19.4165 15.8114 28.1603   8.544 30.0167 12.8062 27.5862 26.4764  19.799 35.3412 28.4605 8.60233 28.4121 18.6011 40.3609 4.12311
  42.72 8.06226 23.5372 33.3017 26.6833 36.6879 14.0357 32.5576 29.5381 16.4924  31.305 27.8029 9.01388 35.7771 39.6232 20.6155 26.4764 14.2127 39.0512 11.1803 28.2312 38.0132  12.083 22.8473  19.105 38.4187  21.095 20.6155 15.2643 8.60233 29.1247 18.6011 20.5183 18.3576 18.3848 6.40312      13 31.3847 7.07107       9 14.3178 23.4307 35.6931 33.6155 17.2047 14.3178 13.4164 15.2315 24.0832       0 7.51665 10.5119 12.0416 21.2132      29 23.0217 12.0416 22.4722 23.6008 26.6833 4.12311 13.6015 43.8634 36.6742 14.2127 23.7065 32.7605 27.1662 16.6433 20.8087
47.5657 7.38241 23.6326 38.9936 33.9485 35.6721 21.5058 35.1923 34.6554 9.61769 35.7001 34.3001 13.2004 40.1061 39.5032 24.9098 26.6177 20.7966 41.8868 18.5607 35.4189 39.0448 5.70088 29.7405 14.9833  44.794 28.5394 28.0446 20.5548 7.90569 26.1008 25.2686 26.7675 12.7475 11.5109 12.7475 5.52268 35.3624 13.2853 12.1037 8.51469 18.7216 35.5035 30.9919 14.7139 15.1822 20.5548 22.1923 29.9082 7.51665       0 5.38516 8.51469 21.9659 30.4385   24.99 17.6777 26.5047 20.5548 29.7405 3.53553 19.9625 49.6236 34.5615 10.1242 30.7327 32.0351 34.6771 10.7005 26.2011
45.2604 12.7475 19.0394 37.5832 37.0203 30.5369  24.135 31.5674 32.8024  6.5192  33.234 33.8895 18.0347 37.5033 34.5905 22.7266 21.9659 20.9881 38.2688 21.5058 36.0902 34.5615 9.61769 33.3542 9.61769 44.0511 31.1849 29.5042 19.4551 5.14782 20.7183 25.3476 26.2774 7.90569 13.7295 13.5093 5.70088  32.596 17.3349 10.5119 3.80789 13.5093 30.6023 25.6223 9.51315 11.5109 21.5523 25.7391 28.8531 10.5119 5.38516       0 13.5831 17.7341 26.2774  21.272  22.102  24.052 15.1822 26.5047 7.77817 24.0104   48.13 29.2318 4.74342 31.1849 27.0046 36.5308 14.2302 24.8697
54.6443 4.47214 32.1403 45.3431 34.1321 44.1022 23.4094 43.3244  41.503 15.2643 43.0465 39.6989 11.0114 47.5079 48.0104  32.249 35.1283 26.1725   49.98 20.2485 39.4462 47.5184       5      29 22.8035 50.3289 29.8329  31.305 27.2029 16.2788 34.0771 30.4795 32.5269 19.6977 9.21954 18.4391 10.2956 42.9418 13.6015 19.6977 15.8114      26 44.0114 39.0512 23.0868 23.5372      25 22.2036 36.1248 12.0416 8.51469 13.5831       0 30.4138  38.833 33.2415      16      34 28.6356 37.6962 8.94427 19.0263 55.9017 42.7551 18.2483 35.2278 40.5123      37       6 32.8024
30.0167 28.0179 2.82843  25.318 39.6232 16.1245 27.8029 14.2127 19.8116 21.4009 18.3848  25.318  30.104 21.9545 18.4391 11.1803 5.38516 18.4391 20.8087 26.9258 30.6757 17.1172 27.2029 38.4187 13.6015 33.1361 33.2415 28.0179 13.6015 14.1421 13.8293 20.5913 19.3132 17.6918  31.305 17.4642 23.2594      17 27.2029 12.3693 18.0278 16.1555 14.5602 16.1245 9.89949       7 21.2132 31.9061 19.2354 21.2132 21.9659 17.7341 30.4138       0   8.544 4.47214 31.9531      11 11.1803 10.2956 22.0227 32.2025 34.7851 17.6918 14.4222      26 12.0934 34.9857 31.9531 15.5242
24.0416 36.2215 7.81025 22.3607 43.6005   12.53 33.1059  6.7082 17.1026 29.6816 14.0357 25.0599 37.6198 16.2788 12.2066 12.8062 5.83095 22.8254 12.7279 32.8938 31.6228 9.05539 35.7351 43.4166 21.2603 30.4138 37.4433  31.241 17.8885  22.561 17.2409 23.4307 21.2132 25.6125 39.8121 24.3311 31.7805      12 34.3657      20 26.4197 22.8035 9.21954      17 18.0278 15.2971 25.9422 37.6962 19.4165      29 30.4385 26.2774  38.833   8.544       0 6.08276  38.833 11.3137 17.2047  6.7082 30.2655 38.6005 30.1496 16.4924 22.8254 27.6586 9.34077 37.4833 40.4969 16.9706
25.5539 30.4138       6  21.095 38.2884 16.9706 27.2947 10.2956 15.5724 25.4951 13.9284 21.8403 31.5634 17.4929 17.8885 8.06226  6.7082 17.2047      17 26.9258 27.7308 15.1327 30.4631 37.7359 18.0278 29.0172 32.0156 26.1725 12.2066  17.088 17.5285 18.4391 16.6433 22.0227 34.9857 18.2483 26.9258   12.53 28.2843 14.0357 22.0227 20.6155 14.4222 18.9737 14.2127 9.84886 20.2485 31.7805 15.8114 23.0217   24.99  21.272 33.2415 4.47214 6.08276       0 32.7567 7.28011 15.5242 5.83095 24.5153  32.573 30.3645 19.7231 18.4391 23.3238 13.1244 32.8024 35.3412   12.53
47.4342 12.1655 34.5398 36.7696 18.2483  47.927      10 41.0488 34.5615 27.2947 37.4833 29.5296 5.02494 41.7732 50.2892      28 37.3363 18.2483 47.0106 7.61577 26.9072 47.8539 19.4165      13 31.1127 39.6611 14.7648 18.4391      22 20.6155 41.1005 21.1896 24.0416      30 25.0799 14.5602 22.8473 38.2099       5 19.6977  25.807 35.3836 46.4866 45.4863 29.2062 25.4951 15.5242  6.7082 28.1603 12.0416 17.6777  22.102      16 31.9531  38.833 32.7567       0      30  35.609 35.0571 14.4222 3.16228 46.5296 48.3735 26.1725 23.8537 43.9232 22.4722      22 26.3059
21.2132 30.4631 13.1529 14.5602   32.45 23.6008 22.8035 11.1803 9.19239 29.4109 9.21954 14.5602 29.9207 13.6015 23.4307       2 13.9284 12.3693 17.0294 23.1948 20.5913 19.2354 32.2025 32.6956 23.4094 22.2036 26.4197      20       8  19.105  24.683 12.2066 9.89949 26.8328 37.5366 16.4924 29.6985 8.94427 26.1725 14.4222  25.807 26.6833 20.5183 26.2488 19.3132 13.0384 15.5242 27.6586   8.544 22.4722 26.5047  24.052      34      11 11.3137 7.28011      30       0 22.0907 5.38516 25.0599 29.1548 24.5967 26.8328 22.4722 16.4012 19.9812 26.1725 37.2022 5.65685
40.7185 27.8568 9.84886 36.4966 47.1699 16.2788 34.4093 23.8537 30.9919 15.1327 29.4109 36.0555 32.3303 32.6956 21.1896      22 11.4018 26.9258 29.8329 32.6497 40.7922 23.0217 24.1868 44.8219       6 44.2832 40.8167 36.7696 22.8035      15 5.59017 30.0832 29.4279  10.198 26.1725 22.8035 19.0263 27.8568 30.6105 17.2047 13.0384 5.65685 17.4642 10.4403 6.40312  12.083 29.0689 37.5366 30.0167 23.6008 20.5548 15.1822 28.6356 11.1803 17.2047 15.5242  35.609 22.0907       0 21.1896 22.3607 36.7967 45.8803 14.1421 10.4403 35.9026 13.4629 44.0114      28 26.0768
19.7231 34.4819 11.4018 16.0312 37.7359 19.2354 28.1603       6 10.6066 31.1127 8.24621 18.3576 34.6302 11.6619 18.3848 7.28011      11   17.72 12.3693 28.4429      25 13.8924 35.3553 38.0789 23.8537 24.0832 31.7648 25.2389 13.1529 21.9545 22.5887 17.4929      15 27.8029 40.2244  21.095 32.2025  6.7082 31.0161 18.0278 27.5862 26.4008 15.8114 23.1948      20      15 20.8806 32.9848 12.8062 26.6833 29.7405 26.5047 37.6962 10.2956  6.7082 5.83095 35.0571 5.38516 21.1896       0 28.7924 34.3657 24.7386 23.0868 24.0416 21.2132 15.9765 31.1448 40.3113 10.8167
45.8039       6 24.0208 36.7696 30.4138 36.6742      18 34.4819 32.7185      13 34.1321 31.6228 10.2591 38.5876 40.1123 23.3238 27.0185 18.0278 41.1096 15.0333  32.311 39.1152 8.06226 26.2488 17.2047 42.2019   25.02 24.7386 18.4391 8.06226 27.9508 22.4722 24.2074 15.6205 14.3178      10 9.05539      34 9.84886 10.7703 11.4018 21.2603 36.1248 32.6956 16.1555 15.0333 17.4642 18.6815 27.5862 4.12311 3.53553 7.77817 8.94427 22.0227 30.2655 24.5153 14.4222 25.0599 22.3607 28.7924       0 16.5529 47.3814 36.0555 12.2066 27.7308 32.8824  31.257 12.8062 24.0832
 45.607 15.0333 34.8855 34.7851 15.1327 48.3011 7.61577 40.3113 32.9621 29.5466 36.1248  27.313 8.01561 40.3113 50.3289 27.1662 37.5766      17 46.0435       6 24.2074 47.5395 22.2036 10.0499 32.6497 37.2156 11.6619 15.8114 21.2132 21.9317  42.193 19.4165 22.3607 31.9061 28.0179 14.7648 25.2982 37.0135  6.7082 20.2485 27.7849 37.0135 46.6154 46.4004 30.4138 26.0768 14.0357 3.60555 26.4764 13.6015 19.9625 24.0104 19.0263 32.2025 38.6005  32.573 3.16228 29.1548 36.7967 34.3657 16.5529       0 44.2832 49.0918 27.8029 21.4709 44.2747 19.4165   25.02   25.02
8.06226 51.7397 36.1386 10.6301 38.2099 41.1096 36.6742      24 15.4434 53.8516 16.4924      17 48.6749      14 37.6563 25.5539 35.5106 29.8329 21.8403 38.9487 21.3776 31.5753 55.2268 41.9762  47.927       8  35.171 28.7924 29.0689 43.0116 47.1832  25.807 23.4307 51.4296 61.0737 37.4833 53.6004 18.2483 44.6542 37.8021 50.2494 50.9215 37.1214 47.0956 43.8634 37.5899 31.6228 41.2311  19.799 43.8634 49.6236   48.13 55.9017 34.7851 30.1496 30.3645 46.5296 24.5967 45.8803 24.7386 47.3814 44.2832       0 46.0109 47.0106 22.8473 39.0032 29.1548 60.1415 23.4307
39.1152 41.7612 14.8661  38.833 57.3149 5.38516 45.3431 22.0227 33.5932      29 30.4138 41.2311 45.6426 32.0156 10.8167 27.7849 13.0384 36.1248 25.4951 44.2041 47.4131 15.8114 38.3275 55.9732 20.0998 46.8722 50.9313  45.607  31.241 28.2312 9.01388 38.0132 36.3593      24 40.0125 34.4093 33.1361 28.2843 43.4166 28.8444 27.1662 18.1108 9.21954 4.12311 19.9249 23.0217 38.8973 49.2037 35.3412 36.6742 34.5615 29.2318 42.7551 17.6918 16.4924 19.7231 48.3735 26.8328 14.1421 23.0868 36.0555 49.0918 46.0109       0 24.5153 43.0465 7.15891 52.4309 42.0476  32.249
43.4166 17.4642 15.2315 36.6742 39.9249      26 26.9258 28.6007 31.5674 7.07107 31.4006 33.9559 22.4109 35.4683 30.2655 21.4709 18.0278      22 35.2278 24.5967  37.054 30.6757      14 36.7151       5 43.6578 33.8378  31.257 19.4165 6.32456 15.9765 26.0768 26.4764       5  17.088 15.5242 9.21954 30.4795 21.2603      11 3.60555 9.21954 26.3059 20.8806 5.09902 9.43398 23.1948 29.1548 28.4605 14.2127 10.1242 4.74342 18.2483 14.4222 22.8254 18.4391 26.1725 22.4722 10.4403 24.0416 12.2066 27.8029 47.0106 24.5153       0 32.0624 22.5887 38.4708 18.2483 24.3516
25.0799 30.8058 28.6356 14.0357   17.72      40 13.8924  25.807 14.2302 37.6563 18.3848 6.08276 26.5377  21.587  39.598 15.2643 30.0167  10.198 29.5466 16.4012       5 34.8281 35.7771      20 35.0571 15.8114      13 6.08276 13.1529 26.3059 39.6894       6  6.7082  37.054 42.0476 18.0278 35.7351 20.1246 22.6274  21.095 34.3657 39.2046 36.8782 42.0476 31.1448 24.1868 10.2956 18.3848 8.60233 23.7065 30.7327 31.1849 35.2278      26 27.6586 23.3238 23.8537 16.4012 35.9026 21.2132 27.7308 21.4709 22.8473 43.0465 32.0624       0 36.3352      10 40.3113 10.8167
32.3149 38.8233 9.39415 31.6741 51.2957 4.03113 39.8152 15.0083 26.4433 28.3769 23.2648 34.2235 41.7612  25.005 7.76209 21.1009 6.80074  30.104 19.1377  39.016 40.5617 10.3078 36.5548 50.4009 19.1638 39.7146 44.9694 39.2842 25.1247 24.8244 10.6066 31.5634 29.7027 23.5637 39.3224 29.5169  31.753 21.1483 39.0928 24.2332 25.8118 18.7949 4.03113 8.38153 17.5285    18.5 33.0341 43.9915 28.4121 32.7605 32.0351 27.0046 40.5123 12.0934 9.34077 13.1244 43.9232 19.9812 13.4629 15.9765 32.8824 44.2747 39.0032 7.15891 22.5887 36.3352       0 45.9157 40.8075 25.5196
33.2415  32.573 37.7359  22.561 9.05539  49.679 13.6015  35.805  23.927 43.0116  28.178 14.8661  26.613 31.0161 49.5177 24.8395 39.4081  17.088 39.3573 16.7631 8.06226 44.8219  38.833 13.4164 42.2019 21.2132 7.81025 7.28011 21.4709  32.249 48.3037 14.4222 16.2788 43.4166 45.1221 23.0868 40.1123 30.0167 23.4094 27.6586 40.1123 46.5725 46.6905 51.1077 38.6005 31.9531 15.2971 15.8114 18.6011 27.1662 34.6771 36.5308      37 34.9857 37.4833 32.8024 22.4722 26.1725 44.0114 31.1448  31.257 19.4165 29.1548 52.4309 38.4708      10 45.9157       0   42.72 20.5183
 58.258  10.198 33.2415 49.5177 40.1123 44.1022 29.1204  45.618 45.3045 13.1529 46.4004 44.4072 17.0074 50.8035 48.5077  35.609 36.1386 30.8058 52.3259 25.9615 44.7214 48.7647       5      35      22      55 35.6931 36.7696 31.1127 18.3576 33.0946 35.2278 37.0135 18.1108 3.60555 22.8035 9.05539 46.0435 19.4165 22.8035 15.0333 24.3311 44.5533 38.1182 23.3452 25.4951 30.0167 28.1603 40.3609 16.6433 10.7005 14.2302       6 31.9531 40.4969 35.3412      22 37.2022      28 40.3113 12.8062   25.02 60.1415 42.0476 18.2483 40.3113 40.8075   42.72       0 36.7696
21.9545 28.8444 18.0278 12.8062 26.9258 29.2062 18.1108 16.1555 8.74643 30.8707 11.1803      10 27.0416 15.5242 29.0689 4.47214 19.2354 8.06226 21.2132 19.0263 15.2315 24.6982 31.8277 27.5136 26.3059 19.3132 21.0238 14.4222 5.65685 19.7231 29.3471  6.7082 4.24264 29.1204 37.6431 14.4222 30.2324      12 23.0868 14.4222  27.313 30.0666 26.1725 31.3847 22.2036 15.2971      11 23.0868 4.12311 20.8087 26.2011 24.8697 32.8024 15.5242 16.9706   12.53 26.3059 5.65685 26.0768 10.8167 24.0832   25.02 23.4307  32.249 24.3516 10.8167 25.5196 20.5183 36.7696       0


