    0  17.088 20.3961 24.7257  12.083 27.8568 10.6301 18.9737 22.2767 32.8024 24.7588 10.2611 10.7355 15.5563 23.7539      18 20.8087 4.52769 17.2409  6.0208 13.1529 9.84886 19.9249      26 26.8328 25.5143       4   25.02      12 14.3178 28.3196 11.4018       4 25.2982 26.2488 6.52993 23.0868 16.4924  6.7082 12.0416 21.1896 29.5296 14.5774 19.5801 14.1421 17.0294 6.40312 9.21954 19.4165 9.05539 15.5724 17.8466  18.868 22.8254 14.5774 17.4642      10      20 28.4253 25.6125 13.0384 11.1803 20.0998  31.241 27.5136 8.60233 22.3886 2.23607 24.1661 16.4924
 17.088       0 28.6356 13.0599 20.2485 10.7703 8.06226 12.1655 22.0057 27.8568 24.0208 7.04911 11.5434 7.07107  18.554 28.8444 23.3452  16.568 14.5344 20.4022 26.1725 12.2066       3 8.94427 19.6977 9.68401 13.4164 11.4018 24.0832 12.3693 25.4951 25.4951 20.8806 16.1245 9.21954  16.132 8.06226 25.0599      13 15.6525 13.6015 22.3607 20.3593  4.2638 8.24621 19.6469 22.8254 22.0227 32.0156 9.89949 4.52769 9.61769       4 26.4764 2.54951 23.7697 16.4924 30.5287 24.7386      26 5.83095 21.3776 8.94427 27.2029 18.0278 17.0294 27.4089      17  7.2111 29.7321
20.3961 28.6356       0  25.926 9.05539 37.2022 27.2947  19.799 12.1758      22 13.1529 23.0931 29.5169 31.7805 18.3371 4.47214   8.544 24.9098 15.9138 14.7054 9.21954 16.7631 30.0167 36.0555 21.5407 31.5687      20 28.3196 8.94427 16.6433 17.0294 11.4018 21.5407 23.3238      35 15.0013 29.0689       4 26.0192      13 20.6155 22.8035 8.27647 27.8744 20.5913 9.89949      17 28.7924 8.06226 19.6469 24.3824  21.319  32.311       7 27.2121       5 30.2655       4 18.1108      12 22.8473 31.3209 24.0832      20 24.5967 13.0384 5.02494 18.2483 34.9857 8.94427
24.7257 13.0599  25.926       0 20.6243 14.0911 19.7474 6.70522 14.9402 16.0798 15.8354 15.7178 23.6349 20.1137     8.9 28.1311 17.9655 26.3108 10.4216 24.9802 27.8919    15.4 11.3649 14.0057 8.00999 7.35527 20.7885 3.05941  25.678 11.5741 15.3805   28.28 28.6803 4.01995  12.015 20.2247 6.16117 23.6677 23.6212  15.911 5.32541 10.1272 18.9172 8.90505 10.5906 16.1419 28.4176 32.3289 32.1179 15.6895 10.4623 6.91809 16.3267 20.8701 14.4589 21.1367 28.1311 29.1781 14.2042  18.071 12.4483 32.5632 4.83322  16.005 5.24976 19.6306 22.5701 23.4853 14.2042 30.8312
 12.083 20.2485 9.05539 20.6243       0 29.6985 18.2483 13.9284 11.6297 22.8473 13.8924 14.2088    20.5 22.8035 15.5322 8.60233 9.21954 16.4469 10.3078 7.43303 7.28011 8.06226 22.0227 28.3196 19.0263  24.831 11.0454 22.3607 5.09902 9.43398 17.8885       8 14.2127 19.2354 27.5862  6.0531 22.2036 5.09902 17.1172       5 15.5242 21.2132 2.91548 20.2233 12.7279 6.32456 10.8167  21.095 12.0416 10.7703 16.3248 14.5774 23.7065 10.8167 18.5607 5.38516  21.587 10.2956 18.3848 14.2127 14.4222 23.2594 17.4929 21.0238  21.095       4 10.3078 9.84886 27.0185 10.2956
27.8568 10.7703 37.2022 14.0911 29.6985       0 18.2483 17.8885 28.0401      30 29.4109 17.7564  21.006 15.0333 22.6771 38.2099 30.4138 27.0647 21.5232 30.9556 36.2353 22.0227 8.06226       2 22.0907 6.73647 24.1661 11.0454 34.0588 20.6155 29.4279  35.805 31.6228 18.1108 2.23607  26.462   8.544 34.0588 23.3452 24.7588 18.0278      24  29.129 9.47523 16.9706 27.4591  33.541 32.1403 41.7253 20.2485 13.5093 15.9531      10  33.541 13.2853 32.2025      26 39.6989 28.2843 31.6228 15.8114      31 13.4164 30.0666      19 27.0185 34.9178 27.7308       4 39.6989
10.6301 8.06226 27.2947 19.7474 18.2483 18.2483       0 16.4012 24.1919   32.45 26.5707 5.10784 3.90512       5 22.7431 26.2488 24.3311 8.86002 17.0074 15.5322 22.3607 11.0454 11.0454 16.2788 24.8395 17.6912 8.06226 18.7883 20.6155 13.9284 29.0689  21.095 13.8924 21.9317 17.0294 12.5873 15.8114 23.3452 5.09902 15.0333 18.4391 27.6586 19.5064 11.8903 10.8167 20.2237 16.9706      14 28.6356 8.06226 9.30054 14.1598   8.544 27.1662 5.70088 23.0217   8.544 28.1603 28.6531 28.1603 7.81025 13.3417      15 31.3847 24.0832 14.3178 27.5182 11.4018 14.3178 25.9422
18.9737 12.1655  19.799 6.70522 13.9284 17.8885 16.4012       0 10.3078 16.1245 12.0416 11.5278 20.2299 18.3848     6.5 21.6333   12.53  21.272 3.90512    18.5 21.1896 9.21954 12.0416  17.088 8.48528 11.8229 15.2315 8.60233 18.9737       5 13.3417  21.587 22.8035 6.32456 15.6525 13.8362 9.43398 17.2047 19.2094 9.21954 2.23607 11.3137 12.3491 9.39042 5.65685 9.89949 22.0227 27.2947 25.5539 10.2956 7.90569 2.54951 16.1245 15.6525 12.3491 14.8661 24.0832 22.8035 12.6491 14.1421 8.60233 28.0179 4.47214 15.2315   8.544 13.0384  17.066 17.4642 16.4924 24.1661
22.2767 22.0057 12.1758 14.9402 11.6297 28.0401 24.1919 10.3078       0 11.2361     2.5 19.1086 27.5772 27.3724 6.40312 15.6285 3.64005 26.0048 7.51665  18.868 17.7553 13.6473 22.2767 27.3542 9.39415 21.6456 19.7041 17.7553 16.0078 10.3078 6.26498 19.1638  25.224 11.6726 25.8118 15.7699    19.5    11.5 25.3032 10.3078 10.0623 10.6888 8.73212 19.6705 14.0801 5.40833 22.3886 31.4841 19.7294 16.3478    17.5  12.659 26.0048  6.0208 21.5928     8.5 30.2696 16.0078 6.80074 4.03113 17.1828 33.1097 14.7054 9.39415 12.6194 13.8293 7.90569 20.1556 26.8002    19.5
32.8024 27.8568      22 16.0798 22.8473      30   32.45 16.1245 11.2361       0 9.21954 27.4461 36.2112 34.4384 9.70824 26.0768 14.3178 36.0902 15.9138 29.9708 28.8617 23.3452 26.9258 30.0666 8.24621 23.3105 29.7321 19.0263 27.2029  19.105 5.09902 30.3645 36.0555 12.1655 28.0179  26.462 22.2036 22.3607 34.7131 20.8087 14.3178       6 19.9625 24.2442 21.6333 16.5529  33.541 41.8688 30.0167 25.4951  23.927 18.5607 31.6228      15 28.3989 19.4165 39.6989      26 4.47214      10 24.6982 43.1393 18.9737       2      11 24.6982 17.0074 30.8058 30.2655 30.2655
24.7588 24.0208 13.1529 15.8354 13.8924 29.4109 26.5707 12.0416     2.5 9.21954       0  21.473 30.0042 29.6142 6.94622      17 5.09902 28.5044 9.70824 21.2191 19.6469 16.1245 24.0832 28.8617 9.21954   22.86 22.2036 18.7883 18.0278 12.6491 4.12311 21.1896 27.6586 12.2066 27.2029 18.2439 20.8806 13.1529 27.7849 12.8062 11.4018 9.84886 10.9772 21.4238 16.2788 7.81025 24.6982 33.9706 21.0238 18.7883 19.5576 14.5086 28.0179 6.32456 23.7592  10.198 32.7567 17.1172       5 2.23607 19.4165  35.609 16.2788 7.28011 12.7279 16.2788 8.38153 22.6274 28.4429  21.095
10.2611 7.04911 23.0931 15.7178 14.2088 17.7564 5.10784 11.5278 19.1086 27.4461  21.473       0 8.76584 8.75728 17.7409 22.6294 19.4034  10.728 11.9013 13.3843 19.4445 6.37887 9.73088 15.9778 20.0122 15.3326 6.42573 15.3587 17.4496 8.82553 23.9727 18.5981 14.1877 17.3807 16.0465 9.32363 13.0035 19.2585  7.9177 10.3484 13.6561 22.8405 15.0097 9.35361 5.87282 15.3326 15.7889  16.676  25.489 3.44819 5.55788 9.48103 9.76166 22.3224 4.74236 18.5443  12.621 24.4395 23.5816 23.0931 3.26956 16.8609 10.8853 26.3304  19.588 10.5589 22.8219 9.97447  14.258 23.0411
10.7355 11.5434 29.5169 23.6349    20.5  21.006 3.90512 20.2299 27.5772 36.2112 30.0042 8.76584       0 6.18466 26.5047 27.9508 27.4089 7.43303 20.5913 16.4469 23.5637 14.0801 14.4309 19.0066 28.6923 21.2257 9.55249 22.5887 22.0737 17.4428 32.6841 22.0057 13.0863 25.8312 20.0562 14.5221    19.5 25.5196 4.03113 17.9513 22.2991 31.5159 22.1416 15.5862 14.6031 23.2863  17.066 11.2805 29.8873 11.2361 13.2004 18.0347 11.0114  30.104 9.39415 25.5783 5.02494 29.9207 32.3303 31.4841 11.6726 10.0125 18.9011 35.0892 27.9866    16.5 30.2655 12.1758 17.0074 27.0416
15.5563 7.07107 31.7805 20.1137 22.8035 15.0333       5 18.3848 27.3724 34.4384 29.6142 8.75728 6.18466       0 24.8847 31.0161 28.0179 13.2098  19.906 20.5244 27.2947 15.1327 9.43398 13.0384 26.4197 16.2413 13.0384 18.4391 25.4951 17.1172 31.6228 26.0768 18.6011 23.0217 14.3178 17.3851      15 27.8927 9.43398  19.105 20.1246 29.1548 23.7592 11.3217 13.3417      24 21.9317 17.4642  33.541 12.1655 10.5119 15.8902 5.09902      31 6.04152 27.2947 11.0454 32.8938 31.0161 31.4006  10.198 16.0312 15.8114 33.6155      25 18.9737 31.5634 16.4012 11.0454 30.8869
23.7539  18.554 18.3371     8.9 15.5322 22.6771 22.7431     6.5 6.40312 9.70824 6.94622 17.7409 26.5047 24.8847       0   21.36 9.86154 26.7067  6.5192 21.8403 22.5222 14.0089 18.0624 22.2767     3.5 16.0353 20.4022 11.8849    20.5 9.60469 7.01783 23.5213 27.2809 5.31507    20.5 17.7395 14.2215 16.9779 25.1048 12.1758 5.02494 5.85235 13.0096  15.347 11.9269 9.55249 25.4804 32.6075 25.4804 15.9138 14.3962 9.01388 22.4555 12.4197 18.8481 14.0801 30.0707 22.0057 6.18466 9.17878 15.0083 33.6786 10.0125 8.73212 6.26498 16.2865 14.3003 21.9146 22.0511 24.8244
     18 28.8444 4.47214 28.1311 8.60233 38.2099 26.2488 21.6333 15.6285 26.0768      17 22.6294 27.9508 31.0161   21.36       0 12.0416 22.5056 17.7553 12.0104 5.38516 16.6433 30.6105 36.8782 24.7386 33.0723 18.4391 30.2324       6 17.6918 21.0238 7.61577 18.4391      26 36.0694 13.6616 30.4795 4.47214 24.1868 13.4536 22.8254 26.3059 9.30054 28.7433 21.2603  12.083 13.6015 25.7099 4.12311 19.2354 24.9098 22.7266  32.249 11.1803 27.1017 7.28011      28       2      22 16.1245 23.0217 28.4429 25.6125 24.0832 27.5136  12.083 9.34077 16.0312  35.609 4.47214
20.8087 23.3452   8.544 17.9655 9.21954 30.4138 24.3311   12.53 3.64005 14.3178 5.09902 19.4034 27.4089 28.0179 9.86154 12.0416       0 24.8697 9.01388 16.6508 14.5602 13.3417 24.0416 29.5466      13 24.2689 18.7883 20.6155      13 11.0454 9.21954 16.1555 23.3452      15  28.178 14.3122 21.9545 8.06226 24.6982 9.48683 12.8062 14.3178 6.36396 21.5727 15.1327 4.12311      20      30 16.1245 16.2788 18.8282 14.5774 27.2947 3.16228 22.5499 5.09902 29.5466 12.3693 10.0499       5 18.0278 31.9061      17 12.3693 16.1245 12.2066 4.60977 18.6011 28.7924 16.0312
4.52769  16.568 24.9098 26.3108 16.4469 27.0647 8.86002  21.272 26.0048 36.0902 28.5044  10.728 7.43303 13.2098 26.7067 22.5056 24.8697       0 20.2299    10.5 17.5642 12.7475 19.5576 25.1098 29.5381 25.8279 6.36396 26.0864 16.5076 17.1026 31.8512 15.7003 5.70088 27.5045 25.7391 10.5991 23.6326 20.9881 3.80789 15.7003 23.5053 32.3187 18.7883 19.8363 15.8902 20.9404 10.1242 6.04152 23.7592 10.9772 16.2788 19.6977 17.3925 27.0647 14.0357 21.8289 5.52268 24.5051 31.8198 29.5381 13.9463 7.10634 21.5058 34.6482 29.7405 12.7475 26.7442 6.67083 23.1625 20.7966
17.2409 14.5344 15.9138 10.4216 10.3078 21.5232 17.0074 3.90512 7.51665 15.9138 9.70824 11.9013 20.5913  19.906  6.5192 17.7553 9.01388 20.2299       0 15.7003 17.5855     7.5 15.0416  20.573  9.6566  15.663 13.9014    12.5 15.4029 3.20156 12.0934 18.1728 20.8147 9.01388 19.2938  11.353 13.2004 13.3135 18.8215  6.0208 5.22015 12.2984     8.5 12.5591 6.57647  6.0208 19.3197 26.1008 21.7083 9.60469 10.0125 5.59017  18.527 12.1758 14.0801 10.9659  23.817 18.9011 11.8004 11.5434 9.70824 27.2443 8.20061 14.6031 11.0114 10.1119 13.4164 15.4353   19.78 20.4267
 6.0208 20.4022 14.7054 24.9802 7.43303 30.9556 15.5322    18.5  18.868 29.9708 21.2191 13.3843 16.4469 20.5244 21.8403 12.0104 16.6508    10.5 15.7003       0 7.15891 9.70824 22.8965 29.2617  25.224  27.425     7.5 25.9856  6.0208    13.5 25.1247 5.59017 6.94622 24.5815 29.0904 4.80521 24.8244 10.9659    12.5 9.70824 20.5244 27.6812 10.3078 21.8753 15.0416 13.4629 3.64005 14.1156 13.4629 10.7355 17.6706 18.1728 22.9837 18.1177 18.1177    12.5 16.0078 14.0089    25.5 21.6391 15.2069 16.6208 20.8866 28.2179 26.6693 5.59017 17.3349   4.272 27.6089 10.5948
13.1529 26.1725 9.21954 27.8919 7.28011 36.2353 22.3607 21.1896 17.7553 28.8617 19.6469 19.4445 23.5637 27.2947 22.5222 5.38516 14.5602 17.5642 17.5855 7.15891       0 14.2127 28.3196 34.7131 26.0192 31.7959 14.3178 29.5466 2.23607 16.5529 23.7697 2.23607 13.1529 26.4764 34.2053 10.1213 29.1548  6.7082 19.6469  12.083 22.8035 28.0179 9.51315 26.8213 19.4165      13 8.24621 20.3961 6.32456 16.2788 22.7266  21.691 29.2062 14.7648  24.135 9.48683 23.0868 7.28011 24.5153 19.3132 20.5183 23.1948 24.5967 26.9258 28.2843 9.21954 13.3135 11.4018 33.2415 3.60555
9.84886 12.2066 16.7631    15.4 8.06226 22.0227 11.0454 9.21954 13.6473 23.3452 16.1245 6.37887 14.0801 15.1327 14.0089 16.6433 13.3417 12.7475     7.5 9.70824 14.2127       0 14.1421 20.5183      17   17.86 6.40312 16.2788 12.0416 4.47214 19.2094 13.8924 13.6015 15.5242      20 4.90306 15.2315      13 11.6619       4 11.4018 19.7231 8.63134 12.6246 5.38516 9.21954 13.0384 18.6011 19.8494       3 8.51469 8.51469 15.6525 16.1245 10.5119 12.1655 16.6433 18.3576  19.105 17.4642 6.40312  19.799 11.1803 21.9317   17.72       5    16.5 8.24621  19.105 17.6918
19.9249       3 30.0167 11.3649 22.0227 8.06226 11.0454 12.0416 22.2767 26.9258 24.0832 9.73088 14.4309 9.43398 18.0624 30.6105 24.0416 19.5576 15.0416 22.8965 28.3196 14.1421       0 6.40312 18.6815  6.8542 16.1555 9.21954 26.1725 13.4164 25.0799 27.8029 23.7697 14.8661 6.32456 18.4402 5.65685 26.6271      16 17.2047 13.0384 21.1896  21.783 2.71662 9.43398 20.6155 25.4951   25.02 33.9706 12.2066 5.70088 9.61769       5 27.2029 5.52268 25.0599 19.4165 32.2025 24.1868 26.1725 7.81025 24.3311 8.06226 26.4764 16.5529  19.105  28.324 19.6977       5 31.8277
     26 8.94427 36.0555 14.0057 28.3196       2 16.2788  17.088 27.3542 30.0666 28.8617 15.9778 19.0066 13.0384 22.2767 36.8782 29.5466 25.1098  20.573 29.2617 34.7131 20.5183 6.40312       0      22 6.82495 22.3607 11.0454 32.5576 19.4165 29.1548 34.2053 29.7321      18 2.23607 24.8403 8.06226 32.8024 21.3776 23.4307 17.4642 24.0832 27.9016 8.18413 15.6205 26.4197 31.7648 30.1496 40.3113 18.6011 12.0208 14.9833       8 32.6956 11.4237 31.0644      24 38.4187 28.0713 31.0483 14.2127      29 12.6491      30  19.105 25.4951  33.989 25.9422       2 38.2099
26.8328 19.6977 21.5407 8.00999 19.0263 22.0907 24.8395 8.48528 9.39415 8.24621 9.21954 20.0122 28.6923 26.4197     3.5 24.7386      13 29.5381  9.6566  25.224 26.0192      17 18.6815      22       0 15.3551 23.3238 11.0454      24   12.53 7.61577 27.0185 30.4631       4  20.025  21.001 14.0357 20.3961 27.6586 15.5242 6.40312 2.82843 16.5076 16.0056 14.1421 13.0384 28.8617 35.5106 28.8617 18.6011 15.9531 10.7005 23.4094 15.2643 20.4083 17.4642 32.5576 25.2982 6.32456 11.3137 17.0294 36.4005 10.7703       8 3.60555 19.6469 17.2409 25.0799 22.0907 28.2843
25.5143 9.68401 31.5687 7.35527  24.831 6.73647 17.6912 11.8229 21.6456 23.3105   22.86 15.3326 21.2257 16.2413 16.0353 33.0723 24.2689 25.8279  15.663  27.425 31.7959   17.86  6.8542 6.82495 15.3551       0 21.5541 4.31045 29.5665 15.4201 22.7108 31.7077 29.4853 11.3745 4.70956 22.6738 2.64197 28.7433 22.4629 19.8338 11.5836 17.3142 23.8008       6 12.4812 21.6836 30.4529 31.5179 36.8209 16.8576 9.96393 10.3479 11.4621 27.3383 12.0033 26.5966 26.1721 34.3945 21.5541 25.0874 12.5132 31.0319 7.49533 23.3362 12.3199 22.7636 28.8467 24.8713  7.4686 35.0853
      4 13.4164      20 20.7885 11.0454 24.1661 8.06226 15.2315 19.7041 29.7321 22.2036 6.42573 9.55249 13.0384 20.4022 18.4391 18.7883 6.36396 13.9014     7.5 14.3178 6.40312 16.1555 22.3607 23.3238 21.5541       0 21.0238 12.6491 10.8167 25.4951 13.0384       8 21.5407 22.4722   5.004  19.105      16 6.08276 9.43398 17.4642 26.0768 12.9808 15.6518  10.198 14.7648 9.43398 12.2066 20.6155 5.09902 11.5974 13.9463 15.6205 21.1896 10.9772 16.2788 10.7703 20.3961 25.4558 23.3238 9.05539 13.4536 16.1245 28.2843 23.7697 7.07107 21.1009 3.60555 20.5913 17.8885
  25.02 11.4018 28.3196 3.05941 22.3607 11.0454 18.7883 8.60233 17.7553 19.0263 18.7883 15.3587 22.5887 18.4391 11.8849 30.2324 20.6155 26.0864    12.5 25.9856 29.5466 16.2788 9.21954 11.0454 11.0454 4.31045 21.0238       0  27.313      13 18.4391 29.7321 29.0172 7.07107       9 21.1811 3.60555  25.807 23.0868 17.4642 7.81025 13.0384 20.9404 7.14003 11.0454 18.4391 29.2746 32.0156 34.1321      16 9.82344 7.90569 14.2127 23.6008 13.2098 23.4307  27.313 31.4006 17.2627 21.0238 12.1655 31.9531 5.09902 19.0263 8.06226 20.8806  25.224 24.0208 11.4018 32.6497
     12 24.0832 8.94427  25.678 5.09902 34.0588 20.6155 18.9737 16.0078 27.2029 18.0278 17.4496 22.0737 25.4951    20.5       6      13 16.5076 15.4029  6.0208 2.23607 12.0416 26.1725 32.5576      24 29.5665 12.6491  27.313       0 14.3178 22.1359 3.16228 12.6491 24.3311 32.0156 8.16333 26.9258 5.65685 18.2483 9.84886 20.6155 26.0768 7.51665 24.6288 17.2047 11.0454 8.06226 19.9249 8.06226 14.2127 20.5548 19.4551 27.2029 13.6015  22.102 8.06226      22       8 22.8035 17.8885 18.3848  22.561 22.3607 25.2982 26.1725 7.07107 12.3794 10.0499 31.1127 5.65685
14.3178 12.3693 16.6433 11.5741 9.43398 20.6155 13.9284       5 10.3078  19.105 12.6491 8.82553 17.4428 17.1172 9.60469 17.6918 11.0454 17.1026 3.20156    13.5 16.5529 4.47214 13.4164 19.4165   12.53 15.4201 10.8167      13 14.3178       0 15.2643 16.7631 18.0278 11.1803 18.4391 8.85664 12.8062 13.4536 15.6205 4.47214 7.07107 15.2643 8.51469  11.233 4.12311 7.28011 17.0294 23.0217 21.4009 6.40312 7.90569 5.14782 16.2788 14.1421 11.5109 11.6619 20.6155  19.105      15 14.3178       7 24.0832 8.06226 17.8045 13.3417 8.06226 15.0416 12.6491 18.3576 19.7231
28.3196 25.4951 17.0294 15.3805 17.8885 29.4279 29.0689 13.3417 6.26498 5.09902 4.12311 23.9727 32.6841 31.6228 7.01783 21.0238 9.21954 31.8512 12.0934 25.1247 23.7697 19.2094 25.0799 29.1548 7.61577 22.7108 25.4951 18.4391 22.1359 15.2643       0 25.2982 31.4006 11.4018 27.2947 21.8687  21.095 17.2627 30.8058 16.2788 12.0416 7.07107 14.9833 22.3647 18.3848 11.6619 28.6531 37.4833      25 21.6333  21.225 15.8902 29.4279 10.0499 25.6223 14.3178  35.805 21.0238 1.41421 5.09902 21.5407 38.9487 17.0294 3.16228 11.1803      20 12.0934 26.2488 29.0172 25.1794
11.4018 25.4951 11.4018   28.28       8  35.805  21.095  21.587 19.1638 30.3645 21.1896 18.5981 22.0057 26.0768 23.5213 7.61577 16.1555 15.7003 18.1728 5.59017 2.23607 13.8924 27.8029 34.2053 27.0185 31.7077 13.0384 29.7321 3.16228 16.7631 25.2982       0 11.0454 27.1662 33.8378  9.3723 29.0689 8.60233 18.0278 12.3693 23.3452 29.1548 10.6066 26.4911 19.2354 14.1421 6.08276 18.2483 8.06226 15.6205 22.3271 21.8289 28.3196 16.6433 23.3345 11.1803 21.2132 9.48683 25.9615 21.0238      20  21.095 24.6982 28.4605 29.0689 8.94427 15.3052 9.84886 32.6497 5.09902
      4 20.8806 21.5407 28.6803 14.2127 31.6228 13.8924 22.8035  25.224 36.0555 27.6586 14.1877 13.0863 18.6011 27.2809 18.4391 23.3452 5.70088 20.8147 6.94622 13.1529 13.6015 23.7697 29.7321 30.4631 29.4853       8 29.0172 12.6491 18.0278 31.4006 11.0454       0 29.1204 30.0832 9.60417  27.074 17.8885 9.21954 15.2643      25 33.1059 16.9853 23.5325 18.1108 19.8494       5 7.28011      19 13.0384 19.5576  21.783 22.3607      25 18.3439 19.4165 10.7703 20.3961 31.6228 28.2843 17.0294 10.0499 24.0832 34.4093 31.3209 11.4018 24.2745 5.38516 27.8568      16
25.2982 16.1245 23.3238 4.01995 19.2354 18.1108 21.9317 6.32456 11.6726 12.1655 12.2066 17.3807 25.8312 23.0217 5.31507      26      15 27.5045 9.01388 24.5815 26.4764 15.5242 14.8661      18       4 11.3745 21.5407 7.07107 24.3311 11.1803 11.4018 27.1662 29.1204       0 16.0312  20.026 10.0499 21.5407 25.2389      15 4.12311 6.32456 17.1026 12.2385 11.6619 13.9284 28.1603  33.541 30.0832 16.5529 12.7475 7.90569 19.6977 17.6918 17.1026 18.7883      30 26.8328  10.198 14.4222 14.2127 34.1321  7.2111      12 2.23607 19.0263 19.5256 23.7697 18.1108 29.1204
26.2488 9.21954      35  12.015 27.5862 2.23607 17.0294 15.6525 25.8118 28.0179 27.2029 16.0465 20.0562 14.3178    20.5 36.0694  28.178 25.7391 19.2938 29.0904 34.2053      20 6.32456 2.23607  20.025 4.70956 22.4722       9 32.0156 18.4391 27.2947 33.8378 30.0832 16.0312       0 24.5284 6.32456 31.8904 22.0907 22.6274 15.8114 22.0227 26.9537 7.38783 14.8661 25.2389 31.7805 31.0161 39.6232 18.3576 11.5109 13.7295 9.21954  31.305 11.7686      30 25.0799 37.5366 26.1725 29.4109 13.8924 30.0666 11.1803 28.0179 17.0294      25 32.6841      26 3.60555 37.6431
6.52993  16.132 15.0013 20.2247  6.0531  26.462 12.5873 13.8362 15.7699  26.462 18.2439 9.32363 14.5221 17.3851 17.7395 13.6616 14.3122 10.5991  11.353 4.80521 10.1213 4.90306 18.4402 24.8403  21.001 22.6738   5.004 21.1811 8.16333 8.85664 21.8687  9.3723 9.60417  20.026 24.5284       0 20.0609 11.0018 11.0653 5.66039 15.9261 23.5847  8.1939 17.2308 10.2489 10.4995     8.2 15.7493 16.2247  6.2482 13.0361 13.3843 19.0851 16.4694 14.0264 11.3508 15.5769 15.5769 22.0418 19.0851 10.6508 17.5966 16.0823 24.8403 22.1639 2.15407 16.2262 4.38634 23.2775 13.7201
23.0868 8.06226 29.0689 6.16117 22.2036   8.544 15.8114 9.43398    19.5 22.2036 20.8806 13.0035    19.5      15 14.2215 30.4795 21.9545 23.6326 13.2004 24.8244 29.1548 15.2315 5.65685 8.06226 14.0357 2.64197  19.105 3.60555 26.9258 12.8062  21.095 29.0689  27.074 10.0499 6.32456 20.0609       0 26.1725 20.3961 17.2047 9.48683 16.2788  21.225 3.92173 9.84886 19.2094 27.8927 29.4279 34.2053 14.3178 7.51665 7.77817 10.6301 25.0599 10.1242 24.0832 24.3516 31.8277  20.025 23.0868 10.0499 29.1204       5 22.0227 11.4018 20.1246    26.5 22.3607 8.06226   32.45
16.4924 25.0599       4 23.6677 5.09902 34.0588 23.3452 17.2047    11.5 22.3607 13.1529 19.2585 25.5196 27.8927 16.9779 4.47214 8.06226 20.9881 13.3135 10.9659  6.7082      13 26.6271 32.8024 20.3961 28.7433      16  25.807 5.65685 13.4536 17.2627 8.60233 17.8885 21.5407 31.8904 11.0018 26.1725       0 22.0227 9.43398 18.3576 22.0907 4.94975 24.6288 17.2047 7.61577 13.6015 25.0799   8.544 15.8114 20.9404 18.3984 28.6356 8.06226 23.5053       3 26.3059 5.65685 18.1108 12.6491 19.2354 27.5136 21.2603 20.3961 23.0868 9.05539 6.72681 14.3178 31.6228       8
 6.7082      13 26.0192 23.6212 17.1172 23.3452 5.09902 19.2094 25.3032 34.7131 27.7849  7.9177 4.03113 9.43398 25.1048 24.1868 24.6982 3.80789 18.8215    12.5 19.6469 11.6619      16 21.3776 27.6586 22.4629 6.08276 23.0868 18.2483 15.6205 30.8058 18.0278 9.21954 25.2389 22.0907 11.0653 20.3961 22.0227       0 15.2315 21.4009 30.4795 19.0394 16.5221 13.6015 20.6155 13.0384 9.05539 25.9615 9.21954 13.2853 17.3349 13.6015 27.2029 10.5119 22.3607       5 26.1725 30.6105 29.0689 11.1803 8.94427 18.7883 33.4215 27.4591 13.1529 27.1708 8.24621 19.4165 23.0868
12.0416 15.6525      13  15.911       5 24.7588 15.0333 9.21954 10.3078 20.8087 12.8062 10.3484 17.9513  19.105 12.1758 13.4536 9.48683 15.7003  6.0208 9.70824  12.083       4 17.2047 23.4307 15.5242 19.8338 9.43398 17.4642 9.84886 4.47214 16.2788 12.3693 15.2643      15 22.6274 5.66039 17.2047 9.43398 15.2315       0 11.0454 18.0278 4.74342 15.2899 7.81025 5.38516 13.3417 21.2132 17.0294       7 11.5109 9.61769 19.3132 12.1655 14.2302 8.24621 20.1246      15 16.4012 13.8924 9.84886 22.8035   12.53 19.2094 17.0294 4.12311    12.5      10 22.2036 15.2643
21.1896 13.6015 20.6155 5.32541 15.5242 18.0278 18.4391 2.23607 10.0623 14.3178 11.4018 13.6561 22.2991 20.1246 5.02494 22.8254 12.8062 23.5053 5.22015 20.5244 22.8035 11.4018 13.0384 17.4642 6.40312 11.5836 17.4642 7.81025 20.6155 7.07107 12.0416 23.3452      25 4.12311 15.8114 15.9261 9.48683 18.3576 21.4009 11.0454       0 9.21954 13.6565 10.3238 7.81025 10.8167 24.0832 29.5296 26.8328   12.53 9.61769 4.30116 17.4642 15.8114  14.089 15.8114 26.2488 23.8537 11.1803 13.6015 10.6301 30.2324       5 13.6015 6.32456      15 17.4141 19.6469 17.1172  25.632
29.5296 22.3607 22.8035 10.1272 21.2132      24 27.6586 11.3137 10.6888       6 9.84886 22.8405 31.5159 29.1548 5.85235 26.3059 14.3178 32.3187 12.2984 27.6812 28.0179 19.7231 21.1896 24.0832 2.82843 17.3142 26.0768 13.0384 26.0768 15.2643 7.07107 29.1548 33.1059 6.32456 22.0227 23.5847 16.2788 22.0907 30.4795 18.0278 9.21954       0 18.5607 18.5521 16.9706 15.0333 31.3209 38.2753 30.4138 21.4009 18.7216 13.5093      26 16.1555 23.1625  19.105 35.3836 26.6833 5.65685 11.6619 19.8494 39.2046 13.4164 6.32456       5 22.1359 18.2003 27.7308 24.3311 30.0666
14.5774 20.3593 8.27647 18.9172 2.91548  29.129 19.5064 12.3491 8.73212 19.9625 10.9772 15.0097 22.1416 23.7592 13.0096 9.30054 6.36396 18.7883     8.5 10.3078 9.51315 8.63134  21.783 27.9016 16.5076 23.8008 12.9808 20.9404 7.51665 8.51469 14.9833 10.6066 16.9853 17.1026 26.9537  8.1939  21.225 4.94975 19.0394 4.74342 13.6565 18.5607       0   19.72 12.3491 3.53553 13.7295 23.7171 13.2098 11.5974 16.1245 13.4536  24.052 8.27647 18.9737 3.53553 23.7171 10.6066 15.5081 11.3358 14.5774 25.7391 16.3248 18.1246 18.8282 6.04152 8.13941 12.3491 26.7675 12.0208
19.5801  4.2638 27.8744 8.90505 20.2233 9.47523 11.8903 9.39042 19.6705 24.2442 21.4238 9.35361 15.5862 11.3217  15.347 28.7433 21.5727 19.8363 12.5591 21.8753 26.8213 12.6246 2.71662 8.18413 16.0056       6 15.6518 7.14003 24.6288  11.233 22.3647 26.4911 23.5325 12.2385 7.38783 17.2308 3.92173 24.6288 16.5221 15.2899 10.3238 18.5521   19.72       0 7.49533 18.2915 24.7342 25.5691 32.2518 11.1615 4.20476  7.0342  7.4686 24.7342 6.20322 22.8862 20.4299 30.2552 21.4704 23.5325 6.70671 25.2067 5.34603 23.7693 14.0064 17.6233 25.9332  19.052 7.22357 30.2552
14.1421 8.24621 20.5913 10.5906 12.7279 16.9706 10.8167 5.65685 14.0801 21.6333 16.2788 5.87282 14.6031 13.3417 11.9269 21.2603 15.1327 15.8902 6.57647 15.0416 19.4165 5.38516 9.43398 15.6205 14.1421 12.4812  10.198 11.0454 17.2047 4.12311 18.3848 19.2354 18.1108 11.6619 14.8661 10.2489 9.84886 17.2047 13.6015 7.81025 7.81025 16.9706 12.3491 7.49533       0 11.4018 18.2483 21.9317 24.7588 5.09902 3.80789 3.80789 12.1655 18.2483 7.51665 15.6525 18.4391 22.8035 17.8885 18.1108 3.16228 22.4722       6 20.5913 13.8924 10.2956 19.1638      13 14.4222 22.8035
17.0294 19.6469 9.89949 16.1419 6.32456 27.4591 20.2237 9.89949 5.40833 16.5529 7.81025 15.3326 23.2863      24 9.55249  12.083 4.12311 20.9404  6.0208 13.4629      13 9.21954 20.6155 26.4197 13.0384 21.6836 14.7648 18.4391 11.0454 7.28011 11.6619 14.1421 19.8494 13.9284 25.2389 10.4995 19.2094 7.61577 20.6155 5.38516 10.8167 15.0333 3.53553 18.2915 11.4018       0      17 26.2488 16.1555 12.1655 15.1822 11.5109 23.5372       7 18.6682       5 25.4951 13.0384  12.083 8.60233 14.1421 28.0179 14.2127 14.7648 15.5242 8.48528 7.76209 14.8661 25.4951 15.2971
6.40312 22.8254      17 28.4176 10.8167  33.541 16.9706 22.0227 22.3886  33.541 24.6982 15.7889  17.066 21.9317 25.4804 13.6015      20 10.1242 19.3197 3.64005 8.24621 13.0384 25.4951 31.7648 28.8617 30.4529 9.43398 29.2746 8.06226 17.0294 28.6531 6.08276       5 28.1603 31.7805     8.2 27.8927 13.6015 13.0384 13.3417 24.0832 31.3209 13.7295 24.7342 18.2483      17       0 12.1655      14 13.6015 20.5548 21.5523      25 21.2132 20.4083 15.5563 15.5242 15.5242 29.0689      25 18.0278 15.0333 24.1868 31.7648 30.2655 9.21954 20.2299 5.83095 30.0167      11
9.21954 22.0227 28.7924 32.3289  21.095 32.1403      14 27.2947 31.4841 41.8688 33.9706  16.676 11.2805 17.4642 32.6075 25.7099      30 6.04152 26.1008 14.1156 20.3961 18.6011   25.02 30.1496 35.5106 31.5179 12.2066 32.0156 19.9249 23.0217 37.4833 18.2483 7.28011  33.541 31.0161 15.7493 29.4279 25.0799 9.05539 21.2132 29.5296 38.2753 23.7171 25.5691 21.9317 26.2488 12.1655       0 26.0768      17 22.1923 25.7391 22.2036 31.9061 19.5576 26.4197  6.7082 27.6586 37.5366 34.8281 19.9249 3.16228 27.5136 40.3609 35.7771 17.8045 31.3249 11.4018 28.1603 23.0868
19.4165 32.0156 8.06226 32.1179 12.0416 41.7253 28.6356 25.5539 19.7294 30.0167 21.0238  25.489 29.8873  33.541 25.4804 4.12311 16.1245 23.7592 21.7083 13.4629 6.32456 19.8494 33.9706 40.3113 28.8617 36.8209 20.6155 34.1321 8.06226 21.4009      25 8.06226      19 30.0832 39.6232 16.2247 34.2053   8.544 25.9615 17.0294 26.8328 30.4138 13.2098 32.2518 24.7588 16.1555      14 26.0768       0 22.2036 28.2931 26.5047 35.2278 15.0333 30.1081 11.4018 29.2746 4.12311 26.0192  20.025 26.2488 29.0172 29.4109 28.0179 31.6228      15 13.0863   17.72 38.9487       3
9.05539 9.89949 19.6469 15.6895 10.7703 20.2485 8.06226 10.2956 16.3478 25.4951 18.7883 3.44819 11.2361 12.1655 15.9138 19.2354 16.2788 10.9772 9.60469 10.7355 16.2788       3 12.2066 18.6011 18.6011 16.8576 5.09902      16 14.2127 6.40312 21.6333 15.6205 13.0384 16.5529 18.3576  6.2482 14.3178 15.8114 9.21954       7   12.53 21.4009 11.5974 11.1615 5.09902 12.1655 13.6015      17 22.2036       0 6.96419 8.86002 13.0384  19.105 7.90569 15.1327 14.2127 21.0238 21.4009 20.2485 4.47214 17.8045 11.0454 24.2074 18.7883  7.2111    19.5 8.06226 17.0294 19.8494
15.5724 4.52769 24.3824 10.4623 16.3248 13.5093 9.30054 7.90569    17.5  23.927 19.5576 5.55788 13.2004 10.5119 14.3962 24.9098 18.8282 16.2788 10.0125 17.6706 22.7266 8.51469 5.70088 12.0208 15.9531 9.96393 11.5974 9.82344 20.5548 7.90569  21.225 22.3271 19.5576 12.7475 11.5109 13.0361 7.51665 20.9404 13.2853 11.5109 9.61769 18.7216 16.1245 4.20476 3.80789 15.1822 20.5548 22.1923 28.2931 6.96419       0 5.38516 8.51469 21.9659 4.47214 19.4551 17.6777 26.5047 20.5548 21.5058 2.54951 22.1923 5.70088 23.1193 14.8492 13.5093 22.9401 14.9164 10.7005 26.2011
17.8466 9.61769  21.319 6.91809 14.5774 15.9531 14.1598 2.54951  12.659 18.5607 14.5086 9.48103 18.0347 15.8902 9.01388 22.7266 14.5774 19.6977 5.59017 18.1728  21.691 8.51469 9.61769 14.9833 10.7005 10.3479 13.9463 7.90569 19.4551 5.14782 15.8902 21.8289  21.783 7.90569 13.7295 13.3843 7.77817 18.3984 17.3349 9.61769 4.30116 13.5093 13.4536  7.0342 3.80789 11.5109 21.5523 25.7391 26.5047 8.86002 5.38516       0 13.5831 17.7341 9.84886 16.3248  22.102  24.052 15.1822  16.568 6.36396 26.2393 2.91548 17.7341 10.1242 12.9808 19.0066  16.568 14.2302 24.8697
 18.868       4  32.311 16.3267 23.7065      10   8.544 16.1245 26.0048 31.6228 28.0179 9.76166 11.0114 5.09902 22.4555  32.249 27.2947 17.3925  18.527 22.9837 29.2062 15.6525       5       8 23.4094 11.4621 15.6205 14.2127 27.2029 16.2788 29.4279 28.3196 22.3607 19.6977 9.21954 19.0851 10.6301 28.6356 13.6015 19.3132 17.4642      26  24.052  7.4686 12.1655 23.5372      25 22.2036 35.2278 13.0384 8.51469 13.5831       0 30.4138 5.14782 27.5136      16      34 28.6356      30 9.48683      21 12.6491 31.0483 21.4709 20.2485  31.293 19.2094       6 32.8024
22.8254 26.4764       7 20.8701 10.8167  33.541 27.1662 15.6525  6.0208      15 6.32456 22.3224  30.104      31 12.4197 11.1803 3.16228 27.0647 12.1758 18.1177 14.7648 16.1245 27.2029 32.6956 15.2643 27.3383 21.1896 23.6008 13.6015 14.1421 10.0499 16.6433      25 17.6918  31.305 16.4694 25.0599 8.06226 27.2029 12.1655 15.8114 16.1555 8.27647 24.7342 18.2483       7 21.2132 31.9061 15.0333  19.105 21.9659 17.7341 30.4138       0 25.6223 5.65685 31.9531      11 11.1803       5  21.095      34 20.1246      13 18.6011 14.3178 2.06155 20.5913 31.9531 15.5242
14.5774 2.54951 27.2121 14.4589 18.5607 13.2853 5.70088 12.3491 21.5928 28.3989 23.7592 4.74236 9.39415 6.04152 18.8481 27.1017 22.5499 14.0357 14.0801 18.1177  24.135 10.5119 5.52268 11.4237 20.4083 12.0033 10.9772 13.2098  22.102 11.5109 25.6223 23.3345 18.3439 17.1026 11.7686 14.0264 10.1242 23.5053 10.5119 14.2302  14.089 23.1625 18.9737 6.20322 7.51665 18.6682 20.4083 19.5576 30.1081 7.90569 4.47214 9.84886 5.14782 25.6223       0 22.4611 14.2302 28.8531   24.99 25.6223 4.52769 19.0394 9.92472 27.5772 19.1442 15.1162 26.3865 14.5774 9.61769 27.7218
17.4642 23.7697       5 21.1367 5.38516 32.2025 23.0217 14.8661     8.5 19.4165  10.198 18.5443 25.5783 27.2947 14.0801 7.28011 5.09902 21.8289 10.9659    12.5 9.48683 12.1655 25.0599 31.0644 17.4642 26.5966 16.2788 23.4307 8.06226 11.6619 14.3178 11.1803 19.4165 18.7883      30 11.3508 24.0832       3 22.3607 8.24621 15.8114  19.105 3.53553 22.8862 15.6525       5 15.5563 26.4197 11.4018 15.1327 19.4551 16.3248 27.5136 5.65685 22.4611       0 26.9258 8.06226 15.1327 9.84886 18.0278 28.6356  19.105 17.4642 20.2485 9.21954 4.92443 15.2315 30.0167      11
     10 16.4924 30.2655 28.1311  21.587      26   8.544 24.0832 30.2696 39.6989 32.7567  12.621 5.02494 11.0454 30.0707      28 29.5466 5.52268  23.817 16.0078 23.0868 16.6433 19.4165      24 32.5576 26.1721 10.7703  27.313      22 20.6155  35.805 21.2132 10.7703      30 25.0799 15.5769 24.3516 26.3059       5 20.1246 26.2488 35.3836 23.7171 20.4299 18.4391 25.4951 15.5242  6.7082 29.2746 14.2127 17.6777  22.102      16 31.9531 14.2302 26.9258       0      30  35.609      34 15.8114       5 23.3238 38.4187 32.2025   17.72 31.8002 12.0416      22 26.3059
     20 30.5287       4 29.1781 10.2956 39.6989 28.1603 22.8035 16.0078      26 17.1172 24.4395 29.9207 32.8938 22.0057       2 12.3693 24.5051 18.9011 14.0089 7.28011 18.3576 32.2025 38.4187 25.2982 34.3945 20.3961 31.4006       8  19.105 21.0238 9.48683 20.3961 26.8328 37.5366 15.5769 31.8277 5.65685 26.1725      15 23.8537 26.6833 10.6066 30.2552 22.8035 13.0384 15.5242 27.6586 4.12311 21.0238 26.5047  24.052      34      11 28.8531 8.06226      30       0 22.0907      16 24.6982 30.4138 26.9072      24 28.2312 13.9284 9.01388 18.0278 37.2022 5.65685
28.4253 24.7386 18.1108 14.2042 18.3848 28.2843 28.6531 12.6491 6.80074 4.47214       5 23.5816 32.3303 31.0161 6.18466      22 10.0499 31.8198 11.8004    25.5 24.5153  19.105 24.1868 28.0713 6.32456 21.5541 25.4558 17.2627 22.8035      15 1.41421 25.9615 31.6228  10.198 26.1725 22.0418  20.025 18.1108 30.6105 16.4012 11.1803 5.65685 15.5081 21.4704 17.8885  12.083 29.0689 37.5366 26.0192 21.4009 20.5548 15.1822 28.6356 11.1803   24.99 15.1327  35.609 22.0907       0 6.32456 21.0238 38.8973 16.1245 2.82843 9.84886 20.2485 13.2382 26.4008      28 26.0768
25.6125      26      12  18.071 14.2127 31.6228 28.1603 14.1421 4.03113      10 2.23607 23.0931 31.4841 31.4006 9.17878 16.1245       5 29.5381 11.5434 21.6391 19.3132 17.4642 26.1725 31.0483 11.3137 25.0874 23.3238 21.0238 17.8885 14.3178 5.09902 21.0238 28.2843 14.4222 29.4109 19.0851 23.0868 12.6491 29.0689 13.8924 13.6015 11.6619 11.3358 23.5325 18.1108 8.60233      25 34.8281  20.025 20.2485 21.5058  16.568      30       5 25.6223 9.84886      34      16 6.32456       0 21.2132 36.6197 18.4391       8 14.8661 17.0294 7.01783 23.4307 30.5941 20.3961
13.0384 5.83095 22.8473 12.4483 14.4222 15.8114 7.81025 8.60233 17.1828 24.6982 19.4165 3.26956 11.6726  10.198 15.0083 23.0217 18.0278 13.9463 9.70824 15.2069 20.5183 6.40312 7.81025 14.2127 17.0294 12.5132 9.05539 12.1655 18.3848       7 21.5407      20 17.0294 14.2127 13.8924 10.6508 10.0499 19.2354 11.1803 9.84886 10.6301 19.8494 14.5774 6.70671 3.16228 14.1421 18.0278 19.9249 26.2488 4.47214 2.54951 6.36396 9.48683  21.095 4.52769 18.0278 15.8114 24.6982 21.0238 21.2132       0 20.1246 7.61577 23.7065 16.4012 11.3137 21.8689 12.3693 12.7279 24.0416
11.1803 21.3776 31.3209 32.5632 23.2594      31 13.3417 28.0179 33.1097 43.1393  35.609 16.8609 10.0125 16.0312 33.6786 28.4429 31.9061 7.10634 27.2443 16.6208 23.1948  19.799 24.3311      29 36.4005 31.0319 13.4536 31.9531  22.561 24.0832 38.9487  21.095 10.0499 34.1321 30.0666 17.5966 29.1204 27.5136 8.94427 22.8035 30.2324 39.2046 25.7391 25.2067 22.4722 28.0179 15.0333 3.16228 29.0172 17.8045 22.1923 26.2393      21      34 19.0394 28.6356       5 30.4138 38.8973 36.6197 20.1246       0 27.7308 41.7253 36.3593 19.7231 33.5596 13.4164      27 26.0192
20.0998 8.94427 24.0832 4.83322 17.4929 13.4164      15 4.47214 14.7054 18.9737 16.2788 10.8853 18.9011 15.8114 10.0125 25.6125      17 21.5058 8.20061 20.8866 24.5967 11.1803 8.06226 12.6491 10.7703 7.49533 16.1245 5.09902 22.3607 8.06226 17.0294 24.6982 24.0832  7.2111 11.1803 16.0823       5 21.2603 18.7883   12.53       5 13.4164 16.3248 5.34603       6 14.2127 24.1868 27.5136 29.4109 11.0454 5.70088 2.91548 12.6491 20.1246 9.92472  19.105 23.3238 26.9072 16.1245 18.4391 7.61577 27.7308       0 18.4391 9.21954 15.8114 21.5232      19 12.1655 27.7849
 31.241 27.2029      20  16.005 21.0238 30.0666 31.3847 15.2315 9.39415       2 7.28011 26.3304 35.0892 33.6155 8.73212 24.0832 12.3693 34.6482 14.6031 28.2179 26.9258 21.9317 26.4764      30       8 23.3362 28.2843 19.0263 25.2982 17.8045 3.16228 28.4605 34.4093      12 28.0179 24.8403 22.0227 20.3961 33.4215 19.2094 13.6015 6.32456 18.1246 23.7693 20.5913 14.7648 31.7648 40.3609 28.0179 24.2074 23.1193 17.7341 31.0483      13 27.5772 17.4642 38.4187      24 2.82843       8 23.7065 41.7253 18.4391       0 11.1803 23.0217 15.0083 29.2062 30.0666 28.2843
27.5136 18.0278 24.5967 5.24976  21.095      19 24.0832   8.544 12.6194      11 12.7279  19.588 27.9866      25 6.26498 27.5136 16.1245 29.7405 11.0114 26.6693 28.2843   17.72 16.5529  19.105 3.60555 12.3199 23.7697 8.06226 26.1725 13.3417 11.1803 29.0689 31.3209 2.23607 17.0294 22.1639 11.4018 23.0868 27.4591 17.0294 6.32456       5 18.8282 14.0064 13.8924 15.5242 30.2655 35.7771 31.6228 18.7883 14.8492 10.1242 21.4709 18.6011 19.1442 20.2485 32.2025 28.2312 9.84886 14.8661 16.4012 36.3593 9.21954 11.1803       0  21.095 20.5244 25.9615 19.4165 30.8058
8.60233 17.0294 13.0384 19.6306       4 27.0185 14.3178 13.0384 13.8293 24.6982 16.2788 10.5589    16.5 18.9737 16.2865  12.083 12.2066 12.7475 10.1119 5.59017 9.21954       5  19.105 25.4951 19.6469 22.7636 7.07107 20.8806 7.07107 8.06226      20 8.94427 11.4018 19.0263      25 2.15407 20.1246 9.05539 13.1529 4.12311      15 22.1359 6.04152 17.6233 10.2956 8.48528 9.21954 17.8045      15  7.2111 13.5093 12.9808 20.2485 14.3178 15.1162 9.21954   17.72 13.9284 20.2485 17.0294 11.3137 19.7231 15.8114 23.0217  21.095       0 14.0801 6.40312 24.0416 12.7279
22.3886 27.4089 5.02494 22.5701 10.3078 34.9178 27.5182  17.066 7.90569 17.0074 8.38153 22.8219 30.2655 31.5634 14.3003 9.34077 4.60977 26.7442 13.4164 17.3349 13.3135    16.5  28.324  33.989 17.2409 28.8467 21.1009  25.224 12.3794 15.0416 12.0934 15.3052 24.2745 19.5256 32.6841 16.2262    26.5 6.72681 27.1708    12.5 17.4141 18.2003 8.13941 25.9332 19.1638 7.76209 20.2299 31.3249 13.0863    19.5 22.9401 19.0066  31.293 2.06155 26.3865 4.92443 31.8002 9.01388 13.2382 7.01783 21.8689 33.5596 21.5232 15.0083 20.5244 14.0801       0 20.1556 33.1549 13.7568
2.23607      17 18.2483 23.4853 9.84886 27.7308 11.4018 17.4642 20.1556 30.8058 22.6274 9.97447 12.1758 16.4012 21.9146 16.0312 18.6011 6.67083 15.4353   4.272 11.4018 8.24621 19.6977 25.9422 25.0799 24.8713 3.60555 24.0208 10.0499 12.6491 26.2488 9.84886 5.38516 23.7697      26 4.38634 22.3607 14.3178 8.24621      10 19.6469 27.7308 12.3491  19.052      13 14.8661 5.83095 11.4018   17.72 8.06226 14.9164  16.568 19.2094 20.5913 14.5774 15.2315 12.0416 18.0278 26.4008 23.4307 12.3693 13.4164      19 29.2062 25.9615 6.40312 20.1556       0 24.1868 14.8661
24.1661  7.2111 34.9857 14.2042 27.0185       4 14.3178 16.4924 26.8002 30.2655 28.4429  14.258 17.0074 11.0454 22.0511  35.609 28.7924 23.1625   19.78 27.6089 33.2415  19.105       5       2 22.0907  7.4686 20.5913 11.4018 31.1127 18.3576 29.0172 32.6497 27.8568 18.1108 3.60555 23.2775 8.06226 31.6228 19.4165 22.2036 17.1172 24.3311 26.7675 7.22357 14.4222 25.4951 30.0167 28.1603 38.9487 17.0294 10.7005 14.2302       6 31.9531 9.61769 30.0167      22 37.2022      28 30.5941 12.7279      27 12.1655 30.0666 19.4165 24.0416 33.1549 24.1868       0 36.7696
16.4924 29.7321 8.94427 30.8312 10.2956 39.6989 25.9422 24.1661    19.5 30.2655  21.095 23.0411 27.0416 30.8869 24.8244 4.47214 16.0312 20.7966 20.4267 10.5948 3.60555 17.6918 31.8277 38.2099 28.2843 35.0853 17.8885 32.6497 5.65685 19.7231 25.1794 5.09902      16 29.1204 37.6431 13.7201   32.45       8 23.0868 15.2643  25.632 30.0666 12.0208 30.2552 22.8035 15.2971      11 23.0868       3 19.8494 26.2011 24.8697 32.8024 15.5242 27.7218      11 26.3059 5.65685 26.0768 20.3961 24.0416 26.0192 27.7849 28.2843 30.8058 12.7279 13.7568 14.8661 36.7696       0


