      0 30.0832   32.45  56.231 21.7083 49.0408 47.0106 19.3132 16.0702 58.8558 22.0227 52.0865 28.0179 5.38516 22.8254 35.8469      30 55.0091 12.6491 9.89949 48.0937 18.4391   38.78 53.9351 11.0454 22.6716 18.6011  50.636 52.1536 46.6154 39.3224 39.0512 39.0512 50.2195 54.4059 45.8912 28.5671 21.0238 33.2415 43.3244 53.4158 46.7547      25 27.4591   42.72 39.3954 44.0114 11.7047 32.1403      21 57.5022 61.6847 32.7567  33.121 24.6982 29.5466      17 30.6757 41.1096      25 24.0416      26 6.08276 29.1548 52.3259 58.2151 28.7446 42.2019      10 36.7151
30.0832       0 21.9545 45.2252 13.3135 41.7852 48.0104 24.1661 14.5344 53.4883 33.1059 54.4059 7.07107      26 9.48683 29.1548 19.4165 54.7083  25.318 22.0227  51.225 15.5242 23.6958 48.8467 20.1246 16.6433 19.3132 46.9574 50.6063 36.6879 18.0069 43.8406 43.8406      33 45.8803 42.0595 15.0426 30.8707 15.8114 36.2491 35.5563  27.074 11.4018 3.60555 28.6356 30.8707  45.607 33.1361      40 11.3137 42.5265  50.636 3.16228 24.6982 20.6155 25.4951 30.3645 28.3196 23.0868 27.2029 6.08276 34.1321 33.1059      11 39.4588 55.4617 12.6194 38.0789 29.0689 26.4008
  32.45 21.9545       0 25.5131 30.2035 20.3961 26.2488 14.2127 25.5783 32.0156 19.6469 32.6497 27.8568 31.7805 16.1245  7.2111       3 32.7567 20.5183 22.8254 29.6985 15.5242 6.64003 27.2029 28.8617 10.4403 13.8924 25.0799 28.6531      16 11.5434 23.3238 23.3238 17.8045 25.0799 20.1246 7.14703 18.0278  7.2111 14.5602  21.006 15.2643 12.1655 23.7697 10.2956 9.21954 24.0416 27.2029  21.587 27.1662 25.3476 31.1448 24.4131 2.82843 7.81025       6 20.5913 8.24621 9.84886 11.4018 20.6155 18.0278 38.0789 31.9531 20.6155 33.6155 9.39415 16.1245 24.7588       5
 56.231 45.2252 25.5131       0 55.4109 8.37377 20.1375 36.9177 51.0898 11.8119 37.1769 23.4034 51.9588 56.5378 41.4019 20.4284 28.5012 19.5735 43.6018 47.3362 23.8101 40.9038 21.5956 10.4173  54.221 35.8095 38.5632 12.6301 16.4049 9.70155 27.9244 26.1021 26.1021 14.2801 4.41814 13.5912 32.2006 36.9096 29.6196 13.0736 13.8409 20.3745 37.4021 47.8573 16.6048   16.98 21.1405 48.0554 31.0438 52.4034 7.34983 5.63205 46.8585 23.8101 32.2602 26.7529 40.8573  25.607 22.3946 31.4025 45.4744 33.3635 62.1974 56.0635 5.99333 16.3866 33.9377 15.4311 47.0523 20.5407
21.7083 13.3135 30.2035 55.4109       0 50.5594 54.0393 25.5196 7.10634 62.0746 33.6341   60.21 7.63217 16.5303 14.0801  36.773 27.2259 61.5163 23.0489 17.6139 56.5796 16.7705 34.0476 57.1686 10.6888 21.0297 20.8387 54.6923  57.717  46.133 30.0832 48.1274 48.1274 44.6346 55.2743 49.6009 23.2364 31.5634 26.1199 44.6346 47.4605 39.1695 18.0624 9.70824 39.0288 39.3859 51.2762 29.0904 42.7229 3.04138 53.8354  61.002    14.5 32.4692 25.4608 31.4682 29.3641 34.0037  34.442 30.6472 10.1119 36.1006 22.6991     7.5 50.0225 63.1922 21.5058  45.478 25.1247 35.1746
49.0408 41.7852 20.3961 8.37377 50.5594       0      13 29.8329 45.5439 11.7047 29.1548   17.72 48.0833 49.8197 36.4966      14 23.3452 15.2643 36.4005 40.6079 17.0294      35 18.5065  7.2111 48.0937 30.0167 32.1403  6.7082 11.1803 5.65685 26.1008 17.8885 17.8885 16.1555 5.38516 5.38516 27.5078 29.0689      26       6 17.3566 20.8087 32.5576 43.9659 14.2127 11.1803 13.3417 40.2492 22.6716 47.5184 13.9463 13.0384 43.8634 18.1108 26.0192 20.0998 33.1059 18.4391 20.6155 24.0416      41 25.2389 55.0818 52.2015       9 14.2127 29.6015  7.2111 39.5601 15.5242
47.0106 48.0104 26.2488 20.1375 54.0393      13       0 29.6142 47.9088 14.2127 25.0799 6.40312 53.3385  49.163 40.7063  19.105 28.6007       8 35.1283 40.4475 4.12311 37.3363 27.4461 10.8167 49.0306 33.1059 33.5261 7.61577 5.83095 17.4642 35.4013   8.544   8.544 28.6356 15.8114 8.24621 32.9679      26 33.2415 14.3178 30.2035  32.311 37.2156 49.3964 24.5967 18.6011       3 36.3456 15.5242 51.0784 26.7301 22.8254 50.6063 23.4307 28.6356 22.8254 30.0167 20.1246 30.5287 23.7697 45.6508 21.0238 53.0377 57.3062      22 11.7047 35.4013 10.8167 37.0135 22.6716
19.3132 24.1661 14.2127 36.9177 25.5196 29.8329 29.6142       0 18.7949 40.1123 8.94427 35.4401 27.0185 20.0998 14.7648 16.5529   12.53 37.4833  6.7082      11 31.6228 9.21954 20.8492 35.1283 19.4165 8.06226       5 32.0156 34.1321  27.313 23.8799 22.8473 22.8473 31.8277  35.171  27.074 13.3821  6.7082   17.72 24.0416 35.0179 29.4109 13.3417 23.8537 24.0832 20.1246 26.6833 13.0384 17.2047 22.8035 38.4253 42.3792  27.313 14.2127  6.7082 10.2956 7.07107 11.4018 23.8537       6 19.4165 10.6301 25.2982 30.4138  33.121   40.05 15.0083 23.1948 10.6301 17.8045
16.0702 14.5344 25.5783 51.0898 7.10634 45.5439 47.9088 18.7949       0 56.8177 26.6317  53.956 12.0104 11.5434 10.3078 31.5634 22.5887  55.563 15.9452 10.5475  50.232 10.6888 30.3898 51.8483 5.59017 15.5322 14.3962 49.1554 51.9062 41.5482 27.9732 41.5963 41.5963 41.5843    50.5 44.0596 19.1659 24.6018 22.9401 39.5506 44.5982 36.7049 14.0801 11.5434  35.203    34.5 45.0694 22.1416  35.934 5.22015 50.3314 56.7208 16.9189    27.5 19.7294 25.8118 22.2767 28.1469 31.4841 24.2332 8.90225 29.2617 18.5809 13.7568 46.0353 57.5608 18.0278 39.9531 18.1177 30.5655
58.8558 53.4883 32.0156 11.8119 62.0746 11.7047 14.2127 40.1123 56.8177       0 37.6431 14.3178 59.7746  60.208 48.0521  25.318 34.9285 9.48683 46.3897 51.0882 16.4012 46.1736  30.098       5 59.0085 41.3038 43.0116 8.24621 8.48528      17 37.4733 22.4722 22.4722 25.4951 8.48528 13.0384  39.152 38.0789 37.6962 17.4642 25.5196 31.1448 44.1475 55.6597 25.5539 22.8035 16.6433 49.0408 29.0689 59.0339 19.0394      11 55.5428 29.6142 37.1214 31.0644 42.2019      29 31.9061 34.1321 52.6308 33.5261 64.9384 63.8905 17.0294       5 41.2826      17 49.0306 27.2029
22.0227 33.1059 19.6469 37.1769 33.6341 29.1548 25.0799 8.94427 26.6317 37.6431       0 30.0666  35.805 24.7386 23.7065 18.6011  19.105 33.0606 11.1803      17 26.0768 18.0278 25.9131 32.8938 25.9422 16.7631 13.8924 29.4109 30.4138 28.3196 30.7612 17.0294 17.0294 35.5106 34.4819 25.0799 21.2763 2.23607   25.02 24.2074 38.5519 34.5398 22.1359 32.7567 27.7849 22.0227 22.0907 11.4018  10.198 31.1127 40.3051   42.19 36.2491 18.3848 14.0357 13.9284 5.09902 13.0384 29.4109 8.24621 28.3019 4.12311      28 39.0512 34.6554 36.4966 23.2648 21.9545 12.0416 21.4709
52.0865 54.4059 32.6497 23.4034   60.21   17.72 6.40312 35.4401  53.956 14.3178 30.0666       0 59.6825 54.5894 47.0106 25.4951      35       5 40.6079 46.0977       4 43.4626 33.6555 13.0384 54.8179 39.3573 39.5601 11.1803       7 22.8473 41.6203 13.0384 13.0384 33.8378      19 13.8924 39.3634  31.257 39.6232 20.2485 35.0464 38.0132  43.566 55.7584 30.5287 24.8395 8.94427 41.0122      20 57.2713 30.5369 24.7386 57.0088 29.8329 34.8855 29.1548 35.1283 26.4197 36.6197 29.7321 51.9711 26.1725 58.0345 63.6318 26.4764      10 41.8001 17.0294  42.107      29
28.0179 7.07107 27.8568 51.9588 7.63217 48.0833 53.3385 27.0185 12.0104 59.7746  35.805 59.6825       0 23.1948 12.8062 34.9285 25.0799 60.3738 26.4008 21.8403 56.3028 17.8045 30.3659 55.0273 17.1172 20.6155 22.0227 52.9245 56.3649 43.1741  25.045 48.4149 48.4149 40.0125 52.3927  47.927 20.7239 33.6006 22.3607 42.3792 42.6058 34.1321 16.1245 4.12311 35.3553      37  50.774 33.5261 43.8406 7.07107 49.5025 57.4282  7.2111 30.4631      25 30.5287  32.249 33.2866 30.0167 31.1448 7.81025 37.5366 29.8329 4.12311 46.2709 61.4654    18.5 43.8634 29.4109  32.573
5.38516      26 31.7805 56.5378 16.5303 49.8197  49.163 20.0998 11.5434  60.208 24.7386 54.5894 23.1948       0 19.8494 36.1386 29.0689 57.1402 14.0357 9.21954  50.636 16.6433 37.7345 55.2268 6.08276 21.4709 18.0278 52.0865 54.0093 46.8402 37.2055 41.5933 41.5933 49.2443  55.109 47.1699  26.905 23.3452 31.4006 43.9318 52.4047 45.2217 22.6716 23.0868 42.0476 39.5601 46.1736 15.8114 34.9285 16.1245 57.1183 62.0967 28.4605 32.8938 24.3516 29.8329 19.6469 31.4006 39.6611 26.0768 20.1246 28.4429  7.2111 24.0208 52.2015      60 26.6317 43.2897      13 36.4005
22.8254 9.48683 16.1245 41.4019 14.0801 36.4966 40.7063 14.7648 10.3078 48.0521 23.7065 47.0106 12.8062 19.8494       0 22.8035 13.1529  47.927 16.0312 13.6015  43.566 6.08276 20.2704 43.1741      15 7.81025 9.84886 40.8044 44.0114 32.0624 17.7553  35.609  35.609 31.3209 41.1947 35.7351 9.20217 21.4709 12.6491 30.5941 34.3111 26.4008       4 9.21954 25.1794  25.318 38.0789      24 31.1448 11.0454 40.2057 47.0106 12.6491 18.4391 12.2066 17.8885 20.8806 20.5913 21.1896 18.3848       5      25 27.0185 16.6433 36.1248 49.3356 7.76209 31.6228  20.025  21.095
35.8469 29.1548  7.2111 20.4284  36.773      14  19.105 16.5529 31.5634  25.318 18.6011 25.4951 34.9285 36.1386 22.8035       0 9.84886 25.5539 23.2594 26.9258 22.6716      21 9.51262 20.3961 34.1321 16.0312 18.2483 18.0278 21.4709 10.7703 17.0074  17.088  17.088      17  19.105      13 14.2225 17.6918 14.1421       8 19.9812 17.1172 18.9737 30.8707 9.48683 3.60555 17.0294 28.4253 17.0294 33.7343  22.102 25.9615 31.6228 4.47214 12.0416 6.32456 21.2603 5.65685 13.1529 11.4018 27.5136 15.6525 41.7852      39 16.6433 26.5707 16.5605 8.94427 26.9258 4.12311
     30 19.4165       3 28.5012 27.2259 23.3452 28.6007   12.53 22.5887 34.9285  19.105      35 25.0799 29.0689 13.1529 9.84886       0 35.3553 18.4391 20.2485 31.8904 12.6491 8.78009 30.0832 25.9615 7.61577 11.4018 27.8568  31.305      19 11.6726      25      25 20.2485 28.0713 22.8473  4.3909 17.2627 6.08276 17.4642 23.4361 17.0294 9.21954 21.0238      13 12.1655 26.2488 25.5539 22.4722 24.1868 28.1514 34.1321 22.0227 5.38516 5.83095  6.7082 19.3132 9.43398 11.4018      11   17.72 18.1108 35.5106 29.1548 23.5372 36.4005 6.80074 18.7883 22.8035       8
55.0091 54.7083 32.7567 19.5735 61.5163 15.2643       8 37.4833  55.563 9.48683 33.0606       5 60.3738 57.1402  47.927 25.5539 35.3553       0 43.1045 48.3735 8.06226 44.9222 32.7611 9.21954 56.8859 40.4969 41.2311 8.60233 4.24264 20.8087 40.6602 16.2788 16.2788  31.305 15.2971 12.8062 39.7452      34 39.4081  19.105 32.1286 36.0555 44.2832  56.356 29.0689 24.2074      11 44.2832 23.3452 58.5235 26.8794 20.2237 57.1402 30.0167 36.0555 30.0832 38.0132 27.5136 35.3836 31.5753 52.8015 29.0172 61.0328  64.405 23.4094       5   42.11 16.6433 45.0111 28.6007
12.6491  25.318 20.5183 43.6018 23.0489 36.4005 35.1283  6.7082 15.9452 46.3897 11.1803 40.6079 26.4008 14.0357 16.0312 23.2594 18.4391 43.1045       0 5.83095 36.6742      10  27.083 41.4367 14.7648  12.083 7.61577 38.2099      40 34.0147 29.0904 27.6586 27.6586 38.2884 41.7612 33.3766 18.1571 9.48683 22.8254 30.6757  41.488 35.4683 16.2788 24.0416 30.6105 26.8328 32.1403 8.06226 21.1896 20.8087 45.1054 49.0408 28.4429 20.8087 12.7279      17 6.40312 18.0278 29.8329 12.3693 19.6469 14.5602 18.6815 29.1548 39.8246 46.0109 19.1377 29.6142 4.47214 24.4131
9.89949 22.0227 22.8254 47.3362 17.6139 40.6079 40.4475      11 10.5475 51.0882      17 46.0977 21.8403 9.21954 13.6015 26.9258 20.2485 48.3735 5.83095       0 42.2019 8.60233 29.0119 46.0977 8.94427 12.8062 8.94427 43.0116 45.0999 37.6431 29.4491 33.2415 33.2415 40.4969 45.8912 38.0526 18.6676 15.2315 23.3452 34.7131 43.6835 36.8782 15.2643 20.0998  33.121 30.3645 37.4833 11.7047 26.9258 15.6525 48.0885 52.8867      25 23.7697 15.2315 20.6155 12.2066 22.2036  31.241      17      16 20.2485 15.2643 24.1661 43.0813 51.0392 18.9011 34.1321 7.61577  27.313
48.0937  51.225 29.6985 23.8101 56.5796 17.0294 4.12311 31.6228  50.232 16.4012 26.0768       4 56.3028  50.636  43.566 22.6716 31.8904 8.06226 36.6742 42.2019       0 39.8121  31.316 13.9284 50.9608 35.8469 35.8469 11.1803 8.06226  21.587  39.246 9.05539 9.05539 32.7567 19.4165 12.3693 36.2088 27.2947 36.7967 18.3848 34.2965 36.4005 40.2244 52.4309 28.6356 22.4722 5.65685 37.0135      16 53.6656 30.6023      26 53.9073 26.8701 31.3847  25.807 31.1448 23.0217 34.4819      26 48.5489 22.2036  54.037  60.208 26.0192 12.8062 38.6685 14.7648 38.1182 26.4008
18.4391 15.5242 15.5242 40.9038 16.7705      35 37.3363 9.21954 10.6888 46.1736 18.0278 43.4626 17.8045 16.6433 6.08276      21 12.6491 44.9222      10 8.60233 39.8121       0  21.154 41.1947 13.3417 5.09902 4.24264 38.4708 41.2311  31.257 20.8866 31.3847 31.3847 32.6497   40.05 33.3766 10.2801 15.8114 14.8661      29 35.7946 28.6007  6.7082 14.7648  25.632 24.0832 34.5398 18.0278 26.2488 13.8924 40.7983 46.5296 18.6815 17.1172 9.05539 15.1327 14.8661 17.4642 23.0217 13.8924 10.2956  19.799 23.4307 21.2132 36.1386 46.8722 10.3078 29.2746 14.1421 20.3961
  38.78 23.6958 6.64003 21.5956 34.0476 18.5065 27.4461 20.8492 30.3898  30.098 25.9131 33.6555 30.3659 37.7345 20.2704 9.51262 8.78009 32.7611  27.083 29.0119  31.316  21.154       0 25.7078 34.2825 16.2754 20.1814 24.3945 28.5217 13.1183 7.96492 26.5347 26.5347 11.5104 22.2326 20.0122 11.2361 24.4395 8.03057 13.6561 14.6813 8.67698 16.3368 26.2619 5.00899 8.84816 25.8126 33.8421  26.319 31.0852 19.9472 27.0978 25.5282 7.56902 14.3558 11.9871 27.1825 13.4495     3.7 17.7395 24.0019 23.8304 44.2661 34.4745 16.0028 32.6173 12.5674   16.64  31.367 5.39351
53.9351 48.8467 27.2029 10.4173 57.1686  7.2111 10.8167 35.1283 51.8483       5 32.8938 13.0384 55.0273 55.2268 43.1741 20.3961 30.0832 9.21954 41.4367 46.0977 13.9284 41.1947 25.7078       0 54.0093 36.3456 38.0132 3.60555 6.08276 12.8062 33.3054 18.4391 18.4391 22.4722 6.08276 8.06226 34.3494 33.2415 33.1059 12.6491 23.0489 27.6586 39.2938 50.9215 21.4009 18.0278 12.7279 44.2719 24.6982 54.1295 17.6777  12.083 50.9902 24.7386 32.1403 26.0768 37.3631      24 27.8029 29.1548 47.8017 28.7924 60.0167 59.1354 14.3178 7.07107 36.5274      12 44.1475 22.4722
11.0454 20.1246 28.8617  54.221 10.6888 48.0937 49.0306 19.4165 5.59017 59.0085 25.9422 54.8179 17.1172 6.08276      15 34.1321 25.9615 56.8859 14.7648 8.94427 50.9608 13.3417 34.2825 54.0093       0 18.4391      16 51.0882 53.4603 44.5533   32.73 42.0595 42.0595 45.6946 53.2353 46.0435 23.1102 24.1661 27.2947  42.107 48.7878 41.1825 18.3576  17.088 38.8973 37.3363 46.0977 19.2094 35.8469 10.0499 54.0786 59.8415 22.4722 30.4138 22.0907 28.0179  21.095 30.0167 35.7771  25.318 14.4222 29.1548      13 18.1108 49.4773 59.3043 22.3886 42.0119 15.5563 33.7343
22.6716 16.6433 10.4403 35.8095 21.0297 30.0167 33.1059 8.06226 15.5322 41.3038 16.7631 39.3573 20.6155 21.4709 7.81025 16.0312 7.61577 40.4969  12.083 12.8062 35.8469 5.09902 16.2754 36.3456 18.4391       0 4.47214 33.7343 36.6879 26.1725  17.066 27.8029 27.8029 27.7849 35.0143 28.6356 6.10574 14.5602 10.8167 24.0208 30.9556 24.0832 5.38516 16.9706 20.6155 19.0263 30.4138 19.9249 23.4307 18.0278 35.7561 41.4367 19.7231 12.0416 4.47214 10.4403      15      13 18.4391 10.6301 12.8062 17.4929 28.0179 24.4131 31.0483 42.2019 7.15891 24.5153 16.5529 15.2971
18.6011 19.3132 13.8924 38.5632 20.8387 32.1403 33.5261       5 14.3962 43.0116 13.8924 39.5601 22.0227 18.0278 9.84886 18.2483 11.4018 41.2311 7.61577 8.94427 35.8469 4.24264 20.1814 38.0132      16 4.47214       0 35.1283 37.6563 28.8617 21.5232 27.2947 27.2947 31.6228 37.3363 30.0666 10.5679 11.6619 15.2643 26.1725 34.8174 28.2843       9  18.868 24.1868  21.587 30.6757 15.5242 22.0227 18.0278 39.1472 44.1475 22.4722 14.8661 6.32456 12.0416 11.1803 14.0357 22.6274 9.84886 14.4222 15.5563 24.1868 25.4558  34.176 43.4166 11.5434 26.0192  12.083 18.3848
 50.636 46.9574 25.0799 12.6301 54.6923  6.7082 7.61577 32.0156 49.1554 8.24621 29.4109 11.1803 52.9245 52.0865 40.8044 18.0278 27.8568 8.60233 38.2099 43.0116 11.1803 38.4708 24.3945 3.60555 51.0882 33.7343 35.1283       0 4.47214 12.2066 32.2219 14.8661 14.8661 22.8473 8.24621 5.09902 32.2006 29.8329 31.3847 10.8167 23.9008 27.4591      37 48.8467 20.5183 16.1245 9.21954 40.8044  21.095 51.6624 19.5064 15.2643 49.2443 22.4722 29.4279 23.3452 33.9559  21.095 26.8701 26.0192 45.5412 25.2982 56.7186 57.0088 15.2971   8.544  34.471 9.21954 40.7922 20.5913
52.1536 50.6063 28.6531 16.4049  57.717 11.1803 5.83095 34.1321 51.9062 8.48528 30.4138       7 56.3649 54.0093 44.0114 21.4709  31.305 4.24264      40 45.0999 8.06226 41.2311 28.5217 6.08276 53.4603 36.6879 37.6563 4.47214       0 16.6433 36.4177 14.3178 14.3178  27.313      12 8.60233 35.6887 31.1448 35.2278 14.8661 28.3064 31.9061 40.3113 52.3259 24.8395      20   8.544 41.7732 21.1896 54.7083 23.5478 18.0278      53 25.9422   32.28 26.2488 35.2278 23.7697 31.1448 28.1603 48.8467 26.3059 58.2151 60.4152 19.6469 6.08276 38.0296   12.53   42.19 24.4131
46.6154 36.6879      16 9.70155  46.133 5.65685 17.4642  27.313 41.5482      17 28.3196 22.8473 43.1741 46.8402 32.0624 10.7703      19 20.8087 34.0147 37.6431  21.587  31.257 13.1183 12.8062 44.5533 26.1725 28.8617 12.2066 16.6433       0 20.5244 20.3961 20.3961 11.1803 9.21954 9.21954 22.9059 27.8029 20.8806 4.47214 13.0096 15.2643 28.0713 39.0512 8.60233 7.28011 17.0294  38.833 23.7065 43.1045 12.1037 15.2971 38.6264 14.1421  22.561  17.088 31.6228 16.1245      15 21.9545 36.3456 24.7588 52.5547 47.2969 6.40312 19.8494 24.8244 8.24621 37.5899      11
39.3224 18.0069 11.5434 27.9244 30.0832 26.1008 35.4013 23.8799 27.9732 37.4733 30.7612 41.6203  25.045 37.2055 17.7553 17.0074 11.6726 40.6602 29.0904 29.4491  39.246 20.8866 7.96492 33.3054   32.73  17.066 21.5232 32.2219 36.4177 20.5244       0 34.0771 34.0771 15.0083 29.2959 27.9508 10.9604 28.9353 6.26498 21.5697 17.5642 9.12414 14.5344 21.1483 11.9269 16.8003 33.7083 36.7049 33.0492 27.3542 24.5815 33.1097 19.1638 13.8293 17.2409 17.5285 30.8423 19.7294 5.59017 22.5887 20.0811    29.5 44.2069 29.0043 21.9829  40.302 10.6066 24.6018 33.5596 12.9711
39.0512 43.8406 23.3238 26.1021 48.1274 17.8885   8.544 22.8473 41.5963 22.4722 17.0294 13.0384 48.4149 41.5933  35.609  17.088      25 16.2788 27.6586 33.2415 9.05539 31.3847 26.5347 18.4391 42.0595 27.8029 27.2947 14.8661 14.3178 20.3961 34.0771       0       0 31.0644 22.2036   12.53 29.0909 18.2483 30.5287 16.1245 33.3054 33.2415 32.5576 44.6878 25.1794 18.2483 5.83095 28.0713 7.07107 45.2769 31.6623 29.8329 46.6905 20.5913 23.4307 18.4391 22.0907 15.6205 30.0832 17.4929 40.6079 13.1529 45.0111 52.2015 26.2488 20.2485 31.5634 12.1655 29.0689 21.1896
39.0512 43.8406 23.3238 26.1021 48.1274 17.8885   8.544 22.8473 41.5963 22.4722 17.0294 13.0384 48.4149 41.5933  35.609  17.088      25 16.2788 27.6586 33.2415 9.05539 31.3847 26.5347 18.4391 42.0595 27.8029 27.2947 14.8661 14.3178 20.3961 34.0771       0       0 31.0644 22.2036   12.53 29.0909 18.2483 30.5287 16.1245 33.3054 33.2415 32.5576 44.6878 25.1794 18.2483 5.83095 28.0713 7.07107 45.2769 31.6623 29.8329 46.6905 20.5913 23.4307 18.4391 22.0907 15.6205 30.0832 17.4929 40.6079 13.1529 45.0111 52.2015 26.2488 20.2485 31.5634 12.1655 29.0689 21.1896
50.2195      33 17.8045 14.2801 44.6346 16.1555 28.6356 31.8277 41.5843 25.4951 35.5106 33.8378 40.0125 49.2443 31.3209      17 20.2485  31.305 38.2884 40.4969 32.7567 32.6497 11.5104 22.4722 45.6946 27.7849 31.6228 22.8473  27.313 11.1803 15.0083 31.0644 31.0644       0 17.0294 20.3961  22.585 34.4093 18.6815      15 3.20156 6.32456 27.5136 36.0555 7.81025 13.9284 28.1603 44.5982 33.2415 41.7732 9.61769 18.7883 34.1321 17.6918 25.6125 22.0227 37.6431 22.4722  10.198 27.8029 34.5254 32.6497 55.7584      44 8.48528 29.4109 23.5637      19   42.45 14.2127
54.4059 45.8803 25.0799 4.41814 55.2743 5.38516 15.8114  35.171    50.5 8.48528 34.4819      19 52.3927  55.109 41.1947  19.105 28.0713 15.2971 41.7612 45.8912 19.4165   40.05 22.2326 6.08276 53.2353 35.0143 37.3363 8.24621      12 9.21954 29.2959 22.2036 22.2036 17.0294       0 9.89949 32.0762 34.4384 30.0832 11.1803 17.2409 22.6716 37.2156 48.2701 17.4642      16      17  45.618 27.5862 52.2398 11.5974 7.81025 47.7598      23 31.1448  25.318 38.4838 23.7697 23.7065 29.4109 45.5412 30.5287 60.4401 56.5155 8.60233   12.53 34.0331   12.53 44.9444 20.0998
45.8912 42.0595 20.1246 13.5912 49.6009 5.38516 8.24621  27.074 44.0596 13.0384 25.0799 13.8924  47.927 47.1699 35.7351      13 22.8473 12.8062 33.3766 38.0526 12.3693 33.3766 20.0122 8.06226 46.0435 28.6356 30.0666 5.09902 8.60233 9.21954 27.9508   12.53   12.53 20.3961 9.89949       0 27.2118 25.2982 26.6271 6.40312 22.0511 24.1661 31.9531 43.8634 16.6433 11.4018 8.06226 36.4005 17.6918 46.5725 19.3003 17.6918 44.4185 17.4642 24.3311 18.2483 29.4109 16.0312 22.8035  21.095 40.4969 21.0238 51.9711      52 14.1421 13.6015 29.5169 4.12311 36.1386 15.8114
28.5671 15.0426 7.14703 32.2006 23.2364 27.5078 32.9679 13.3821 19.1659  39.152 21.2763 39.3634 20.7239  26.905 9.20217 14.2225  4.3909 39.7452 18.1571 18.6676 36.2088 10.2801 11.2361 34.3494 23.1102 6.10574 10.5679 32.2006 35.6887 22.9059 10.9604 29.0909 29.0909  22.585 32.0762 27.2118       0 19.2167 4.72017 21.7044 25.6813 18.3216 5.20384 16.6517 16.0462 16.3487 30.5791 25.8898 26.0284 20.2158  31.167 37.8085 17.7054  9.7509 7.24431 10.6527 20.4519 13.4715 12.7624 13.7361 13.4937 21.0162 33.7028 24.8129 26.9459 40.7416 2.47588 23.1664 22.6292 12.0033
21.0238 30.8707 18.0278 36.9096 31.5634 29.0689      26  6.7082 24.6018 38.0789 2.23607  31.257 33.6006 23.3452 21.4709 17.6918 17.2627      34 9.48683 15.2315 27.2947 15.8114 24.4395 33.2415 24.1661 14.5602 11.6619 29.8329 31.1448 27.8029 28.9353 18.2483 18.2483 34.4093 34.4384 25.2982 19.2167       0 23.0868 23.8537    37.5 33.1059 19.9249 30.5287 26.6271 21.2132      23 11.1803 11.7047      29 39.6548 42.0595 34.0147      17      12   12.53 4.12311 12.0416 27.8568  6.7082 26.0768 5.09902  27.074 36.8782 34.0588 37.2156 21.1483 21.9317 11.0454 20.2485
33.2415 15.8114  7.2111 29.6196 26.1199      26 33.2415   17.72 22.9401 37.6962   25.02 39.6232 22.3607 31.4006 12.6491 14.1421 6.08276 39.4081 22.8254 23.3452 36.7967 14.8661 8.03057 33.1059 27.2947 10.8167 15.2643 31.3847 35.2278 20.8806 6.26498 30.5287 30.5287 18.6815 30.0832 26.6271 4.72017 23.0868       0 20.5913 21.6622 13.8924 8.94427 18.2483 13.0384 15.2643 31.1448 30.4631 28.4605 23.1948 27.7218 35.1283 17.8885      10 11.1803 12.6491 24.7386 15.2315   8.544 17.0294 16.0312 24.1868 38.2884 26.4764 24.0208 39.8246 4.92443 22.8035 27.2947 10.8167
43.3244 36.2491 14.5602 13.0736 44.6346       6 14.3178 24.0416 39.5506 17.4642 24.2074 20.2485 42.3792 43.9318 30.5941       8 17.4642  19.105 30.6757 34.7131 18.3848      29 13.6561 12.6491  42.107 24.0208 26.1725 10.8167 14.8661 4.47214 21.5697 16.1245 16.1245      15 11.1803 6.40312 21.7044 23.8537 20.5913       0 17.1828 18.0278 26.6833 38.2753 10.2956 5.38516 13.3417 34.9857 19.2354 41.5933 16.5076 18.3848 38.4708 12.1655  20.025 14.1421 27.7849 12.6491 16.4012 18.3848  35.171 20.5183 49.3356 46.4866 10.8167 19.2354 23.8799       4 34.0147 9.84886
53.4158 35.5563  21.006 13.8409 47.4605 17.3566 30.2035 35.0179 44.5982 25.5196 38.5519 35.0464 42.6058 52.4047 34.3111 19.9812 23.4361 32.1286  41.488 43.6835 34.2965 35.7946 14.6813 23.0489 48.7878 30.9556 34.8174 23.9008 28.3064 13.0096 17.5642 33.3054 33.3054 3.20156 17.2409 22.0511 25.6813    37.5 21.6622 17.1828       0     8.5 30.5491 38.7072 10.9659 16.7705 30.0042 47.7624 35.8922 44.6346 7.82624 17.6139 36.5137 20.8626 28.8141 25.1645  40.783 25.5196 13.1244 30.9233 37.3664 35.5985 58.9428  46.543 8.73212   29.77 26.5707 21.1483 45.6426 17.3566
46.7547  27.074 15.2643 20.3745 39.1695 20.8087  32.311 29.4109 36.7049 31.1448 34.5398 38.0132 34.1321 45.2217 26.4008 17.1172 17.0294 36.0555 35.4683 36.8782 36.4005 28.6007 8.67698 27.6586 41.1825 24.0832 28.2843 27.4591 31.9061 15.2643 9.12414 33.2415 33.2415 6.32456 22.6716 24.1661 18.3216 33.1059 13.8924 18.0278     8.5       0 22.8254 30.2655 8.06226 15.0333 31.3209 42.4382 34.1321 36.4005 15.8902 25.0799 28.0179 16.1555 22.8035 20.6155 35.8469 21.8403 5.65685 26.4008 29.1204   32.28 52.0096 38.0526 14.4222 34.7131 18.7949 21.8403 39.8246 13.3417
     25 11.4018 12.1655 37.4021 18.0624 32.5576 37.2156 13.3417 14.0801 44.1475 22.1359  43.566 16.1245 22.6716       4 18.9737 9.21954 44.2832 16.2788 15.2643 40.2244  6.7082 16.3368 39.2938 18.3576 5.38516       9      37 40.3113 28.0713 14.5344 32.5576 32.5576 27.5136 37.2156 31.9531 5.20384 19.9249 8.94427 26.6833 30.5491 22.8254       0 12.2066 21.2132 21.3776 34.6699 24.3311 28.6007 15.0333 36.2836 43.0116 14.4222 14.5602 9.21954 14.4222 20.0998 17.2047 17.4642 15.8114   8.544 22.8254 29.6985 20.1246 32.1403 45.5412 4.03113 27.8568 20.6155 17.1172
27.4591 3.60555 23.7697 47.8573 9.70824 43.9659 49.3964 23.8537 11.5434 55.6597 32.7567 55.7584 4.12311 23.0868 9.21954 30.8707 21.0238  56.356 24.0416 20.0998 52.4309 14.7648 26.2619 50.9215  17.088 16.9706  18.868 48.8467 52.3259 39.0512 21.1483 44.6878 44.6878 36.0555 48.2701 43.8634 16.6517 30.5287 18.2483 38.2753 38.7072 30.2655 12.2066       0  31.257 32.8938 46.8722 31.5753 40.3609 7.81025 45.5027 53.3385 5.38516 26.4008 21.2603 26.6271 29.5466 29.4109      26 27.5862 4.47214 34.2053 30.0832 8.24621   42.19 57.3847 14.3962 39.8121 27.4591 28.4605
  42.72 28.6356 10.2956 16.6048 39.0288 14.2127 24.5967 24.0832  35.203 25.5539 27.7849 30.5287 35.3553 42.0476 25.1794 9.48683      13 29.0689 30.6105  33.121 28.6356  25.632 5.00899 21.4009 38.8973 20.6155 24.1868 20.5183 24.8395 8.60233 11.9269 25.1794 25.1794 7.81025 17.4642 16.6433 16.0462 26.6271 13.0384 10.2956 10.9659 8.06226 21.2132  31.257       0       7 23.4094 36.7967 26.3059 36.0555 15.1822 22.0907 30.3645 9.89949 18.0278 14.2127 29.8329 14.7648 6.40312      20      29 25.0799 48.3735 39.4588      11 28.4253 17.5285 13.9284 34.7131 6.40312
39.3954 30.8707 9.21954   16.98 39.3859 11.1803 18.6011 20.1246    34.5 22.8035 22.0227 24.8395      37 39.5601  25.318 3.60555 12.1655 24.2074 26.8328 30.3645 22.4722 24.0832 8.84816 18.0278 37.3363 19.0263  21.587 16.1245      20 7.28011 16.8003 18.2483 18.2483 13.9284      16 11.4018 16.3487 21.2132 15.2643 5.38516 16.7705 15.0333 21.3776 32.8938       7       0      17 32.0156 19.4165 36.3456 18.5068  22.561  33.121       7 15.2971 9.84886 24.8395 9.21954  12.083      15 29.8329  18.868   45.31 41.1096 13.0384 24.5967    18.5 7.81025 30.5287 4.47214
44.0114  45.607 24.0416 21.1405 51.2762 13.3417       3 26.6833 45.0694 16.6433 22.0907 8.94427  50.774 46.1736 38.0789 17.0294 26.2488      11 32.1403 37.4833 5.65685 34.5398 25.8126 12.7279 46.0977 30.4138 30.6757 9.21954   8.544 17.0294 33.7083 5.83095 5.83095 28.1603      17 8.06226 30.5791      23 31.1448 13.3417 30.0042 31.3209 34.6699 46.8722 23.4094      17       0 33.3766 12.6491 48.3322 27.2855 24.4131 48.2701 21.2132 25.9422 20.2485 27.0185 17.4929 29.0689 20.8806 43.0465 18.0278   50.04 54.7083 22.2036 14.5602 33.0341 9.48683 34.0147 20.8087
11.7047 33.1361 27.2029 48.0554 29.0904 40.2492 36.3456 13.0384 22.1416 49.0408 11.4018 41.0122 33.5261 15.8114      24 28.4253 25.5539 44.2832 8.06226 11.7047 37.0135 18.0278 33.8421 44.2719 19.2094 19.9249 15.5242 40.8044 41.7732  38.833 36.7049 28.0713 28.0713 44.5982  45.618 36.4005 25.8898 11.1803 30.4631 34.9857 47.7624 42.4382 24.3311 31.5753 36.7967 32.0156 33.3766       0 21.0238  27.313 50.5223 53.2353 36.2215 26.9072 19.7231 22.6274  7.2111 22.8035 36.8917 17.0294 27.2947 15.5242 17.2627 35.8469      45 47.8539 27.0601 33.1059 4.12311 30.4138
32.1403      40  21.587 31.0438 42.7229 22.6716 15.5242 17.2047  35.934 29.0689  10.198      20 43.8406 34.9285 31.1448 17.0294 22.4722 23.3452 21.1896 26.9258      16 26.2488  26.319 24.6982 35.8469 23.4307 22.0227  21.095 21.1896 23.7065 33.0492 7.07107 7.07107 33.2415 27.5862 17.6918 26.0284 11.7047 28.4605 19.2354 35.8922 34.1321 28.6007 40.3609 26.3059 19.4165 12.6491 21.0238       0      40 35.6721 35.3836 43.0116 19.2354 19.4165 15.8114 15.2971 13.3417 30.0167 12.8062 36.0694  6.7082 38.0526 47.4236 30.0167 27.2029 28.4121 15.8114 22.2036      21
     21 11.3137 27.1662 52.4034 3.04138 47.5184 51.0784 22.8035 5.22015 59.0339 31.1127 57.2713 7.07107 16.1245 11.0454 33.7343 24.1868 58.5235 20.8087 15.6525 53.6656 13.8924 31.0852 54.1295 10.0499 18.0278 18.0278 51.6624 54.7083 43.1045 27.3542 45.2769 45.2769 41.7732 52.2398 46.5725 20.2158      29 23.1948 41.5933 44.6346 36.4005 15.0333 7.81025 36.0555 36.3456 48.3322  27.313      40       0 50.9166      58 13.0384 29.4279 22.4722 28.4605 27.0185 31.0161 31.5753 27.7849 7.28011 33.4215 22.8035   8.544 47.0425 60.1664  18.527   42.45 23.2594 32.1403
57.5022 42.5265 25.3476 7.34983 53.8354 13.9463 26.7301 38.4253 50.3314 19.0394 40.3051 30.5369 49.5025 57.1183 40.2057  22.102 28.1514 26.8794 45.1054 48.0885 30.6023 40.7983 19.9472 17.6777 54.0786 35.7561 39.1472 19.5064 23.5478 12.1037 24.5815 31.6623 31.6623 9.61769 11.5974 19.3003  31.167 39.6548 27.7218 16.5076 7.82624 15.8902 36.2836 45.5027 15.1822 18.5068 27.2855 50.5223 35.6721 50.9166       0 9.92472 43.7321 24.3824  32.871 28.1514 43.3417 27.7218 19.5064 33.5037 43.7321 36.8307 63.2811  53.521 5.70088 23.7171 32.4692 19.9123 48.9541 20.7966
61.6847  50.636 31.1448 5.63205  61.002 13.0384 22.8254 42.3792 56.7208      11   42.19 24.7386 57.4282 62.0967 47.0106 25.9615 34.1321 20.2237 49.0408 52.8867      26 46.5296 27.0978  12.083 59.8415 41.4367 44.1475 15.2643 18.0278 15.2971 33.1097 29.8329 29.8329 18.7883 7.81025 17.6918 37.8085 42.0595 35.1283 18.3848 17.6139 25.0799 43.0116 53.3385 22.0907  22.561 24.4131 53.2353 35.3836      58 9.92472       0 52.1728 29.4279  37.855   32.28 46.0652 31.0161 27.6586 36.7696 51.0392 38.2753 67.6757 61.5224 11.1803      16 39.5127 20.2485 52.3927 26.1725
32.7567 3.16228 24.4131 46.8585    14.5 43.8634 50.6063  27.313 16.9189 55.5428 36.2491 57.0088  7.2111 28.4605 12.6491 31.6228 22.0227 57.1402 28.4429      25 53.9073 18.6815 25.5282 50.9902 22.4722 19.7231 22.4722 49.2443      53 38.6264 19.1638 46.6905 46.6905 34.1321 47.7598 44.4185 17.7054 34.0147 17.8885 38.4708 36.5137 28.0179 14.4222 5.38516 30.3645  33.121 48.2701 36.2215 43.0116 13.0384 43.7321 52.1728       0 27.2029 23.6008 28.2843 33.5261 31.1127 24.5153 30.2324       9 37.2156 35.4683 10.4403      41 57.7062 15.2398 40.4969 32.1403 28.6531
 33.121 24.6982 2.82843 23.8101 32.4692 18.1108 23.4307 14.2127    27.5 29.6142 18.3848 29.8329 30.4631 32.8938 18.4391 4.47214 5.38516 30.0167 20.8087 23.7697 26.8701 17.1172 7.56902 24.7386 30.4138 12.0416 14.8661 22.4722 25.9422 14.1421 13.8293 20.5913 20.5913 17.6918      23 17.4642  9.7509      17      10 12.1655 20.8626 16.1555 14.5602 26.4008 9.89949       7 21.2132 26.9072 19.2354 29.4279 24.3824 29.4279 27.2029       0   8.544 4.47214      20       6 11.1803 10.2956 23.0868 16.2788 38.9102 34.5398 19.3132 31.0161 12.0934 13.4164 24.8395 3.60555
24.6982 20.6155 7.81025 32.2602 25.4608 26.0192 28.6356  6.7082 19.7294 37.1214 14.0357 34.8855      25 24.3516 12.2066 12.0416 5.83095 36.0555 12.7279 15.2315 31.3847 9.05539 14.3558 32.1403 22.0907 4.47214 6.32456 29.4279   32.28  22.561 17.2409 23.4307 23.4307 25.6125 31.1448 24.3311 7.24431      12 11.1803  20.025 28.8141 22.8035 9.21954 21.2603 18.0278 15.2971 25.9422 19.7231 19.4165 22.4722  32.871  37.855 23.6008   8.544       0 6.08276 13.6015   8.544 17.2047  6.7082 17.2047 13.9284 30.4138 28.8444 27.8568  37.855 9.34077 20.2237 17.0294  12.083
29.5466 25.4951       6 26.7529 31.4682 20.0998 22.8254 10.2956 25.8118 31.0644 13.9284 29.1548 30.5287 29.8329 17.8885 6.32456  6.7082 30.0832      17 20.6155  25.807 15.1327 11.9871 26.0768 28.0179 10.4403 12.0416 23.3452 26.2488  17.088 17.5285 18.4391 18.4391 22.0227  25.318 18.2483 10.6527   12.53 12.6491 14.1421 25.1645 20.6155 14.4222 26.6271 14.2127 9.84886 20.2485 22.6274 15.8114 28.4605 28.1514   32.28 28.2843 4.47214 6.08276       0 15.6205 2.82843 15.5242 5.83095 22.8254 12.0416 35.4683 34.4819 22.8254 31.7805 13.1244 14.1421 20.8087 7.81025
     17 30.3645 20.5913 40.8573 29.3641 33.1059 30.0167 7.07107 22.2767 42.2019 5.09902 35.1283  32.249 19.6469 20.8806 21.2603 19.3132 38.0132 6.40312 12.2066 31.1448 14.8661 27.1825 37.3631  21.095      15 11.1803 33.9559 35.2278 31.6228 30.8423 22.0907 22.0907 37.6431 38.4838 29.4109 20.4519 4.12311 24.7386 27.7849  40.783 35.8469 20.0998 29.5466 29.8329 24.8395 27.0185  7.2111 15.2971 27.0185 43.3417 46.0652 33.5261      20 13.6015 15.6205       0 15.6205 30.4138 9.89949 25.0799       9 23.0217 35.2278 37.8021 41.3038 22.0511      26       7 23.4307
30.6757 28.3196 8.24621  25.607 34.0037 18.4391 20.1246 11.4018 28.1469      29 13.0384 26.4197 33.2866 31.4006 20.5913 5.65685 9.43398 27.5136 18.0278 22.2036 23.0217 17.4642 13.4495      24 30.0167      13 14.0357  21.095 23.7697 16.1245 19.7294 15.6205 15.6205 22.4722 23.7697 16.0312 13.4715 12.0416 15.2315 12.6491 25.5196 21.8403 17.2047 29.4109 14.7648 9.21954 17.4929 22.8035 13.3417 31.0161 27.7218 31.0161 31.1127       6   8.544 2.82843 15.6205       0 17.1172 5.83095 25.5539 10.4403 36.6879 37.2156 22.2036 29.4279 15.9452      12 21.4709   8.544
41.1096 23.0868 9.84886 22.3946  34.442 20.6155 30.5287 23.8537 31.4841 31.9061 29.4109 36.6197 30.0167 39.6611 21.1896 13.1529 11.4018 35.3836 29.8329  31.241 34.4819 23.0217     3.7 27.8029 35.7771 18.4391 22.6274 26.8701 31.1448      15 5.59017 30.0832 30.0832  10.198 23.7065 22.8035 12.7624 27.8568   8.544 16.4012 13.1244 5.65685 17.4642      26 6.40312  12.083 29.0689 36.8917 30.0167 31.5753 19.5064 27.6586 24.5153 11.1803 17.2047 15.5242 30.4138 17.1172       0 21.1896 24.3311 27.4591 46.4004 34.0588 16.4924 34.8281 13.4629 19.7231 34.2053 9.05539
     25 27.2029 11.4018 31.4025 30.6472 24.0416 23.7697       6 24.2332 34.1321 8.24621 29.7321 31.1448 26.0768 18.3848 11.4018      11 31.5753 12.3693      17      26 13.8924 17.7395 29.1548  25.318 10.6301 9.84886 26.0192 28.1603 21.9545 22.5887 17.4929 17.4929 27.8029 29.4109  21.095 13.7361  6.7082 17.0294 18.3848 30.9233 26.4008 15.8114 27.5862      20      15 20.8806 17.0294 12.8062 27.7849 33.5037 36.7696 30.2324 10.2956  6.7082 5.83095 9.89949 5.83095 21.1896       0 23.3452 7.28011 31.0483 34.8281 28.0179 34.0588 15.9765 17.2627 15.6525 13.6015
24.0416 6.08276 20.6155 45.4744 10.1119      41 45.6508 19.4165 8.90225 52.6308 28.3019 51.9711 7.81025 20.1246       5 27.5136   17.72 52.8015 19.6469      16 48.5489 10.2956 24.0019 47.8017 14.4222 12.8062 14.4222 45.5412 48.8467 36.3456 20.0811 40.6079 40.6079 34.5254 45.5412 40.4969 13.4937 26.0768 16.0312  35.171 37.3664 29.1204   8.544 4.47214      29 29.8329 43.0465 27.2947 36.0694 7.28011 43.7321 51.0392       9 23.0868 17.2047 22.8254 25.0799 25.5539 24.3311 23.3452       0 29.8329 27.2947 11.6619      40 54.0833 11.5434 36.4005 23.1948 25.4951
     26 34.1321 18.0278 33.3635 36.1006 25.2389 21.0238 10.6301 29.2617 33.5261 4.12311 26.1725 37.5366 28.4429      25 15.6525 18.1108 29.0172 14.5602 20.2485 22.2036  19.799 23.8304 28.7924 29.1548 17.4929 15.5563 25.2982 26.3059 24.7588    29.5 13.1529 13.1529 32.6497 30.5287 21.0238 21.0162 5.09902 24.1868 20.5183 35.5985   32.28 22.8254 34.2053 25.0799  18.868 18.0278 15.5242  6.7082 33.4215 36.8307 38.2753 37.2156 16.2788 13.9284 12.0416       9 10.4403 27.4591 7.28011 29.8329       0 32.0156 41.0122 31.1448 32.3883 23.2433 18.0278      16 18.9737
6.08276 33.1059 38.0789 62.1974 22.6991 55.0818 53.0377 25.2982 18.5809 64.9384      28 58.0345 29.8329  7.2111 27.0185 41.7852 35.5106 61.0328 18.6815 15.2643  54.037 23.4307 44.2661 60.0167      13 28.0179 24.1868 56.7186 58.2151 52.5547 44.2069 45.0111 45.0111 55.7584 60.4401 51.9711 33.7028  27.074 38.2884 49.3356 58.9428 52.0096 29.6985 30.0832 48.3735   45.31   50.04 17.2627 38.0526 22.8035 63.2811 67.6757 35.4683 38.9102 30.4138 35.4683 23.0217 36.6879 46.4004 31.0483 27.2947 32.0156       0 30.1496 58.1808 64.2806 33.6043 48.2701 16.0312 42.4853
29.1548      11 31.9531 56.0635     7.5 52.2015 57.3062 30.4138 13.7568 63.8905 39.0512 63.6318 4.12311 24.0208 16.6433      39 29.1548  64.405 29.1548 24.1661  60.208 21.2132 34.4745 59.1354 18.1108 24.4131 25.4558 57.0088 60.4152 47.2969 29.0043 52.2015 52.2015      44 56.5155      52 24.8129 36.8782 26.4764 46.4866  46.543 38.0526 20.1246 8.24621 39.4588 41.1096 54.7083 35.8469 47.4236   8.544  53.521 61.5224 10.4403 34.5398 28.8444 34.4819 35.2278 37.2156 34.0588 34.8281 11.6619 41.0122 30.1496       0 50.3587 65.5515 22.6108  47.927 31.7805 36.6879
52.3259 39.4588 20.6155 5.99333 50.0225       9      22  33.121 46.0353 17.0294 34.6554 26.4764 46.2709 52.2015 36.1248 16.6433 23.5372 23.4094 39.8246 43.0813 26.0192 36.1386 16.0028 14.3178 49.4773 31.0483  34.176 15.2971 19.6469 6.40312 21.9829 26.2488 26.2488 8.48528 8.60233 14.1421 26.9459 34.0588 24.0208 10.8167 8.73212 14.4222 32.1403   42.19      11 13.0384 22.2036      45 30.0167 47.0425 5.70088 11.1803      41 19.3132 27.8568 22.8254 37.8021 22.2036 16.4924 28.0179      40 31.1448 58.1808 50.3587       0  21.095 28.5175 14.3178  43.566 15.8114
58.2151 55.4617 33.6155 16.3866 63.1922 14.2127 11.7047   40.05 57.5608       5 36.4966      10 61.4654      60 49.3356 26.5707 36.4005       5 46.0109 51.0392 12.8062 46.8722 32.6173 7.07107 59.3043 42.2019 43.4166   8.544 6.08276 19.8494  40.302 20.2485 20.2485 29.4109   12.53 13.6015 40.7416 37.2156 39.8246 19.2354   29.77 34.7131 45.5412 57.3847 28.4253 24.5967 14.5602 47.8539 27.2029 60.1664 23.7171      16 57.7062 31.0161  37.855 31.7805 41.3038 29.4279 34.8281 34.0588 54.0833 32.3883 64.2806 65.5515  21.095       0 43.0029   17.72 48.2597 29.0689
28.7446 12.6194 9.39415 33.9377 21.5058 29.6015 35.4013 15.0083 18.0278 41.2826 23.2648 41.8001    18.5 26.6317 7.76209 16.5605 6.80074   42.11 19.1377 18.9011 38.6685 10.3078 12.5674 36.5274 22.3886 7.15891 11.5434  34.471 38.0296 24.8244 10.6066 31.5634 31.5634 23.5637 34.0331 29.5169 2.47588 21.1483 4.92443 23.8799 26.5707 18.7949 4.03113 14.3962 17.5285    18.5 33.0341 27.0601 28.4121  18.527 32.4692 39.5127 15.2398 12.0934 9.34077 13.1244 22.0511 15.9452 13.4629 15.9765 11.5434 23.2433 33.6043 22.6108 28.5175 43.0029       0    25.5  23.585 14.0801
42.2019 38.0789 16.1245 15.4311  45.478  7.2111 10.8167 23.1948 39.9531      17 21.9545 17.0294 43.8634 43.2897 31.6228 8.94427 18.7883 16.6433 29.6142 34.1321 14.7648 29.2746   16.64      12 42.0119 24.5153 26.0192 9.21954   12.53 8.24621 24.6018 12.1655 12.1655      19   12.53 4.12311 23.1664 21.9317 22.8035       4 21.1483 21.8403 27.8568 39.8121 13.9284 7.81025 9.48683 33.1059 15.8114   42.45 19.9123 20.2485 40.4969 13.4164 20.2237 14.1421      26      12 19.7231 17.2627 36.4005 18.0278 48.2701  47.927 14.3178   17.72    25.5       0  32.573 12.0416
     10 29.0689 24.7588 47.0523 25.1247 39.5601 37.0135 10.6301 18.1177 49.0306 12.0416  42.107 29.4109      13  20.025 26.9258 22.8035 45.0111 4.47214 7.61577 38.1182 14.1421  31.367 44.1475 15.5563 16.5529  12.083 40.7922   42.19 37.5899 33.5596 29.0689 29.0689   42.45 44.9444 36.1386 22.6292 11.0454 27.2947 34.0147 45.6426 39.8246 20.6155 27.4591 34.7131 30.5287 34.0147 4.12311 22.2036 23.2594 48.9541 52.3927 32.1403 24.8395 17.0294 20.8087       7 21.4709 34.2053 15.6525 23.1948      16 16.0312 31.7805  43.566 48.2597  23.585  32.573       0 28.4253
36.7151 26.4008       5 20.5407 35.1746 15.5242 22.6716 17.8045 30.5655 27.2029 21.4709      29  32.573 36.4005  21.095 4.12311       8 28.6007 24.4131  27.313 26.4008 20.3961 5.39351 22.4722 33.7343 15.2971 18.3848 20.5913 24.4131      11 12.9711 21.1896 21.1896 14.2127 20.0998 15.8114 12.0033 20.2485 10.8167 9.84886 17.3566 13.3417 17.1172 28.4605 6.40312 4.47214 20.8087 30.4138      21 32.1403 20.7966 26.1725 28.6531 3.60555  12.083 7.81025 23.4307   8.544 9.05539 13.6015 25.4951 18.9737 42.4853 36.6879 15.8114 29.0689 14.0801 12.0416 28.4253       0


