      0 38.9487 27.1662 37.3631 24.7386 29.6816 28.4253 16.4924 19.0394 22.6716 15.8114 31.7805 31.7648      13 21.5407 40.7185 9.21954 34.8855 29.7321 24.5153 36.0694 37.6563 30.2324 45.2217 37.3363 36.2353 18.0278 23.0868 5.83095 13.4164 17.7553 10.4403 18.7883 19.7231 39.8121 14.3178  32.311 18.0278 20.6155 20.6155  19.105 15.0333 17.8885 20.6155 9.05539 36.0694 17.0294  28.178 15.0333 18.3848 25.6223 7.15891 27.5136 4.47214      25 3.16228 22.8035 7.28011 24.1661 8.60233 30.0832 43.8292 28.6356 40.3609 16.5529 13.0384 24.2745 23.1948 27.0185 11.1803
38.9487       0 29.0689 36.6742 61.0328 68.0147 49.2443 48.8774 23.1193 47.2969 38.4838 67.4166 41.0122 27.0185 59.0339 43.7379 48.1041 72.6223 46.5296 31.4006 52.1536 33.9559 9.84886 52.6118 22.4722 49.0102 29.1204 33.7343 33.4215 37.6962 54.8019 48.1664 21.6333 48.7032 11.4018 28.6356 58.5235 45.1885 22.8473 41.1096 44.9222 50.6063 55.9732 59.5483 45.4863       4 22.2036 16.0312 28.6531  37.108  57.918 37.4733      38 43.2782 19.6469 40.3113      17  35.609 51.6236 40.8044 15.0333 7.07107 38.1182 56.0357      55 30.8707 62.6598 55.4707 46.2709      30
27.1662 29.0689       0 11.4018 39.1152 48.3011 21.0238 26.4197 28.2931 47.5395 15.2315 44.0454 12.0416      17 38.9102 17.2047 33.2415 51.3128   17.72 3.60555 23.0868 10.7703 20.0998 25.0799 12.8062  20.025 33.4215 6.40312 25.2982 36.2491    44.5 30.8058 14.8661 45.8803 21.9317 29.4109 30.8869 20.8087 10.6301 14.8661 44.0114   42.19 37.3363 44.1475 36.2215 29.0689 22.6274  31.305 12.6491 39.4462 33.2641 31.4682 46.2277 31.0161 10.4403      26 24.6982  20.025 25.4951 22.3607 14.0357 29.4109 9.05539      27   42.19 30.5287 43.6606  31.241 50.1199 16.7631
37.3631 36.6742 11.4018       0 44.2719 54.1202 21.6333 32.5576 39.6043 58.6003 23.0217 47.8539 9.43398 28.3019 45.1221 7.07107  42.107 56.0803 17.2047      13 19.4165 3.16228 29.1548 16.0312 15.0333 15.2643 44.8219 14.3178 36.2491 47.4131  53.956      39 26.1725  56.648      27 40.8044  31.241 26.4764 21.9317 20.2237 55.0364 52.1728 44.4072 52.0865 46.3249 37.6431 33.9706 41.8808 23.7065  50.774 36.9121 42.3468 57.6281 40.7922 20.8087 35.6931  35.609 30.0832 28.6356 31.1448 22.4722      35  10.198 21.9317 51.0882 41.8808 50.1124 35.4683 61.4003 27.7308
24.7386 61.0328 39.1152 44.2719       0 10.0499 24.0832 12.8062 43.6406 40.5216 24.2074 7.07107  35.171 34.1321 4.47214  43.566      17 12.2066 28.2843 35.5106 31.0644 46.2385 51.4004 43.0465 51.8652 34.0147 42.5793 32.7567 30.3645      36 23.9426 14.3178 39.4081 35.7351 58.6941 39.0512 18.9737 18.3576 38.9487 24.5967  37.855 26.5707 8.24621 14.8661 25.1794 58.8303 40.7185 52.5547 32.6497 41.0122 8.63134 30.6472 50.0899 22.0907 43.1393 22.1359 46.5188 25.5539 16.1245 20.2485 48.7955 64.5368  34.176  33.541 19.2354 37.6563 7.82624 9.05539 46.3249 31.0644
29.6816 68.0147 48.3011 54.1202 10.0499       0 34.1321 21.9317 48.5644 40.0125  33.121 10.8167 45.1221 41.0366 9.43398 53.6004 20.5913       6 38.3275 44.7214 41.0122 55.9732 58.6941 53.0094 60.9016 44.0454 46.2385 42.0476 35.5106 38.3275 22.0511 19.8494  46.669 35.0143 66.8431  43.382 28.4429 27.8568 46.8615  34.176 38.0526 26.0192 12.0416      12 26.9258  65.437 46.6154 57.8014 40.4599 42.9535 18.5068 34.0771 51.4782 25.9422  51.225 27.8029 52.4309 32.5269 26.1725 27.6586 56.8507 72.1388 43.9659 43.2897 18.0278 41.6293 5.40833  19.105 46.0109 38.1838
28.4253 49.2443 21.0238 21.6333 24.0832 34.1321       0 15.2315 40.8718 50.9313 13.9284 26.5707 12.2066 27.6586 26.0768 19.6469 28.3019  35.171 4.47214 18.0278 8.06226 24.2074 39.6232 19.4165 33.0151 10.0499 43.4626 15.5242 30.8869 41.6173 40.2647 24.1868 30.0167 47.4236 42.9535      39      10 10.6301  27.074 9.21954 47.4236 40.2244 26.6833  35.171 35.4683 48.5077 35.6931 47.2652 23.1948 46.3249 15.8902 35.4013 55.0727 29.7321 29.6142 25.4951 40.1995 22.8254       8 19.8494 34.4819 50.3289 12.8062 12.0416 36.2491 38.9102 31.0363 15.0333 55.4437      25
16.4924 48.8774 26.4197 32.5576 12.8062 21.9317 15.2315       0 33.6823 37.4433 11.4018 18.6011 24.0208 22.4722 12.6491 33.0151 13.4536      25 18.4391 22.8254 23.2594 34.2053 39.1152 34.4819 39.1152      25 34.1321 20.1246 21.0238 29.7321 25.1247 9.21954 27.2947 33.4215 45.9674 30.0167 16.1245 6.08276 26.4008 12.3693 34.1321 25.4951      12 20.2237 21.4009 46.9574 29.8329 41.9762 20.2485 34.7851 9.61769 23.5637 43.9659 16.1245 30.4795 13.3417 35.4401 14.3178 8.48528 9.05539 36.1248 52.0096 22.3607 26.9258 21.0238 29.1548 17.5855 7.07107 42.5441 19.3132
19.0394 23.1193 28.2931 39.6043 43.6406 48.5644 40.8718 33.6823       0 24.6272 27.0647 50.6211 38.4253 13.2853 40.5771 45.3927 27.9732 53.8934 40.2057 27.9016 46.8882 38.3471 17.5071 52.5595  32.039 45.3927  6.5192 28.4693 13.2853 14.5774 32.3303 29.4364  13.435 25.6223 28.5044 5.70088 47.7127  32.596 17.6777 31.6623 21.9659 27.9016 36.9121 38.5032 23.3345 19.4551 5.70088 9.30054 18.1246 14.5086 43.2897 15.2069 18.5607 22.6385 19.5576 21.5058  6.5192 19.5064  39.579 24.6272 21.5058 29.4703  34.821 51.3469 33.2641 7.90569  43.177 40.7492 24.7487 15.8902
22.6716 47.2969 47.5395 58.6003 40.5216 40.0125 50.9313 37.4433 24.6272       0 38.4187 47.0744 54.0833 30.6757 36.1386 62.7694 24.5967 46.0109 52.4023  45.618 58.6941 58.3095 42.0476 67.8012 54.9181 58.8982 18.2483 44.7772 22.3607 11.4018 18.0069 28.6531 34.7131       5 53.0377  20.025  53.535 40.3609 38.3275 43.2782 3.60555 14.1421   32.28 28.0179 16.1245 43.4166 28.0713 31.6228 34.9285  10.198   44.95 16.3783 13.6015 21.4009 41.7732 25.4558 31.1448 29.4109 45.8039 31.1127 45.1774 53.9351  50.774 62.9365 22.0907 18.1108 35.7246 42.9418       6 30.8707
15.8114 38.4838 15.2315 23.0217 24.2074  33.121 13.9284 11.4018 27.0647 38.4187       0 29.7321 16.1555 14.0357 23.7065 25.2982  19.105 36.4005 14.2127 11.7047 20.8087 24.0832 28.6356 29.4109 27.7849 20.5183 29.5466 9.21954 17.2047 28.3196 31.0846 16.0312 17.4642 35.5106 34.7131 25.0799 21.0238  6.7082 15.6525       5 34.8281 29.7321 22.1359 29.2746 24.1661      37 22.0907      34  10.198 32.8024 19.5576 22.2767 41.3401 18.3848 19.4165 13.4164 27.0185 9.21954 13.3417 8.24621      25 41.0488 13.3417 25.2389 28.0713 25.0599 28.4297 17.2047 42.4264 11.1803
31.7805 67.4166 44.0454 47.8539 7.07107 10.8167 26.5707 18.6011 50.6211 47.0744 29.7321       0 38.4838 40.7063 11.0454 46.1736 24.0208       9 31.0161 40.4599 32.3883 50.1199 57.6888 44.2832 56.8507 35.9026 49.6488 37.6431 37.3631 43.0116  29.904 21.3776  45.793 42.2019 64.4438 46.0977 19.0263 23.3452      45 29.2062 44.5533 32.9848 15.0333 20.1246 32.0624 65.3682 47.5395 59.4643  38.833      48 10.9772 37.7127 57.0351 29.1548 49.0408 29.1204 53.3104 32.2025 19.2354 26.8328 54.6717 70.6045 38.0789 34.0147 25.2982 44.7214 12.0934 12.8062 52.9528 37.5899
31.7648 41.0122 12.0416 9.43398  35.171 45.1221 12.2066 24.0208 38.4253 54.0833 16.1555 38.4838       0 25.6125 36.3456 9.21954 34.9285 46.8188 7.81025 10.7703 11.4018 12.0416 32.1403 14.2127 21.9317       8  42.638      10 32.0156 43.4166 47.0558 31.4006 25.4951 51.4782 32.9848 38.2884 21.9317      18 21.5407 12.1655 50.4777 45.8803 36.0139 44.0454 40.3113 41.1096 32.7567   42.72 20.6155 47.4236 27.5772  37.726 55.2268 34.5398 22.3607 29.5466 35.8469 24.6982 19.3132 24.3516      26 40.7922 3.60555 15.0333 43.7379 38.8973 41.3673 26.2488 57.6281 24.0416
     13 27.0185      17 28.3019 34.1321 41.0366 27.6586 22.4722 13.2853 30.6757 14.0357 40.7063 25.6125       0 32.0156 33.3017 21.6333  45.607 26.9258 15.6205 33.6155 27.7308 17.6918 39.8246      25  32.249 17.0294 15.6205       9 19.3132 30.5655 21.2132 5.83095 29.4279 26.8328 12.7279      35 20.0998       8 18.4391 27.2029 27.2947      29 33.2866 21.3776 24.6982 8.06226  20.025       5 22.4722 31.9453 15.0748 29.6985 17.4642 12.1655 13.6015 13.1529 8.60233  27.074 13.8924  17.088  31.241 22.0227 38.0789 29.5466 13.6015 35.7106 29.4109  33.121 3.16228
21.5407 59.0339 38.9102 45.1221 4.47214 9.43398 26.0768 12.6491 40.5771 36.1386 23.7065 11.0454 36.3456 32.0156       0 45.0999 13.1529 13.6015      30 35.3412  33.541 46.8402 49.5782 45.3982 51.4782 36.1248 39.0512 32.6956  27.313 32.0624 19.4743 11.1803 37.5366 31.3209 57.4891 35.7351 22.3607 18.6815 37.5366      25  33.541 22.1359       4 10.6301 21.0238 56.6127 38.0789 49.6588 31.1448 37.0135 11.8533 26.9676 46.0109 18.4391 41.8688 19.2354  43.909 23.4307 18.1108 18.3848 47.5079 62.9365 34.9285 36.4005 14.7648 34.2053 5.02494 11.4018 41.9762 29.0689
40.7185 43.7379 17.2047 7.07107  43.566 53.6004 19.6469 33.0151 45.3927 62.7694 25.2982 46.1736 9.21954 33.3017 45.0999       0 44.1475 54.8179 15.2971 17.6918      15      10 36.0555       9      22 10.8167 50.2096 18.0278 40.4969 51.8652 56.2694 40.6079 32.0156 60.3738 34.0147 46.0109  28.178  27.074 27.8029 21.3776 59.1692 55.0273 45.0111 53.1507 49.3964  44.643 39.6989 48.3735 28.4253 55.6058 35.5317 46.3923 62.9682 43.6578 27.2947 38.6264 41.8808  33.541 27.4591 33.5261 29.4109 42.0119  12.083 16.4012 52.9528 46.8615 50.1224 34.5254 66.0303 32.2025
9.21954 48.1041 33.2415  42.107      17 20.5913 28.3019 13.4536 27.9732 24.5967  19.105 24.0208 34.9285 21.6333 13.1529 44.1475       0      26 30.8707 30.0666 36.3593      43 39.2046 47.0106  44.643 37.5766 25.9615      28      15      19 12.1758 4.24264 27.4591 20.2485 48.3735 22.8473 29.2062 17.8885 28.6356 22.8035 21.5407 12.0416 9.21954 11.6619   8.544 45.2769 26.2488 37.2156 22.4722 24.0208 20.3593 13.8293 33.1361 5.38516 33.1059 8.06226 32.0156 13.9284 21.9317      11 38.4708 52.8015 32.3883 40.2244       9 21.1896 15.2069 18.3576 30.0832 19.2354
34.8855 72.6223 51.3128 56.0803 12.2066       6  35.171      25 53.8934 46.0109 36.4005       9 46.8188  45.607 13.6015 54.8179      26       0 39.5601 47.7074 41.3038 58.1808 63.1269 53.2353 64.0703 44.7214 51.8652 44.9444 40.7063 44.1475 28.0401 24.6982 51.0882 41.0122 70.7672 48.8467 28.0179 30.5287 50.9117 36.7151 44.0454 32.0156      17      18 32.7567  70.214 51.6236 63.0635 44.5533 48.8365 19.3003 39.6894 57.4282 31.3847 55.1725 32.7567 57.4543 37.0135 27.5136 31.8904 60.8276 76.4199 46.0977 43.0116 24.0208 47.1699 10.9202 20.6155 52.0096  42.638
29.7321 46.5296   17.72 17.2047 28.2843 38.3275 4.47214 18.4391 40.2057 52.4023 14.2127 31.0161 7.81025 26.9258      30 15.2971 30.8707 39.5601       0 15.1327  6.7082 19.8494 37.1214 16.1555 29.1548  6.7082 43.4166      13 31.4006 42.5206 43.0029 26.9258 28.4429 49.2037 39.5601 38.9487 14.1421      13 25.0799 9.21954 48.8365 42.5441 30.2655 38.6394 37.4433 46.0977 34.7851 45.8912 22.1359 47.0106 20.2608 36.4314 55.4707 31.6228  27.074 27.0185  38.833 23.4307 12.1655 21.4009 31.5753 47.1275 8.94427 11.1803 39.2173 39.1152 35.0036 19.2354 56.5862 24.5967
24.5153 31.4006 3.60555      13 35.5106 44.7214 18.0278 22.8254 27.9016  45.618 11.7047 40.4599 10.7703 15.6205 35.3412 17.6918 30.0666 47.7074 15.1327       0 21.0238 13.1529 22.0227 24.6982 16.4012 18.4391 32.5269 2.82843 23.2594 34.4819 41.5482 27.4591 14.7648 43.6578 25.0599 28.3196 27.7308 17.2047 10.7703 11.3137 42.0476 39.4588 33.8378 40.7922  33.541 31.0161 22.2036 31.9531 10.8167 38.0132 29.7069 29.3471 45.2769 28.1603      12 23.0868 25.0799 17.2627 22.0227  19.105 16.4924  32.311 7.28011 25.1794 39.0512 29.2062 40.1155 27.6586 48.5489 14.7648
36.0694 52.1536 23.0868 19.4165 31.0644 41.0122 8.06226 23.2594 46.8882 58.6941 20.8087 32.3883 11.4018 33.6155  33.541      15 36.3593 41.3038  6.7082 21.0238       0 22.4722      43      12 33.2415 4.24264 50.1199 19.2354 38.0132 49.0408 48.3244  32.249 34.9285 55.3173 44.3847 45.6508 13.6015 18.6011 31.4006 15.8114 55.1543 48.2597 34.4819 43.0116 43.4166      52 41.4367 52.3927 28.7924 53.6004 22.5056 42.8981 62.1289 37.6431 33.0151 33.2415 45.3542      30 15.5242 27.5862 37.1214 52.1728 14.0357 4.47214 44.2832  45.793  38.396 22.2036 63.0317  31.305
37.6563 33.9559 10.7703 3.16228 46.2385 55.9732 24.2074 34.2053 38.3471 58.3095 24.0832 50.1199 12.0416 27.7308 46.8402      10      43 58.1808 19.8494 13.1529 22.4722       0 26.8328      19      12 18.3576 43.8292      15 36.0555 47.0106 54.6466 40.1123      25 56.6127 24.0208 39.9625 33.9706 28.1603 20.8087 21.8403 54.7814 52.6118 45.8912 53.3385 46.6905 35.1141 32.8024      40 23.4094 50.1199 39.1472 42.2167 56.6127 41.3038  19.105 36.2215 33.9706 30.4138 30.8869      32 20.1246 32.0156  12.083 25.0799      52 41.1825 51.7904 37.5766 60.8276 27.5136
30.2324 9.84886 20.0998 29.1548 51.4004 58.6941 39.6232 39.1152 17.5071 42.0476 28.6356 57.6888 32.1403 17.6918 49.5782 36.0555 39.2046 63.1269 37.1214 22.0227      43 26.8328       0  44.643 16.9706 40.1123 24.0208 24.1868 25.0599 31.4006 46.9707 38.8973 12.0416 42.5793      11 22.2036 48.7647 35.3412      13 31.3209 39.2046 43.0813  46.669 50.8035 37.5766       9 14.5602 14.4222  18.868      32 48.0885  29.904  35.171 34.6699 10.0499  31.241 11.0454 26.1725 41.7852  31.241  6.7082 13.6015 29.0172 47.0425 46.6476 24.3311 53.3877 45.6508   42.19 20.5183
45.2217 52.6118 25.0799 16.0312 43.0465 53.0094 19.4165 34.4819 52.5595 67.8012 29.4109 44.2832 14.2127 39.8246 45.3982       9 47.0106 53.2353 16.1555 24.6982      12      19  44.643       0      31 9.48683 56.8507 24.2074 46.0109 57.3847 59.1545 43.0813 39.4462 64.8999 43.0116 52.4976  25.318 29.1548 35.3553 24.6982 64.2028 58.5918 46.0977 54.5711 53.3385 53.3667 46.8722 56.3649 34.8281 61.5224 34.5036 51.5388 69.4262 47.5079 35.4683   42.72 49.6488 38.4187 27.2947 37.2156 38.0789 51.0098 17.8045 10.7703 55.3624 53.0754 50.3016 34.1321 71.5891 38.2099
37.3363 22.4722 12.8062 15.0333 51.8652 60.9016 33.0151 39.1152  32.039 54.9181 27.7849 56.8507 21.9317      25 51.4782      22  44.643 64.0703 29.1548 16.4012 33.2415      12 16.9706      31       0 29.4109 38.2753 19.2094      34  43.566  55.084   42.72 20.2237  54.231 12.0416  35.171 43.0116 33.6006      17 27.6586 51.6236 52.1536 49.6588 55.9732 46.1736 24.1868 27.2029  31.241 22.3607  45.607 46.0489 40.0281 50.5668 41.5933 13.1529 36.8782 26.4197 30.8058 38.1838  34.176 10.8167  20.025 20.2485 36.4005 53.3667 36.8782 56.1271 44.0454 56.3205 26.1725
36.2353 49.0102  20.025 15.2643 34.0147 44.0454 10.0499      25 45.3927 58.8982 20.5183 35.9026       8  32.249 36.1248 10.8167 37.5766 44.7214  6.7082 18.4391 4.24264 18.3576 40.1123 9.48683 29.4109       0 49.0918  17.088 37.5366 48.7955 49.7016 33.6155 32.8938 55.8032 40.7922 44.6542 17.4642 19.6977 29.1204 15.6205 55.3173 49.2443 36.6742 45.1221 44.1022 49.0918 39.8121 50.2892 27.2947 53.1507 25.6223 42.7931 61.4003 38.2753 30.2655 33.6006 43.3244 29.6985 18.0278 28.0179      34 48.6621 11.1803 7.07107 45.8803      45 41.0761      25 62.9365 30.2324
18.0278 29.1204 33.4215 44.8219 42.5793 46.2385 43.4626 34.1321  6.5192 18.2483 29.5466 49.6488  42.638 17.0294 39.0512 50.2096 25.9615 51.8652 43.4166 32.5269 50.1199 43.8292 24.0208 56.8507 38.2753 49.0918       0 32.6497 13.1529 9.21954 27.9866 28.2843  18.868 19.6977 35.0143 4.47214 49.2443 34.2053 23.0217 34.4384 15.8114 23.3452  35.171 35.3553 19.7231 25.2982 11.1803 13.8924 22.0227 8.06226 43.5259 12.1758 12.8062 20.6155 25.4951      21      13 20.8806      41  25.318 27.8927 35.6931 39.0512 54.5894 29.6816       5 40.9664 41.0488 18.2483  18.868
23.0868 33.7343 6.40312 14.3178 32.7567 42.0476 15.5242 20.1246 28.4693 44.7772 9.21954 37.6431      10 15.6205 32.6956 18.0278      28 44.9444      13 2.82843 19.2354      15 24.1868 24.2074 19.2094  17.088 32.6497       0 22.4722 33.8378  39.702 25.1794 15.8114 42.5441 27.7849 28.3196 25.0799 14.4222 12.1655 8.48528 41.1825  37.855 31.3209 38.4708 32.0156 33.1361 22.8254 33.2415 10.6301 37.6431 26.8794 28.4121 45.2769 26.4764 14.1421 21.3776 26.2488 15.8114 19.2094      17 18.9737 34.9285 6.40312 23.5372      37      29 37.5133 24.8395 48.0104 14.2127
5.83095 33.4215 25.2982 36.2491 30.3645 35.5106 30.8869 21.0238 13.2853 22.3607 17.2047 37.3631 32.0156       9  27.313 40.4969      15 40.7063 31.4006 23.2594 38.0132 36.0555 25.0599 46.0109      34 37.5366 13.1529 22.4722       0 11.4018 22.0057 16.1555 14.3178 20.6155 35.1141       9 36.1386 21.1896      17 22.2036 18.7883 18.4391 23.7065 26.1725 12.6491 30.4138 11.3137 22.3607 12.6491 15.6205 30.5041 6.18466 24.1868 9.89949  21.095 8.24621 17.0294 8.06226 27.8927 12.1655 25.7099 38.5876 28.6007 42.4382 21.6333 8.24621  30.104      28 25.6125   8.544
13.4164 37.6962 36.2491 47.4131      36 38.3275 41.6173 29.7321 14.5774 11.4018 28.3196 43.0116 43.4166 19.3132 32.0624 51.8652      19 44.1475 42.5206 34.4819 49.0408 47.0106 31.4006 57.3847  43.566 48.7955 9.21954 33.8378 11.4018       0 18.9011 22.2036 23.3452 11.1803 42.2966 9.21954 45.6946 31.3847 26.9258 33.3017 8.06226 14.2127 28.0713 26.9258 11.4018 34.0147 17.0294 23.0217 23.7065 5.09902 38.4513 6.26498 14.3178 14.1421 30.4138 16.5529 20.8806  19.105 37.5766 21.9545 34.0147 43.9659      40 53.4135 21.0238 7.07107 33.2453 36.1386 14.2127 19.7231
17.7553 54.8019    44.5  53.956 23.9426 22.0511 40.2647 25.1247 32.3303 18.0069 31.0846  29.904 47.0558 30.5655 19.4743 56.2694 12.1758 28.0401 43.0029 41.5482 48.3244 54.6466 46.9707 59.1545  55.084 49.7016 27.9866  39.702 22.0057 18.9011       0 16.1012 36.2112 13.0096 57.1161 26.6317 39.9906 30.0042 38.3438 34.9607 16.3783 4.71699 16.1012 10.1119 9.39415 51.4514 32.6841 41.4035 32.7452 22.5887  30.104 17.3349   30.22  13.537 42.6878    18.5 37.8583 24.5204 33.4253 22.8528 47.6051 60.3842 44.4213 52.0505 4.71699 24.4591 18.0693   28.64 24.0052 28.9353
10.4403 48.1664 30.8058      39 14.3178 19.8494 24.1868 9.21954 29.4364 28.6531 16.0312 21.3776 31.4006 21.2132 11.1803 40.6079 4.24264 24.6982 26.9258 27.4591  32.249 40.1123 38.8973 43.0813   42.72 33.6155 28.2843 25.1794 16.1555 22.2036 16.1012       0 26.9072 24.4131 47.4342 24.7386      25 13.9284 27.4591 19.2354 25.4951 16.2788 7.81025 13.3417   12.53  45.607 26.9258 38.4838  21.095 27.2947 16.4469    16.5 36.4966 8.06226 31.9061 8.06226 32.7567 12.8062 17.6918   8.544 37.4433 52.4023 29.0689 36.0555 12.3693 23.3452    14.5 14.3178 34.0147 18.4391
18.7883 21.6333 14.8661 26.1725 39.4081  46.669 30.0167 27.2947  13.435 34.7131 17.4642  45.793 25.4951 5.83095 37.5366 32.0156 27.4591 51.0882 28.4429 14.7648 34.9285      25 12.0416 39.4462 20.2237 32.8938  18.868 15.8114 14.3178 23.3452 36.2112 26.9072       0 34.0588 21.0238 15.2315 38.3275 24.0416 4.24264 21.0238 31.4006 32.7567 34.6554 39.1152 26.9258 19.6977 7.81025 17.4642 7.28011  25.632 36.5034 20.0562 31.6228 23.2594 7.07107 19.4165 10.4403 14.1421 30.8058 19.2094 11.4018 25.4951 21.9317 39.2938 35.3412 16.7631 41.3793 34.0147 36.4005 8.48528
19.7231 48.7032 45.8803  56.648 35.7351 35.0143 47.4236 33.4215 25.6223       5 35.5106 42.2019 51.4782 29.4279 31.3209 60.3738 20.2485 41.0122 49.2037 43.6578 55.3173 56.6127 42.5793 64.8999  54.231 55.8032 19.6977 42.5441 20.6155 11.1803 13.0096 24.4131 34.0588       0 53.4603 20.3961 49.4065 36.7967 37.3363 40.2244 4.24264 9.21954 27.5136 23.0217 12.0416 44.9444 28.1603  33.541 33.2415 12.2066 40.5031 14.4309 17.8885 17.6918 41.1096 22.2036 32.0156 26.8328 41.8688 27.8029 45.0111 55.0818 48.3011 59.4643 17.1172 18.2483 30.7612 38.5876      11 29.1204
39.8121 11.4018 21.9317      27 58.6941 66.8431 42.9535 45.9674 28.5044 53.0377 34.7131 64.4438 32.9848 26.8328 57.4891 34.0147 48.3735 70.7672 39.5601 25.0599 44.3847 24.0208      11 43.0116 12.0416 40.7922 35.0143 27.7849 35.1141 42.2966 57.1161 47.4342 21.0238 53.4603       0 33.1361 52.7731 41.2311      20 36.0555 50.1597 53.4509      55 60.0333 47.7598 14.2127  25.318 24.3516 26.4008      43 54.1156 40.3887 45.8912 44.2832 15.6205 40.3113 22.0227 34.6699 46.8722 39.2046      10       8 30.6757 47.8539 56.3649 35.2278 61.7029 51.8556 53.1507 29.1548
14.3178 28.6356 29.4109 40.8044 39.0512  43.382      39 30.0167 5.70088  20.025 25.0799 46.0977 38.2884 12.7279 35.7351 46.0109 22.8473 48.8467 38.9487 28.3196 45.6508 39.9625 22.2036 52.4976  35.171 44.6542 4.47214 28.3196       9 9.21954 26.6317 24.7386 15.2315 20.3961 33.1361       0  44.911 29.8329 19.2354 29.9666 17.0294 22.2036 31.9531 33.0151 17.6918 25.0599 8.06226 14.8661 17.6918 10.4403 39.5032 9.60469 16.9706 17.4642 22.1359 17.1172 11.7047 16.4924 36.6742  21.095 25.1794 34.7851 34.7131 50.1199 27.6586 2.23607 38.0296      37 21.1896 14.4222
 32.311 58.5235 30.8869  31.241 18.9737 28.4429      10 16.1245 47.7127  53.535 21.0238 19.0263 21.9317      35 22.3607  28.178 29.2062 28.0179 14.1421 27.7308 13.6015 33.9706 48.7647  25.318 43.0116 17.4642 49.2443 25.0799 36.1386 45.6946 39.9906      25 38.3275 49.4065 52.7731  44.911       0 15.1327 35.9026 17.4642 50.2494 41.1096 24.4131 32.7567 37.4433 57.4891 43.0116 55.0091 31.1448 50.6952 10.5119  39.462  59.808  32.249 38.8973 29.1548 48.0416 28.4429 8.24621 24.0416 44.0114 60.0083 22.8035      15 35.4683 44.3847 26.7442 11.4018 58.6686 32.0156
18.0278 45.1885 20.8087 26.4764 18.3576 27.8568 10.6301 6.08276  32.596 40.3609  6.7082 23.3452      18 20.0998 18.6815  27.074 17.8885 30.5287      13 17.2047 18.6011 28.1603 35.3412 29.1548 33.6006 19.6977 34.2053 14.4222 21.1896 31.3847 30.0042 13.9284 24.0416 36.7967 41.2311 29.8329 15.1327       0 22.3607 6.32456 36.8782 29.6816 18.0278 26.0768 24.8395 43.6578 28.0179 40.1123 16.7631 36.2353 12.9035 25.1247 45.1885  19.105 26.0768      15 33.2415 13.3417       7 9.43398 31.6228 47.7074 16.2788 22.6716 26.2488 29.4109 23.6485 10.6301      45 17.0294
20.6155 22.8473 10.6301 21.9317 38.9487 46.8615  27.074 26.4008 17.6777 38.3275 15.6525      45 21.5407       8 37.5366 27.8029 28.6356 50.9117 25.0799 10.7703 31.4006 20.8087      13 35.3553      17 29.1204 23.0217 12.1655      17 26.9258 38.3438 27.4591 4.24264 37.3363      20 19.2354 35.9026 22.3607       0 18.4391 34.9285 35.2278      35 40.2492 29.2746  21.587 12.0416 21.1896 6.40312 29.5466 35.1639 23.0489  35.805      25 4.47214 20.6155 14.3178 14.7648 28.7924 19.2094      10 25.6125 18.0278 35.6931      37 20.6155 41.7043 32.7567 40.3113 9.48683
20.6155 41.1096 14.8661 20.2237 24.5967  34.176 9.21954 12.3693 31.6623 43.2782       5 29.2062 12.1655 18.4391      25 21.3776 22.8035 36.7151 9.21954 11.3137 15.8114 21.8403 31.3209 24.6982 27.6586 15.6205 34.4384 8.48528 22.2036 33.3017 34.9607 19.2354 21.0238 40.2244 36.0555 29.9666 17.4642 6.32456 18.4391       0 39.6989 34.0147 24.1868      32 28.6531  40.025 26.4764 38.1182 14.0357 37.8021 18.3984 27.2259 46.3249 22.8254 21.5407 18.0278 31.0644 14.2127 10.8167   12.53 26.8328 42.9418 10.0499 20.2485 31.5753 30.0167 29.9541 16.4012 47.3814 15.8114
 19.105 44.9222 44.0114 55.0364  37.855 38.0526 47.4236 34.1321 21.9659 3.60555 34.8281 44.5533 50.4777 27.2029  33.541 59.1692 21.5407 44.0454 48.8365 42.0476 55.1543 54.7814 39.2046 64.2028 51.6236 55.3173 15.8114 41.1825 18.7883 8.06226 16.3783 25.4951 31.4006 4.24264 50.1597 17.0294 50.2494 36.8782 34.9285 39.6989       0 12.0416 29.6142 26.0768      13 41.1096      25 29.5466 31.3847 8.06226 41.8868 12.7769 13.9284 18.0278 38.4708 21.9317 28.4429  25.807 42.4382 27.5862 42.0476 51.4198 47.1699 59.4138  20.025      15 33.5149 39.8121   8.544  27.313
15.0333 50.6063   42.19 52.1728 26.5707 26.0192 40.2244 25.4951 27.9016 14.1421 29.7321 32.9848 45.8803 27.2947 22.1359 55.0273 12.0416 32.0156 42.5441 39.4588 48.2597 52.6118 43.0813 58.5918 52.1536 49.2443 23.3452  37.855 18.4391 14.2127 4.71699 16.2788 32.7567 9.21954 53.4509 22.2036 41.1096 29.6816 35.2278 34.0147 12.0416       0 18.3848 14.0357       6 47.1699 28.6356 36.8782      30 17.8885 31.7569 13.2004 25.7099 11.4018 39.4588 16.4924 33.6155 22.2036 33.9706 21.5407 44.1475 56.3649 43.0116 52.2015       8      20 21.5928      30 20.0998 26.0192
17.8885 55.9732 37.3363 44.4072 8.24621 12.0416 26.6833      12 36.9121   32.28 22.1359 15.0333 36.0139      29       4 45.0111 9.21954      17 30.2655 33.8378 34.4819 45.8912  46.669 46.0977 49.6588 36.6742  35.171 31.3209 23.7065 28.0713 16.1012 7.81025 34.6554 27.5136      55 31.9531 24.4131 18.0278      35 24.1868 29.6142 18.3848       0   8.544 17.0294 53.4135 34.6699 46.0652 28.6007 33.0151 14.1598 23.0489 42.0119 14.5602 39.4081 15.8114 40.4969 20.5183 18.9737 15.8114      45 60.1415 34.2345 37.6962 11.4018 30.3645 6.72681 13.0384 38.0789 26.1725
20.6155 59.5483 44.1475 52.0865 14.8661      12  35.171 20.2237 38.5032 28.0179 29.2746 20.1246 44.0454 33.2866 10.6301 53.1507 11.6619      18 38.6394 40.7922 43.0116 53.3385 50.8035 54.5711 55.9732 45.1221 35.3553 38.4708 26.1725 26.9258 10.1119 13.3417 39.1152 23.0217 60.0333 33.0151 32.7567 26.0768 40.2492      32 26.0768 14.0357   8.544       0 15.6525 56.5862 37.4833 47.8017 34.0147 31.3209 22.3271 23.4361 39.6232 16.2788 44.7214 19.7231 43.1393 25.4951 27.5136 21.8403 50.1199  64.405 42.0119 46.2385 6.08276 31.0644 8.07775 21.4709 34.0147 30.8869
9.05539 45.4863 36.2215 46.3249 25.1794 26.9258 35.4683 21.4009 23.3345 16.1245 24.1661 32.0624 40.3113 21.3776 21.0238 49.3964   8.544 32.7567 37.4433  33.541 43.4166 46.6905 37.5766 53.3385 46.1736 44.1022 19.7231 32.0156 12.6491 11.4018 9.39415   12.53 26.9258 12.0416 47.7598 17.6918 37.4433 24.8395 29.2746 28.6531      13       6 17.0294 15.6525       0 42.2019 23.3238 32.5576      24 16.1245 28.8877 8.13941      25 5.83095  33.541 10.7703 28.6007 16.2788 29.8329 16.1245 38.3275      51 37.3363 47.5079      10 15.6205 21.8689 26.8328 21.5407  20.025
36.0694       4 29.0689 37.6431 58.8303  65.437 48.5077 46.9574 19.4551 43.4166      37 65.3682 41.1096 24.6982 56.6127  44.643 45.2769  70.214 46.0977 31.0161      52 35.1141       9 53.3667 24.1868 49.0918 25.2982 33.1361 30.4138 34.0147 51.4514  45.607 19.6977 44.9444 14.2127 25.0599 57.4891 43.6578  21.587  40.025 41.1096 47.1699 53.4135 56.5862 42.2019       0  19.105 12.0416 26.9258 33.2415 56.2005 34.1211      34 40.3113 19.0263 37.6431 13.6015 33.2866 50.2892 38.5876 15.2971 11.0454 38.0132 56.0357 51.8556 27.2947 60.0521 53.7122 42.2966 27.7849
17.0294 22.2036 22.6274 33.9706 40.7185 46.6154 35.6931 29.8329 5.70088 28.0713 22.0907 47.5395 32.7567 8.06226 38.0789 39.6989 26.2488 51.6236 34.7851 22.2036 41.4367 32.8024 14.5602 46.8722 27.2029 39.8121 11.1803 22.8254 11.3137 17.0294 32.6841 26.9258 7.81025 28.1603  25.318 8.06226 43.0116 28.0179 12.0416 26.4764      25 28.6356 34.6699 37.4833 23.3238  19.105       0 12.1655 12.6491 18.4391 39.4271 15.4353 23.8537 21.2132 14.3178  18.868 5.83095 15.5242 35.0143 20.8806 17.1172 27.7308 29.1548 45.8803 32.8024      10 41.2098 36.8782 29.1204      11
 28.178 16.0312  31.305 41.8808 52.5547 57.8014 47.2652 41.9762 9.30054 31.6228      34 59.4643   42.72  20.025 49.6588 48.3735 37.2156 63.0635 45.8912 31.9531 52.3927      40 14.4222 56.3649  31.241 50.2892 13.8924 33.2415 22.3607 23.0217 41.4035 38.4838 17.4642  33.541 24.3516 14.8661 55.0091 40.1123 21.1896 38.1182 29.5466 36.8782 46.0652 47.8017 32.5576 12.0416 12.1655       0 24.0832 21.5407   51.58 24.4591 22.0227 31.9061  21.095 30.4631 7.07107 27.6586 47.0956 32.9848 20.5183      23 39.2173 56.7539 42.5206 16.9706 52.4047 49.0306 30.2655 23.0868
15.0333 28.6531 12.6491 23.7065 32.6497 40.4599 23.1948 20.2485 18.1246 34.9285  10.198  38.833 20.6155       5 31.1448 28.4253 22.4722 44.5533 22.1359 10.8167 28.7924 23.4094  18.868 34.8281 22.3607 27.2947 22.0227 10.6301 12.6491 23.7065 32.7452  21.095 7.28011 33.2415 26.4008 17.6918 31.1448 16.7631 6.40312 14.0357 31.3847      30 28.6007 34.0147      24 26.9258 12.6491 24.0832       0 27.2029 29.3002 18.8215 34.6554 19.2354 10.8167 14.5602 17.0294   8.544 23.5372 12.8062 16.4012 31.8904 17.0294 33.2415 31.0483 18.4391 35.3023 26.8328 37.7359 4.12311
18.3848  37.108 39.4462  50.774 41.0122 42.9535 46.3249 34.7851 14.5086  10.198 32.8024      48 47.4236 22.4722 37.0135 55.6058 24.0208 48.8365 47.0106 38.0132 53.6004 50.1199      32 61.5224  45.607 53.1507 8.06226 37.6431 15.6205 5.09902 22.5887 27.2947  25.632 12.2066      43 10.4403 50.6952 36.2353 29.5466 37.8021 8.06226 17.8885 33.0151 31.3209 16.1245 33.2415 18.4391 21.5407 27.2029       0 43.5488 11.2361 9.21954 19.2354  32.573 21.5407 21.0238 23.6008 42.5441 26.8328 35.5106 43.7379 43.9318 58.0086 25.2982 8.94427  37.977 41.2311 10.7703 23.4307
25.6223  57.918 33.2641 36.9121 8.63134 18.5068 15.8902 9.61769 43.2897   44.95 19.5576 10.9772 27.5772 31.9453 11.8533 35.5317 20.3593 19.3003 20.2608 29.7069 22.5056 39.1472 48.0885 34.5036 46.0489 25.6223 43.5259 26.8794 30.5041 38.4513  30.104 16.4469 36.5034 40.5031 54.1156 39.5032 10.5119 12.9035 35.1639 18.3984 41.8868 31.7569 14.1598 22.3271 28.8877 56.2005 39.4271   51.58 29.3002 43.5488       0 32.4692 52.7684 24.3824 38.9679 22.5499 44.9944  23.927 8.27647 18.6682 44.5253 60.6012 27.1017 24.9098 25.4657 38.5292 16.2865 2.54951 50.4232 28.7837
7.15891 37.4733 31.4682 42.3468 30.6472 34.0771 35.4013 23.5637 15.2069 16.3783 22.2767 37.7127  37.726 15.0748 26.9676 46.3923 13.8293 39.6894 36.4314 29.3471 42.8981 42.2167  29.904 51.5388 40.0281 42.7931 12.1758 28.4121 6.18466 6.26498 17.3349    16.5 20.0562 14.4309 40.3887 9.60469  39.462 25.1247 23.0489 27.2259 12.7769 13.2004 23.0489 23.4361 8.13941 34.1211 15.4353 24.4591 18.8215 11.2361 32.4692       0 20.4022 8.55862 27.0046 10.3078 20.5244 13.1244 31.3249 15.6924 31.3249 43.1654 34.3984 47.2467 18.0624 7.63217 28.7924  30.104 20.1556 14.7054
27.5136      38 46.2277 57.6281 50.0899 51.4782 55.0727 43.9659 18.5607 13.6015 41.3401 57.0351 55.2268 29.6985 46.0109 62.9682 33.1361 57.4282 55.4707 45.2769 62.1289 56.6127  35.171 69.4262 50.5668 61.4003 12.8062 45.2769 24.1868 14.3178   30.22 36.4966 31.6228 17.8885 45.8912 16.9706  59.808 45.1885  35.805 46.3249 13.9284 25.7099 42.0119 39.6232      25      34 23.8537 22.0227 34.6554 9.21954 52.7684 20.4022       0 28.4429 38.0789 30.6757 24.3516  32.249 51.6236 35.8469 39.9249 45.0111 51.6624 66.5733  33.541 16.4012 46.6717  50.448 9.43398  31.241
4.47214 43.2782 31.0161 40.7922 22.0907 25.9422 29.7321 16.1245 22.6385 21.4009 18.3848 29.1548 34.5398 17.4642 18.4391 43.6578 5.38516 31.3847 31.6228 28.1603 37.6431 41.3038 34.6699 47.5079 41.5933 38.2753 20.6155 26.4764 9.89949 14.1421  13.537 8.06226 23.2594 17.6918 44.2832 17.4642  32.249  19.105      25 22.8254 18.0278 11.4018 14.5602 16.2788 5.83095 40.3113 21.2132 31.9061 19.2354 19.2354 24.3824 8.55862 28.4429       0 29.4109 5.09902 26.9072      11 24.4131 10.2956 34.5398 48.2597 31.6228 41.7732  12.083 15.8114  20.573 22.1359 26.4197 15.5242
     25 19.6469 10.4403 20.8087 43.1393  51.225 29.6142 30.4795 19.5576 41.7732 19.4165 49.0408 22.3607 12.1655 41.8688 27.2947 33.1059 55.1725  27.074      12 33.0151  19.105 10.0499 35.4683 13.1529 30.2655 25.4951 14.1421  21.095 30.4138 42.6878 31.9061 7.07107 41.1096 15.6205 22.1359 38.8973 26.0768 4.47214 21.5407 38.4708 39.4588 39.4081 44.7214  33.541 19.0263 14.3178  21.095 10.8167  32.573 38.9679 27.0046 38.0789 29.4109       0 25.0799 14.8661 19.2354 32.2025 23.6008 5.65685 21.6333  19.105 37.1214 41.4367 23.7697 46.1004 36.6197 43.3244 13.9284
3.16228 40.3113      26 35.6931 22.1359 27.8029 25.4951 13.3417 21.5058 25.4558 13.4164 29.1204 29.5466 13.6015 19.2354 38.6264 8.06226 32.7567 27.0185 23.0868 33.2415 36.2215  31.241   42.72 36.8782 33.6006      21 21.3776 8.24621 16.5529    18.5 8.06226 19.4165 22.2036 40.3113 17.1172 29.1548      15 20.6155 18.0278 21.9317 16.4924 15.8114 19.7231 10.7703 37.6431  18.868 30.4631 14.5602 21.5407 22.5499 10.3078 30.6757 5.09902 25.0799       0 24.6982 6.08276 21.0238 5.65685 30.4138 44.8219 26.5707 37.4833 16.4924      16 22.4109 20.0998      30 11.1803
22.8035      17 24.6982  35.609 46.5188 52.4309 40.1995 35.4401  6.5192 31.1448 27.0185 53.3104 35.8469 13.1529  43.909 41.8808 32.0156 57.4543  38.833 25.0799 45.3542 33.9706 11.0454 49.6488 26.4197 43.3244      13 26.2488 17.0294 20.8806 37.8583 32.7567 10.4403 32.0156 22.0227 11.7047 48.0416 33.2415 14.3178 31.0644 28.4429 33.6155 40.4969 43.1393 28.6007 13.6015 5.83095 7.07107 17.0294 21.0238 44.9944 20.5244 24.3516 26.9072 14.8661 24.6982       0 21.1896 40.1995 26.5707 15.6525 23.0868  32.311 49.7293 38.2884 13.9284 47.0239   42.45 31.1448 16.2788
7.28011  35.609  20.025 30.0832 25.5539 32.5269 22.8254 14.3178 19.5064 29.4109 9.21954 32.2025 24.6982 8.60233 23.4307  33.541 13.9284 37.0135 23.4307 17.2627      30 30.4138 26.1725 38.4187 30.8058 29.6985 20.8806 15.8114 8.06226  19.105 24.5204 12.8062 14.1421 26.8328 34.6699 16.4924 28.4429 13.3417 14.7648 14.2127  25.807 22.2036 20.5183 25.4951 16.2788 33.2866 15.5242 27.6586   8.544 23.6008  23.927 13.1244  32.249      11 19.2354 6.08276 21.1896       0 20.2237 5.38516 24.6982 39.6232 21.4709 34.4093  22.561 16.1555 27.2443 21.3776 33.2415 5.65685
24.1661 51.6236 25.4951 28.6356 16.1245 26.1725       8 8.48528  39.579 45.8039 13.3417 19.2354 19.3132  27.074 18.1108 27.4591 21.9317 27.5136 12.1655 22.0227 15.5242 30.8869 41.7852 27.2947 38.1838 18.0278      41 19.2094 27.8927 37.5766 33.4253 17.6918 30.8058 41.8688 46.8722 36.6742 8.24621       7 28.7924 10.8167 42.4382 33.9706 18.9737 27.5136 29.8329 50.2892 35.0143 47.0956 23.5372 42.5441 8.27647 31.3249 51.6236 24.4131 32.2025 21.0238 40.1995 20.2237       0 15.8114 37.5899 53.7122  18.868 18.7883 29.1548 36.1386 23.0489 7.07107  50.774 24.0208
8.60233 40.8044 22.3607 31.1448 20.2485 27.6586 19.8494 9.05539 24.6272 31.1127 8.24621 26.8328 24.3516 13.8924 18.3848 33.5261      11 31.8904 21.4009  19.105 27.5862      32  31.241 37.2156  34.176 28.0179  25.318      17 12.1655 21.9545 22.8528   8.544 19.2094 27.8029 39.2046  21.095 24.0416 9.43398 19.2094   12.53 27.5862 21.5407 15.8114 21.8403 16.1245 38.5876 20.8806 32.9848 12.8062 26.8328 18.6682 15.6924 35.8469 10.2956 23.6008 5.65685 26.5707 5.38516 15.8114       0 29.2062 44.5533  21.587 31.8277      20 20.3961    22.5 16.1245  35.609 10.8167
30.0832 15.0333 14.0357 22.4722 48.7955 56.8507 34.4819 36.1248 21.5058 45.1774      25 54.6717      26  17.088 47.5079 29.4109 38.4708 60.8276 31.5753 16.4924 37.1214 20.1246  6.7082 38.0789 10.8167      34 27.8927 18.9737 25.7099 34.0147 47.6051 37.4433 11.4018 45.0111      10 25.1794 44.0114 31.6228      10 26.8328 42.0476 44.1475      45 50.1199 38.3275 15.2971 17.1172 20.5183 16.4012 35.5106 44.5253 31.3249 39.9249 34.5398 5.65685 30.4138 15.6525 24.6982 37.5899 29.2062       0 16.1245 23.0868 41.0122 46.6154  27.074 51.7035 42.2019 46.0977 19.2354
43.8292 7.07107 29.4109      35 64.5368 72.1388 50.3289 52.0096 29.4703 53.9351 41.0488 70.6045 40.7922  31.241 62.9365 42.0119 52.8015 76.4199 47.1275  32.311 52.1728 32.0156 13.6015 51.0098  20.025 48.6621 35.6931 34.9285 38.5876 43.9659 60.3842 52.4023 25.4951 55.0818       8 34.7851 60.0083 47.7074 25.6125 42.9418 51.4198 56.3649 60.1415  64.405      51 11.0454 27.7308      23 31.8904 43.7379 60.6012 43.1654 45.0111 48.2597 21.6333 44.8219 23.0868 39.6232 53.7122 44.5533 16.1245       0 38.3275 55.7315  60.208      37 66.8674 58.2495 53.1507 33.9706
28.6356 38.1182 9.05539  10.198  34.176 43.9659 12.8062 22.3607  34.821  50.774 13.3417 38.0789 3.60555 22.0227 34.9285  12.083 32.3883 46.0977 8.94427 7.28011 14.0357  12.083 29.0172 17.8045 20.2485 11.1803 39.0512 6.40312 28.6007      40 44.4213 29.0689 21.9317 48.3011 30.6757 34.7131 22.8035 16.2788 18.0278 10.0499 47.1699 43.0116 34.2345 42.0119 37.3363 38.0132 29.1548 39.2173 17.0294 43.9318 27.1017 34.3984 51.6624 31.6228  19.105 26.5707  32.311 21.4709  18.868  21.587 23.0868 38.3275       0 18.0278 41.3038 35.3553 39.9155 25.4951 54.2033 20.5183
40.3609 56.0357      27 21.9317  33.541 43.2897 12.0416 26.9258 51.3469 62.9365 25.2389 34.0147 15.0333 38.0789 36.4005 16.4012 40.2244 43.0116 11.1803 25.1794 4.47214 25.0799 47.0425 10.7703 36.4005 7.07107 54.5894 23.5372 42.4382 53.4135 52.0505 36.0555 39.2938 59.4643 47.8539 50.1199      15 22.6716 35.6931 20.2485 59.4138 52.2015 37.6962 46.2385 47.5079 56.0357 45.8803 56.7539 33.2415 58.0086 24.9098 47.2467 66.5733 41.7732 37.1214 37.4833 49.7293 34.4093 18.7883 31.8277 41.0122 55.7315 18.0278       0 47.8853 50.2494 41.1127      25 67.3573 35.7771
16.5529      55   42.19 51.0882 19.2354 18.0278 36.2491 21.0238 33.2641 22.0907 28.0713 25.2982 43.7379 29.5466 14.7648 52.9528       9 24.0208 39.2173 39.0512 44.2832      52 46.6476 55.3624 53.3667 45.8803 29.6816      37 21.6333 21.0238 4.71699 12.3693 35.3412 17.1172 56.3649 27.6586 35.4683 26.2488      37 31.5753  20.025       8 11.4018 6.08276      10 51.8556 32.8024 42.5206 31.0483 25.2982 25.4657 18.0624  33.541  12.083 41.4367 16.4924 38.2884  22.561 29.1548      20 46.6154  60.208 41.3038 47.8853       0 25.6125 13.6473 24.0832 28.0713 27.5136
13.0384 30.8707 30.5287 41.8808 37.6563 41.6293 38.9102 29.1548 7.90569 18.1108 25.0599 44.7214 38.8973 13.6015 34.2053 46.8615 21.1896 47.1699 39.1152 29.2062  45.793 41.1825 24.3311 53.0754 36.8782      45       5      29 8.24621 7.07107 24.4591 23.3452 16.7631 18.2483 35.2278 2.23607 44.3847 29.4109 20.6155 30.0167      15      20 30.3645 31.0644 15.6205 27.2947      10 16.9706 18.4391 8.94427 38.5292 7.63217 16.4012 15.8114 23.7697      16 13.9284 16.1555 36.1386 20.3961  27.074      37 35.3553 50.2494 25.6125       0 36.3077 36.0555 19.6977 14.8661
24.2745 62.6598 43.6606 50.1124 7.82624 5.40833 31.0363 17.5855  43.177 35.7246 28.4297 12.0934 41.3673 35.7106 5.02494 50.1224 15.2069 10.9202 35.0036 40.1155  38.396 51.7904 53.3877 50.3016 56.1271 41.0761 40.9664 37.5133  30.104 33.2453 18.0693    14.5 41.3793 30.7612 61.7029 38.0296 26.7442 23.6485 41.7043 29.9541 33.5149 21.5928 6.72681 8.07775 21.8689 60.0521 41.2098 52.4047 35.3023  37.977 16.2865 28.7924 46.6717  20.573 46.1004 22.4109 47.0239 27.2443 23.0489    22.5 51.7035 66.8674 39.9155 41.1127 13.6473 36.3077       0 16.1941 41.6923 32.8976
23.1948 55.4707  31.241 35.4683 9.05539  19.105 15.0333 7.07107 40.7492 42.9418 17.2047 12.8062 26.2488 29.4109 11.4018 34.5254 18.3576 20.6155 19.2354 27.6586 22.2036 37.5766 45.6508 34.1321 44.0454      25 41.0488 24.8395      28 36.1386   28.64 14.3178 34.0147 38.5876 51.8556      37 11.4018 10.6301 32.7567 16.4012 39.8121      30 13.0384 21.4709 26.8328 53.7122 36.8782 49.0306 26.8328 41.2311 2.54951  30.104  50.448 22.1359 36.6197 20.0998   42.45 21.3776 7.07107 16.1245 42.2019 58.2495 25.4951      25 24.0832 36.0555 16.1941       0 48.3322 26.2488
27.0185 46.2709 50.1199 61.4003 46.3249 46.0109 55.4437 42.5441 24.7487       6 42.4264 52.9528 57.6281  33.121 41.9762 66.0303 30.0832 52.0096 56.5862 48.5489 63.0317 60.8276   42.19 71.5891 56.3205 62.9365 18.2483 48.0104 25.6125 14.2127 24.0052 34.0147 36.4005      11 53.1507 21.1896 58.6686      45 40.3113 47.3814   8.544 20.0998 38.0789 34.0147 21.5407 42.2966 29.1204 30.2655 37.7359 10.7703 50.4232 20.1556 9.43398 26.4197 43.3244      30 31.1448 33.2415  50.774  35.609 46.0977 53.1507 54.2033 67.3573 28.0713 19.6977 41.6923 48.3322       0 33.8378
11.1803      30 16.7631 27.7308 31.0644 38.1838      25 19.3132 15.8902 30.8707 11.1803 37.5899 24.0416 3.16228 29.0689 32.2025 19.2354  42.638 24.5967 14.7648  31.305 27.5136 20.5183 38.2099 26.1725 30.2324  18.868 14.2127   8.544 19.7231 28.9353 18.4391 8.48528 29.1204 29.1548 14.4222 32.0156 17.0294 9.48683 15.8114  27.313 26.0192 26.1725 30.8869  20.025 27.7849      11 23.0868 4.12311 23.4307 28.7837 14.7054  31.241 15.5242 13.9284 11.1803 16.2788 5.65685 24.0208 10.8167 19.2354 33.9706 20.5183 35.7771 27.5136 14.8661 32.8976 26.2488 33.8378       0


