      0 32.5576 23.7697 12.0416 16.2788 22.0907      20 9.89949 21.8289 17.6918  21.095 3.60555 26.4433  18.868 10.6301 12.1655 9.05539 17.6918 4.12311 23.8537 7.81025 26.8328 22.4722 28.6356 10.7703 12.7279 20.2237 15.6205 12.6491 10.0499 13.4629 12.6491 22.8035 14.4222 27.2947   8.544 19.2354      20 23.8537       5 14.2127 14.1421 15.6205 17.6918  6.7082 8.06226 27.0185 29.2062  20.025       4 17.8466 13.6565 26.3059       5 25.4951 10.2956 28.6356 12.6491 4.24264 13.4536 10.2956 29.7321 24.3311 21.3776 15.6525   12.53 12.5399       8 27.8568  25.318
32.5576       0 28.0179 25.0799 48.7955 20.0998 13.4164 33.6155 31.5357 35.7351 35.2278 33.3017 15.0748 15.2315 43.1856 27.8568 40.2244      15 36.0694 9.84886 24.8395 36.0555 14.3178 34.0588 37.7359 19.8494  25.318 48.0833 22.3607 26.9258 45.0694 44.4072      18 37.5766      35 24.8395 31.7805 36.4966 35.2278 27.6586 33.6155   42.19 48.0833 50.2096      35 40.4599 7.07107 4.12311 25.0799 29.7321 26.3154 29.8077 26.0768 37.5366 13.0384 37.1214  10.198 29.7321 33.0151 35.1141   42.45       4 28.0713 18.2483 39.8121 20.6155 39.3605 27.7849 32.0624 20.2237
23.7697 28.0179       0 28.4253 34.5254 8.06226 24.5967 16.0312 40.4042 11.6619 41.6173 21.2132 13.2382 25.5539 31.0161 30.8058 32.3883 21.9545 24.0832 19.2354 21.6333 46.0977 14.1421  6.7082 19.4165 20.5183 4.24264  33.541 26.1725 13.9284 28.7446 35.0571 32.7567 16.1555 7.07107 17.4929  6.7082 41.3401 7.61577 22.3607 12.3693 22.4722  33.541 35.6931      20 30.0666 27.6586      24 35.3836 19.9249 6.04152 10.5119 3.60555 27.1662 31.3847 33.8378 18.2483   32.45 27.5136 35.7771 28.1603 28.1603 40.3609  10.198 17.8885 16.9706 36.2112 26.9258       5 36.3593
12.0416 25.0799 28.4253       0 26.8328 23.2594 11.7047 19.9249 12.0208 26.8328 13.4164 15.0333  25.005 9.84886 21.0238       3 16.4012 11.0454 16.1245 19.0263  7.2111 17.6918 20.3961 34.6554 22.2036   8.544 24.2074 26.4008       3 15.8114  25.224 20.6155 11.1803      25 33.9706 11.4018 26.4008 13.6015 31.4006 8.24621 23.2594 26.0192 26.4008  28.178 18.1108 17.8885 18.3576 22.8035 8.24621 12.3693 22.6385 20.9404 29.6816 15.8114 14.8661 12.2066      25       5 9.84886  10.198 21.8403 21.4709      13 21.5407 26.6833 11.6619 14.3265 4.12311 33.3017 13.3417
16.2788 48.7955 34.5254 26.8328       0 35.8469 36.2353 18.6815 32.6879      24      30 15.8114 41.1491      35 5.83095  25.632 11.1803 33.9706 12.8062 39.8246 24.0832 36.0139 37.7359      37 15.1327      29   32.28       1 28.3019 23.7065  6.0208 8.06226 38.0132      19 35.0143 24.2074 28.1603 28.0179 31.0161 21.2603 22.2036 13.1529       1 1.41421 15.2315 8.94427 43.2782 45.3431 33.5261 19.2094 29.7405 24.3824  37.855 11.4018 41.3401 17.1172 44.1022      25      17 22.0907  6.7082 46.0109 36.6742 35.7771 18.1108 28.4253 17.0074 22.8254  37.054 39.9249
22.0907 20.0998 8.06226 23.2594 35.8469       0 17.2047 17.4929  34.821 16.6433 36.6742 20.6155 6.10328 18.4391 31.3209      26 31.1448 14.8661 23.7697 11.1803 17.4642 40.4969 6.08276 14.5602 21.6333 14.7648 5.38516 34.9285 20.5913 12.3693 30.6472 34.5254 25.6125  19.799 15.1327 14.0357  12.083 36.7696 15.1327  19.105 15.5563 25.6125 34.9285 37.1618 20.6155 29.6142 19.6469 16.0312 29.2062 18.1108 7.10634 12.1037  7.2111 26.4764 23.7065 31.1448 10.7703 27.8568   25.02 32.0156 29.1548 20.0998 34.0588 2.23607 21.9317 11.7047 33.6341 22.8035 12.6491 29.2062
     20 13.4164 24.5967 11.7047 36.2353 17.2047       0 23.5372 20.0125 28.0179 23.0868 21.4709  16.225       2 30.4795 14.5602 27.0185       3 23.8537   8.544 12.2066 25.2982 12.0416  31.305 27.2029 7.61577 20.6155  35.609 8.94427 17.1172 33.1851  31.241 8.48528 28.2843 31.3847 13.6015 25.4951      24 30.0832      15   25.02 31.6228  35.609 37.6431 23.7697 27.5862 7.07107 11.1803 13.6015 17.8885 20.2608 21.5058 24.4131 24.8395 7.07107 23.7065 14.5602 16.4924 19.8494 21.8403 30.2324      10 17.8885      15 30.4138 10.0499 25.9471 14.4222 29.5296 12.0416
9.89949 33.6155 16.0312 19.9249 18.6815 17.4929 23.5372       0 31.0886 7.81025 30.8058 6.40312 23.2002 23.1948      15 21.0238  17.088 20.6155   8.544 23.8537 13.1529 36.3593 20.5183 19.6469 4.24264 16.1245 13.6015   17.72 19.2354  6.7082 13.2004 19.2354 29.0172 5.09902 18.0278 10.0499  10.198 29.8329 14.3178 11.7047 4.47214 8.60233   17.72 19.9249 4.12311 14.3178 29.7321 29.6816 28.1603 7.61577  11.068 5.70088 19.2354 11.7047 30.2655      20 26.8701 21.9545 14.1421 23.3452 12.1655 31.7805 32.8938 17.8045       7 13.6015 22.0511 16.5529 19.2354 32.1403
21.8289 31.5357 40.4042 12.0208 32.6879  34.821 20.0125 31.0886       0 38.4253 4.30116 25.3476 35.6546 18.0693 27.5045 10.1242 21.5523 20.8926 25.3476 28.5044 19.1442 5.70088 31.1207 46.6744  32.596 20.1122 36.1732  32.596 14.3003 27.7218 33.0946 24.9098 13.5831 36.0069 45.9837 23.3773 38.3471 6.36396 43.3417 19.5576  34.821 35.7841  32.596 33.8009 28.5044 24.5051 24.5051 30.6023  6.5192 23.5053 34.6554 32.8024  41.503 23.7592 18.6682 15.5724 34.5615 9.19239 18.0693 10.6066 29.6057 27.5409 4.94975 32.9317 37.4233 23.5053 16.0078 14.5774 45.3045 12.3491
17.6918 35.7351 11.6619 26.8328      24 16.6433 28.0179 7.81025 38.4253       0 38.4187 14.2127 22.7431 28.1603  21.587 28.3019 24.5967   25.02 16.1245 25.9615 19.6977 43.8292 21.5407      13 9.21954 21.3776 11.4018      23  25.632 11.4018 18.0069 26.2488 34.7131       5 11.0454 15.8114       5 37.5366 7.07107  18.868 3.60555 11.1803      23   25.02 11.6619 21.5407 33.2415 31.6228 34.9285      15 9.61769  6.5192 15.2643 19.2354 35.0571 27.8029 27.2947 29.4109 21.9317 31.1127 18.2483 34.7131 39.8121 17.8885 6.32456 18.1108 29.8203 23.8537 13.1529 38.0789
 21.095 35.2278 41.6173 13.4164      30 36.6742 23.0868 30.8058 4.30116 38.4187       0 24.6982 38.1215  21.095 25.1794 10.8167  19.105 23.5372 24.1661 31.4006      20 6.08276 33.5261  47.634 31.7648 21.9317 37.4433 30.0167 16.1555 28.3196 31.0846 22.0227 17.4642 35.5106 46.7547 24.2074 38.8973 2.23607 43.8406  19.799 34.8281 34.5398 30.0167 31.0161 27.7849 22.3607 28.1603      34  10.198 23.4307 35.7001  33.234 43.0465 22.1359  22.561 13.1529 37.4833 9.21954      17 8.24621 27.6586  31.257 9.21954 34.9285 36.7151 25.0599 13.0096 14.8661 46.4004 16.5529
3.60555 33.3017 21.2132 15.0333 15.8114 20.6155 21.4709 6.40312 25.3476 14.2127 24.6982       0 25.5392 20.6155 10.7703 15.5242 11.1803  18.868 3.16228 24.0832 9.48683 30.4138 21.9545  25.632 7.28011 13.8924      18      15 15.1327 8.24621 11.8004 14.0357  25.318 10.8167 24.1661 8.48528 16.1555 23.6008 20.5913 7.07107 10.8167      11      15 17.2047 3.16228 9.05539 28.3019 29.6985 23.1948 3.60555 15.5081 10.7935 24.0208       6 27.5136 13.6015 28.3019 16.1555 7.81025 17.0294 9.21954 30.8058 27.6586 20.2485  12.083 12.7279 15.6924 11.1803      25 28.0713
26.4433 15.0748 13.2382  25.005 41.1491 6.10328  16.225 23.2002 35.6546 22.7431 38.1215 25.5392       0 17.9234 36.3077 27.9508 35.4154 14.7733 28.6923 8.13941 20.5244 41.1734 4.60977 19.0066 27.4089 16.6208 11.4127 40.2647 22.0737 17.4428 36.2008   39.08 24.6018 25.8312 20.0562 17.9513 18.1177 38.5649 20.7425 22.6991 21.5928 31.5159 40.2647    42.5 25.9856 34.3111 16.3783 11.2805 29.5169 22.6108 13.2004 18.0347 11.0114 31.1488 21.5928 34.5579 5.02494 29.9207 28.7793 34.6302  34.442 15.9765 34.0478 5.40833 27.9866 14.5344  37.054 25.5196 17.0074 28.0401
 18.868 15.2315 25.5539 9.84886      35 18.4391       2 23.1948 18.0693 28.1603  21.095 20.6155 17.9234       0 29.2062 12.6491 25.4951 3.60555 22.8254 10.4403 11.1803 23.4094 13.6015  32.249 26.6833 7.07107 21.4709 34.4093  7.2111      17 32.2064 29.7321  7.2111 28.0713 32.2025 13.1529 25.9615      22 30.6757 13.8924   25.02 31.0483 34.4093 36.4005 23.0868 26.2488 8.60233 13.1529 11.7047  17.088 20.8926 21.6449 25.6125 23.6008 7.07107 21.9545 16.4924 14.5602 18.3848 19.9249 29.1548 11.6619 16.1245 16.2788 30.1496 10.0499 24.1506 12.8062 30.5287 10.8167
10.6301 43.1856 31.0161 21.0238 5.83095 31.3209 30.4795      15 27.5045  21.587 25.1794 10.7703 36.3077 29.2062       0 19.9249 6.08276 28.2843 7.61577 34.4093 18.3848  31.257 32.6497 34.3657 12.3693 23.3452 28.2843 5.38516 22.4722 18.9737 6.26498       5 32.2025 16.7631 32.5576  18.868 25.0799 23.3452 28.6356 15.5563  19.105 12.2066 5.38516  7.2111 11.0454 3.16228 37.5366 39.8246 27.8927 13.8924 25.7391 20.5548 34.1321 5.65685 35.5106 12.0416 38.9487 19.4165 11.1803 17.0294 3.60555 40.3113  31.257 31.0161 16.5529 23.0217    12.5      17 34.1321  34.176
12.1655 27.8568 30.8058       3  25.632      26 14.5602 21.0238 10.1242 28.3019 10.8167 15.5242 27.9508 12.6491 19.9249       0 14.7648 14.0357 16.0312 22.0227 9.21954 15.6205 23.3452 36.8782 22.8035 11.4018 26.6271 25.2982       6 17.6918  24.683  18.868 12.8062      26 36.0694 13.4536 28.3196 10.7703 33.3017 9.43398 24.6982 26.3059 25.2982 26.9258 18.6815 16.7631 21.0238 25.7099 8.06226 13.4164 24.9098 22.7266  32.249 15.1327 17.0294 9.89949      28       2 9.05539 7.28011 21.2132 24.1661 12.1655 24.3516 27.5136 14.3178 11.8004 4.47214  35.609 14.3178
9.05539 40.2244 32.3883 16.4012 11.1803 31.1448 27.0185  17.088 21.5523 24.5967  19.105 11.1803 35.4154 25.4951 6.08276 14.7648       0 25.2389   8.544 32.2025 15.6525 25.1794 31.3209 36.6879 15.8114 20.5913 29.0689 11.0454 18.3848      19 12.1758 4.24264 27.4591 20.2485 35.1141 17.4642 27.2029 17.2627 31.3847      13 21.5407 17.0294 11.0454 12.3693      13 3.60555 34.0588 37.2156 22.4722 13.0384 26.6177 21.9659 35.1283 5.38516  31.241       6 37.3363 13.9284  7.2111      11 8.94427 37.0135 25.4951 30.4138 20.6155 21.1896     6.5 12.7279 36.1386 29.0689
17.6918      15 21.9545 11.0454 33.9706 14.8661       3 20.6155 20.8926   25.02 23.5372  18.868 14.7733 3.60555 28.2843 14.0357 25.2389       0 21.4009       8 9.89949 26.4008 10.2956 28.6531 24.3516       5 17.8885 33.3017 8.06226 14.1421 30.6472 29.4109 10.8167  25.318 28.6356 10.7703  22.561 24.1868 27.2029 12.7279 22.0227 28.7924 33.3017 35.3836 21.0238 25.4951 9.43398  12.083 14.7648 15.2643 17.3925 18.5068 22.0227 22.6274 10.0499 22.4722 14.0357 16.0312 18.0278 21.2132 27.8029 12.0416 19.4165 12.7279 27.4591 7.07107 24.8244      13 26.9258 14.4222
4.12311 36.0694 24.0832 16.1245 12.8062 23.7697 23.8537   8.544 25.3476 16.1245 24.1661 3.16228 28.6923 22.8254 7.61577 16.0312   8.544 21.4009       0 27.0185 11.6619 30.0832 25.0599 28.1603 7.81025 16.4012 21.0238 12.0416 16.7631 11.4018 9.39415      11 26.9258 12.0416 26.5707 11.4018 18.6815 22.8254 22.8473 8.94427      13 10.4403 12.0416 14.2127 4.47214       6 30.8058 32.5576      24 6.40312 18.5068 13.5831      27 3.16228 29.5466 12.0416 31.3847 16.2788 7.28011 16.1245 6.40312 33.4215 28.1603 23.4094 12.8062 15.6205 13.8293 12.0416 27.6586 29.4279
23.8537 9.84886 19.2354 19.0263 39.8246 11.1803   8.544 23.8537 28.5044 25.9615 31.4006 24.0832 8.13941 10.4403 34.4093 22.0227 32.2025       8 27.0185       0 16.5529 33.8378 5.09902 25.7099 28.0179 11.7047      16 39.0512 16.0312 17.2047 35.7106 36.2353 16.6433 27.7308 26.3059 15.6205 22.2036 32.1403      26 19.2354 23.7697   32.45 39.0512 41.2311 25.4951 31.9061   8.544 5.83095 22.1359 20.6155 16.6883 19.9625 18.0278 28.8444 13.4536 30.0832 6.08276 24.0208 25.0799 29.1548 33.3017       9 26.4008 9.05539 29.9666 11.4018    32.5 20.6155 23.7697      20
7.81025 24.8395 21.6333  7.2111 24.0832 17.4642 12.2066 13.1529 19.1442 19.6977      20 9.48683 20.5244 11.1803 18.3848 9.21954 15.6525 9.89949 11.6619 16.5529       0 24.7588 16.1245 27.6586 16.0312       5 17.4929 23.4307 6.08276 8.60233 21.0297 19.7231 16.0312 18.2483 26.8701 4.24264 19.2094 19.7231 24.2074 2.82843 16.1555 20.2237 23.4307 25.4951 12.1655 15.6205 19.2094 21.6333 15.2315 6.08276 15.7003 13.7295 23.2594 12.7279 18.0278 14.0357 21.8403 10.8167   8.544 14.5602 18.0278 21.9317 20.1246 16.1245 20.0998       6 16.5303 5.38516 26.4008 19.0263
26.8328 36.0555 46.0977 17.6918 36.0139 40.4969 25.2982 36.3593 5.70088 43.8292 6.08276 30.4138 41.1734 23.4094  31.257 15.6205 25.1794 26.4008 30.0832 33.8378 24.7588       0 36.6742  52.345 37.5766  25.807 41.8688 36.0555      20 33.3017 37.1652      28 18.1108 41.1825 51.6236      29 43.9318       8 48.9183      25 40.2244 40.4969 36.0555      37  33.541 28.4429 29.1548 35.5106 11.7047 28.8444 40.3299 38.3471 47.2017 28.1603 23.0217 19.2354 39.8497 14.4222 22.8473 14.3178 33.7343 32.0624       8 38.5876 42.4853 29.2062 19.0066      20 50.9902 16.0312
22.4722 14.3178 14.1421 20.3961 37.7359 6.08276 12.0416 20.5183 31.1207 21.5407 33.5261 21.9545 4.60977 13.6015 32.6497 23.3452 31.3209 10.2956 25.0599 5.09902 16.1245 36.6742       0 20.6155 24.7588 12.0416 11.0454 36.8917 17.4642 14.2127 33.1097 35.1141 20.5183 23.8537 21.2132 13.9284 17.4642 33.9559 21.0238 18.4391 19.7231 29.0689 36.8917 39.1152 22.8035 30.4631 13.6015  10.198 25.0599 18.7883 12.0208 15.9531      13  27.313 18.0278 30.1496 6.40312  25.318 24.5153 30.0666 31.0644 14.0357 29.6816       4 26.0768  10.198 32.6382      21 18.6815 24.0416
28.6356 34.0588  6.7082 34.6554      37 14.5602  31.305 19.6469 46.6744      13  47.634  25.632 19.0066  32.249 34.3657 36.8782 36.6879 28.6531 28.1603 25.7099 27.6586  52.345 20.6155       0 22.0907 27.0185 10.8167      36 32.5576 19.4165  31.004  38.833 39.4462      18 2.23607 23.4307 9.48683 47.2017 6.08276 28.0179 15.2971 24.0832      36 38.0132 23.7697 33.9559 34.2053 30.1496 41.8688 25.0599 12.0208 14.9833       8 31.3209 38.0789 38.9102      24 38.4187 32.6497 41.3401 31.1448 34.5254 46.8615 16.7631  19.105 23.4307 41.1734 32.8024       2 43.0465
10.7703 37.7359 19.4165 22.2036 15.1327 21.6333 27.2029 4.24264  32.596 9.21954 31.7648 7.28011 27.4089 26.6833 12.3693 22.8035 15.8114 24.3516 7.81025 28.0179 16.0312 37.5766 24.7588 22.0907       0 19.6469 17.4642 14.1421      22 10.8167 9.34077  17.088 32.0624 4.47214 20.2237 13.6015 13.0384 30.5287 16.2788 14.0357 7.07107 4.47214 14.1421 16.2788 4.12311   12.53 33.6155 33.8378 30.4138      10 14.9833 9.61769 22.8035 10.6301 33.7343 19.8494 31.1127 23.4094 14.7648 23.8537 9.05539 35.7771 34.9285 22.0227       5 17.4642 21.5697 18.4391      22      35
12.7279 19.8494 20.5183   8.544      29 14.7648 7.61577 16.1245 20.1122 21.3776 21.9317 13.8924 16.6208 7.07107 23.3452 11.4018 20.5913       5 16.4012 11.7047       5  25.807 12.0416 27.0185 19.6469       0 16.2788 28.3196 5.83095 10.0499 25.6564 24.6982 13.3417 21.0238 26.6271 6.08276 19.6977 22.1359 24.5967 7.81025 18.1108 24.0416 28.3196 30.4138 16.1555 20.6155 14.4222 16.6433 14.8661 10.2956 15.1162 14.9164 21.4009 17.6918 14.1421 18.4391 17.2627 13.3417 13.4164 18.0278 22.8035 17.0294 19.8494      13 23.0868 3.60555 20.8866 9.05539 25.4951 16.7631
20.2237  25.318 4.24264 24.2074   32.28 5.38516 20.6155 13.6015 36.1732 11.4018 37.4433      18 11.4127 21.4709 28.2843 26.6271 29.0689 17.8885 21.0238      16 17.4929 41.8688 11.0454 10.8167 17.4642 16.2788       0 31.3209 21.9317  10.198 26.7442 32.0156 28.6531      15 10.7703 13.4164  6.7082 37.2156      10 18.3848 10.8167  21.095 31.3209 33.5261 17.2627 27.0185 24.1868 21.2132 31.1448 16.2788 2.54951 7.90569 6.08276      24 27.5136 30.0832 16.1555 28.3019 23.7697 31.7805 25.7099      25 36.1248 7.07107 17.0294 12.7279    32.5 22.8254 9.21954  32.249
15.6205 48.0833  33.541 26.4008       1 34.9285  35.609   17.72  32.596      23 30.0167      15 40.2647 34.4093 5.38516 25.2982 11.0454 33.3017 12.0416 39.0512 23.4307 36.0555 36.8917      36 14.1421 28.3196 31.3209       0 27.7849 22.8254 5.02494 8.24621 37.5766      18 34.0147 23.4307 27.1662 28.0713 30.0167 20.6155 21.2132 12.1655       0 2.23607 14.3178   8.544  42.638 44.5982 33.2415 18.4391 28.7837 23.4201 36.8782 10.8167 40.8167 17.0294 43.2666 24.7386 16.5529 22.0227 5.83095 45.3431 36.4966 34.8855 17.1172 27.6586  17.066 22.3607 36.0555 39.5601
12.6491 22.3607 26.1725       3 28.3019 20.5913 8.94427 19.2354 14.3003  25.632 16.1555 15.1327 22.0737  7.2111 22.4722       6 18.3848 8.06226 16.7631 16.0312 6.08276      20 17.4642 32.5576      22 5.83095 21.9317 27.7849       0 14.3178 26.1008 22.6274  10.198 24.3311 32.0156 9.84886 24.6982 16.4924 29.6816 8.06226 22.1359 26.0768 27.7849 29.6816 18.0278 19.4165 15.8114 19.9249 9.43398      12 20.5548 19.4551 27.2029      17 13.0384 14.7648      22       8 11.4018 13.1529 22.8473  18.868 14.4222 18.7883 26.1725 9.21954 17.0074 5.65685 31.1127      13
10.0499 26.9258 13.9284 15.8114 23.7065 12.3693 17.1172  6.7082 27.7218 11.4018 28.3196 8.24621 17.4428      17 18.9737 17.6918      19 14.1421 11.4018 17.2047 8.60233 33.3017 14.2127 19.4165 10.8167 10.0499  10.198 22.8254 14.3178       0 18.9011 22.2036 23.3452 11.1803 18.4391 4.47214 10.6301 27.8029 15.6205 8.60233 8.06226 15.2643 22.8254 25.0599 8.60233 17.2627 23.0868 23.0217 23.7065 6.08276 7.90569 5.14782 16.2788 14.1421 24.0208 19.9249 20.6155  19.105 13.6015 21.9545      17 25.0799 28.6531  12.083 13.3417 7.07107 22.3215 13.4536 18.3576 26.6833
13.4629 45.0694 28.7446  25.224  6.0208 30.6472 33.1851 13.2004 33.0946 18.0069 31.0846 11.8004 36.2008 32.2064 6.26498  24.683 12.1758 30.6472 9.39415 35.7106 21.0297 37.1652 33.1097  31.004 9.34077 25.6564 26.7442 5.02494 26.1008 18.9011       0 11.0114 36.2112 13.0096 29.0043 20.2299 22.2767 29.3471  25.005 18.3371 16.3783 7.15891 5.02494 7.01783 10.3078 8.73212  40.078 41.4035 32.7452 15.4029 24.2332 18.8481 32.1442 9.55249 38.9391 17.9513 39.5127 24.5204 15.6285 22.8528     3.5 42.6058 36.5137 30.7937 12.0934 24.4591 18.6682 21.1009 31.1006 38.5649
12.6491 44.4072 35.0571 20.6155 8.06226 34.5254  31.241 19.2354 24.9098 26.2488 22.0227 14.0357   39.08 29.7321       5  18.868 4.24264 29.4109      11 36.2353 19.7231      28 35.1141  38.833  17.088 24.6982 32.0156 8.24621 22.6274 22.2036 11.0114       0 31.6228 21.5407  37.108 21.1896 29.4279      20 33.2415      17 23.5372 17.2047 8.24621       9 15.1327       5 38.2884 41.3401 26.4008 16.4924 29.5042 24.5459      38 8.06226 35.4683 9.48683 41.2311 17.8885 11.4018 14.3178 8.60233 41.2311 29.1204 33.9559 21.4709 25.0799 9.01388 16.9706 38.4708  33.121
22.8035      18 32.7567 11.1803 38.0132 25.6125 8.48528 29.0172 13.5831 34.7131 17.4642  25.318 24.6018  7.2111 32.2025 12.8062 27.4591 10.8167 26.9258 16.6433 16.0312 18.1108 20.5183 39.4462 32.0624 13.3417 28.6531 37.5766  10.198 23.3452 36.2112 31.6228       0 34.0588 39.3573  19.105 32.8938 18.9737 37.6962 18.2483 31.4006 36.2215 37.5766 39.3573 28.1603 29.0689 11.0454 17.4642 7.28011 22.0907 27.9732 28.2577 32.8024 26.9258 5.09902 22.6716 22.3607 14.1421 21.0238 19.2094 32.8938      14  10.198 23.4307 36.0139 16.7631 24.3977 15.2315 37.7359 3.60555
14.4222 37.5766 16.1555      25      19  19.799 28.2843 5.09902 36.0069       5 35.5106 10.8167 25.8312 28.0713 16.7631      26 20.2485  25.318 12.0416 27.7308 18.2483 41.1825 23.8537      18 4.47214 21.0238      15      18 24.3311 11.1803 13.0096 21.5407 34.0588       0 16.0312      15 9.48683 34.4093 12.0416 16.7631 4.24264 6.32456      18  20.025 7.81025      17 34.2053  33.541 33.2415 12.6491 12.7475 7.90569 19.6977      15 35.1283 24.0416      30 26.8328 18.6011 27.8029 13.3417 36.0555 37.9473 20.6155 2.23607 18.2483 25.8699 21.5407 18.1108 37.2156
27.2947      35 7.07107 33.9706 35.0143 15.1327 31.3847 18.0278 45.9837 11.0454 46.7547 24.1661 20.0562 32.2025 32.5576 36.0694 35.1141 28.6356 26.5707 26.3059 26.8701 51.6236 21.2132 2.23607 20.2237 26.6271 10.7703 34.0147 32.0156 18.4391 29.0043  37.108 39.3573 16.0312       0 22.6274 8.06226 46.2277       4 27.0185 13.6015 22.0227 34.0147      36 22.1359   32.28 34.7131 31.0161 41.4005 23.8537 11.5109 13.7295 9.21954 29.7321 38.2753 37.5899 25.0799 37.5366 31.3847 40.2244 29.2746 35.2278 46.4004 17.2627 17.0294 23.0217 39.8026 31.8904 3.60555 42.9418
  8.544 24.8395 17.4929 11.4018 24.2074 14.0357 13.6015 10.0499 23.3773 15.8114 24.2074 8.48528 17.9513 13.1529  18.868 13.4536 17.4642 10.7703 11.4018 15.6205 4.24264      29 13.9284 23.4307 13.6015 6.08276 13.4164 23.4307 9.84886 4.47214 20.2299 21.1896  19.105      15 22.6274       0      15 23.8537      20 5.09902 12.3693 18.0278 23.4307 25.6125 10.2956 16.5529 20.1246 21.2132 19.2354       5 11.5109 9.61769 19.3132 13.4164 20.2237 17.1172 20.1246      15      11 18.3848 17.6918 22.4722 24.1868 13.0384 17.0294 4.24264 19.6023 9.43398 22.2036 22.3607
19.2354 31.7805  6.7082 26.4008 28.1603  12.083 25.4951  10.198 38.3471       5 38.8973 16.1555 18.1177 25.9615 25.0799 28.3196 27.2029  22.561 18.6815 22.2036 19.2094 43.9318 17.4642 9.48683 13.0384 19.6977  6.7082 27.1662 24.6982 10.6301 22.2767 29.4279 32.8938 9.48683 8.06226      15       0 38.2884       5  19.105       6 15.8114 27.1662 29.2746 14.3178 24.5153      30 27.6586 34.1321 15.8114 5.52268 5.70088 10.2956 21.8403 32.5576 29.5296 22.8473 29.6985 23.3238 32.2025      22 31.1448 39.1152 13.6015 11.1803 16.1555  31.753 24.0416 9.05539 36.4005
     20 36.4966 41.3401 13.6015 28.0179 36.7696      24 29.8329 6.36396 37.5366 2.23607 23.6008 38.5649      22 23.3452 10.7703 17.2627 24.1868 22.8254 32.1403 19.7231       8 33.9559 47.2017 30.5287 22.1359 37.2156 28.0713 16.4924 27.8029 29.3471      20 18.9737 34.4093 46.2277 23.8537 38.2884       0 43.1856 19.2094 33.9706 33.1059 28.0713      29 26.6271 20.6155 29.4279 35.0571 11.7047 22.6274 35.3624  32.596 42.9418 20.6155 24.0416 11.4018 38.2099 8.94427 15.8114  6.7082 25.9615 32.5576 11.3137 35.1141 35.5106 25.0799 11.0114 14.4222 46.0435 18.3576
23.8537 35.2278 7.61577 31.4006 31.0161 15.1327 30.0832 14.3178 43.3417 7.07107 43.8406 20.5913 20.7425 30.6757 28.6356 33.3017 31.3847 27.2029 22.8473      26 24.2074 48.9183 21.0238 6.08276 16.2788 24.5967      10 30.0167 29.6816 15.6205  25.005 33.2415 37.6962 12.0416       4      20       5 43.1856       0 24.0416 9.84886 18.0278 30.0167      32 18.3848 28.4605 34.1321 31.1448 39.1152 20.6155 9.82344 10.6066 10.8167      26  37.108 34.1321 25.7099 34.6554 28.0179 37.0135  25.318      35 44.1022 17.0294 13.0384 21.0238 36.2802      29  6.7082 41.2311
      5 27.6586 22.3607 8.24621 21.2603  19.105      15 11.7047 19.5576  18.868  19.799 7.07107 22.6991 13.8924 15.5563 9.43398      13 12.7279 8.94427 19.2354 2.82843      25 18.4391 28.0179 14.0357 7.81025 18.3848 20.6155 8.06226 8.60233 18.3371      17 18.2483 16.7631 27.0185 5.09902  19.105 19.2094 24.0416       0 15.2643 18.0278 20.6155 22.6716      10 12.8062 22.0227 24.4131 16.4924 4.12311 16.3248  13.435 24.3516 9.89949 20.6155 12.0416 24.3516 10.6301 6.08276 13.4164 15.2643 24.7588 21.1896      18 18.4391 8.24621 14.5344       5 26.9258 21.0238
14.2127 33.6155 12.3693 23.2594 22.2036 15.5563   25.02 4.47214  34.821 3.60555 34.8281 10.8167 21.5928   25.02  19.105 24.6982 21.5407 22.0227      13 23.7697 16.1555 40.2244 19.7231 15.2971 7.07107 18.1108 10.8167 21.2132 22.1359 8.06226 16.3783 23.5372 31.4006 4.24264 13.6015 12.3693       6 33.9706 9.84886 15.2643       0 10.2956 21.2132 23.3452   8.544 18.6815 30.5941 29.5466 31.3847 11.4018 8.51469 3.80789 15.8114 16.1555      32 24.4131  25.807  25.807 18.4391 27.5862      16   32.28 36.2491 16.4012 6.40312      15    26.5 20.2485 15.0333 34.7131
14.1421   42.19 22.4722 26.0192 13.1529 25.6125 31.6228 8.60233 35.7841 11.1803 34.5398      11 31.5159 31.0483 12.2066 26.3059 17.0294 28.7924 10.4403   32.45 20.2237 40.4969 29.0689 24.0832 4.47214 24.0416  21.095 12.1655 26.0768 15.2643 7.15891 17.2047 36.2215 6.32456 22.0227 18.0278 15.8114 33.1059 18.0278 18.0278 10.2956       0 12.1655 14.0357 8.06226 13.4536 38.0789 38.2753 34.1321 14.1421 18.7216 13.5093      26   12.53 38.0789 21.9545 35.3836 26.6833   17.72 26.4008 8.60233 40.2492 38.4708 26.1725       5 21.9317 23.3077 22.0907 24.3311 39.0512
15.6205 48.0833  33.541 26.4008       1 34.9285  35.609   17.72  32.596      23 30.0167      15 40.2647 34.4093 5.38516 25.2982 11.0454 33.3017 12.0416 39.0512 23.4307 36.0555 36.8917      36 14.1421 28.3196 31.3209       0 27.7849 22.8254 5.02494 8.24621 37.5766      18 34.0147 23.4307 27.1662 28.0713 30.0167 20.6155 21.2132 12.1655       0 2.23607 14.3178   8.544  42.638 44.5982 33.2415 18.4391 28.7837 23.4201 36.8782 10.8167 40.8167 17.0294 43.2666 24.7386 16.5529 22.0227 5.83095 45.3431 36.4966 34.8855 17.1172 27.6586  17.066 22.3607 36.0555 39.5601
17.6918 50.2096 35.6931  28.178 1.41421 37.1618 37.6431 19.9249 33.8009   25.02 31.0161 17.2047    42.5 36.4005  7.2111 26.9258 12.3693 35.3836 14.2127 41.2311 25.4951      37 39.1152 38.0132 16.2788 30.4138 33.5261 2.23607 29.6816 25.0599 7.01783       9 39.3573  20.025      36 25.6125 29.2746      29      32 22.6716 23.3452 14.0357 2.23607       0 16.5529 10.2956 44.6878 46.7547 34.7851 20.6155 30.9919 25.6223 39.0512 12.8062   42.72 18.2483 45.4863 26.2488 18.3576 23.1948 8.06226 47.4236  37.855 37.1214 19.0263 29.8329 18.0069 24.1868 38.1182 41.2311
 6.7082      35      20 18.1108 15.2315 20.6155 23.7697 4.12311 28.5044 11.6619 27.7849 3.16228 25.9856 23.0868 11.0454 18.6815      13 21.0238 4.47214 25.4951 12.1655  33.541 22.8035 23.7697 4.12311 16.1555 17.2627 14.3178 18.0278 8.60233 10.3078 15.1327 28.1603 7.81025 22.1359 10.2956 14.3178 26.6271 18.3848      10   8.544 8.06226 14.3178 16.5529       0  10.198 30.4138  31.241 26.3059 6.08276 14.7139 9.51315 23.0868 7.61577 30.0832 16.2788 29.2062 19.3132 10.8167      20   8.544 32.7567 30.8058 20.5913 8.94427 14.4222 18.2003 14.3178 23.3452 31.0161
8.06226 40.4599 30.0666 17.8885 8.94427 29.6142 27.5862 14.3178 24.5051 21.5407 22.3607 9.05539 34.3111 26.2488 3.16228 16.7631 3.60555 25.4951       6 31.9061 15.6205 28.4429 30.4631 33.9559   12.53 20.6155 27.0185   8.544 19.4165 17.2627 8.73212       5 29.0689      17   32.28 16.5529 24.5153 20.6155 28.4605 12.8062 18.6815 13.4536   8.544 10.2956  10.198       0 34.6554 37.2022 24.7386 11.7047 24.5051 19.5576      33 3.16228   32.45 9.21954 36.6742 16.2788 8.06226 14.1421 5.38516 37.4833 28.1603 29.1204 17.2047 20.5913 10.0623 13.8924  33.541 31.0161
27.0185 7.07107 27.6586 18.3576 43.2782 19.6469 7.07107 29.7321 24.5051 33.2415 28.1603 28.3019 16.3783 8.60233 37.5366 21.0238 34.0588 9.43398 30.8058   8.544 19.2094 29.1548 13.6015 34.2053 33.6155 14.4222 24.1868  42.638 15.8114 23.0868  40.078 38.2884 11.0454 34.2053 34.7131 20.1246      30 29.4279 34.1321 22.0227 30.5941 38.0789  42.638 44.6878 30.4138 34.6554       0  6.7082 18.0278 24.6982 24.5051 26.8794 26.5707 31.8904 6.32456 30.5287 12.7279 22.8473 26.9072 28.2312 37.2022 3.16228 21.2132 17.4642 36.4005 16.1555 32.6841 21.4009   32.28 13.6015
29.2062 4.12311      24 22.8035 45.3431 16.0312 11.1803 29.6816 30.6023 31.6228      34 29.6985 11.2805 13.1529 39.8246 25.7099 37.2156  12.083 32.5576 5.83095 21.6333 35.5106  10.198 30.1496 33.8378 16.6433 21.2132 44.5982 19.9249 23.0217 41.4035 41.3401 17.4642  33.541 31.0161 21.2132 27.6586 35.0571 31.1448 24.4131 29.5466 38.2753 44.5982 46.7547  31.241 37.2022  6.7082       0 24.0832 26.1725 22.1923 25.7391 22.2036 34.2053      13 34.5398  6.7082 27.6586 30.0167 32.9848 38.8973       5 27.6586 14.1421 35.7771 16.9706  36.868 25.0799 28.1603 20.2485
 20.025 25.0799 35.3836 8.24621 33.5261 29.2062 13.6015 28.1603  6.5192 34.9285  10.198 23.1948 29.5169 11.7047 27.8927 8.06226 22.4722 14.7648      24 22.1359 15.2315 11.7047 25.0599 41.8688 30.4138 14.8661 31.1448 33.2415 9.43398 23.7065 32.7452 26.4008 7.28011 33.2415 41.4005 19.2354 34.1321 11.7047 39.1152 16.4924 31.3847 34.1321 33.2415 34.7851 26.3059 24.7386 18.0278 24.0832       0 20.6155 29.9082 28.8531 36.1248 23.1948 12.3693      17 28.1603   8.544 17.1172 12.8062 29.2746  21.095       5 27.2029 34.9285 18.4391 18.3098 12.0416 40.3609 7.07107
      4 29.7321 19.9249 12.3693 19.2094 18.1108 17.8885 7.61577 23.5053      15 23.4307 3.60555 22.6108  17.088 13.8924 13.4164 13.0384 15.2643 6.40312 20.6155 6.08276 28.8444 18.7883 25.0599      10 10.2956 16.2788 18.4391      12 6.08276 15.4029 16.4924 22.0907 12.6491 23.8537       5 15.8114 22.6274 20.6155 4.12311 11.4018 14.1421 18.4391 20.6155 6.08276 11.7047 24.6982 26.1725 20.6155       0 13.9463 10.1242 22.3607   8.544 24.0416 13.9284 25.0599 14.4222 7.61577 16.4012 12.7279 27.2029 25.2982 17.4642 14.3178 9.21954 16.2865 8.94427 24.1661      25
17.8466 26.3154 6.04152 22.6385 29.7405 7.10634 20.2608  11.068 34.6554 9.61769 35.7001 15.5081 13.2004 20.8926 25.7391 24.9098 26.6177 17.3925 18.5068 16.6883 15.7003 40.3299 12.0208 12.0208 14.9833 15.1162 2.54951 28.7837 20.5548 7.90569 24.2332 29.5042 27.9732 12.7475 11.5109 11.5109 5.52268 35.3624 9.82344 16.3248 8.51469 18.7216 28.7837 30.9919 14.7139 24.5051 24.5051 22.1923 29.9082 13.9463       0 5.38516 8.51469 21.5058 27.2855 27.8298 17.6777 26.5047 21.5058 29.7405 23.1625 25.6223  34.907 8.27647 14.8492 11.5109   30.22 20.9404 10.7005 31.5357
13.6565 29.8077 10.5119 20.9404 24.3824 12.1037 21.5058 5.70088 32.8024  6.5192  33.234 10.7935 18.0347 21.6449 20.5548 22.7266 21.9659 18.5068 13.5831 19.9625 13.7295 38.3471 15.9531 14.9833 9.61769 14.9164 7.90569 23.4201 19.4551 5.14782 18.8481 24.5459 28.2577 7.90569 13.7295 9.61769 5.70088  32.596 10.6066  13.435 3.80789 13.5093 23.4201 25.6223 9.51315 19.5576 26.8794 25.7391 28.8531 10.1242 5.38516       0 13.5831 16.6883 28.5394  23.927  22.102  24.052 17.6777 26.5047 17.8466 28.5044 33.8009 12.7475 10.1242 11.5974 26.1964 18.3984 14.2302 31.6623
26.3059 26.0768 3.60555 29.6816  37.855  7.2111 24.4131 19.2354  41.503 15.2643 43.0465 24.0208 11.0114 25.6125 34.1321  32.249 35.1283 22.0227      27 18.0278 23.2594 47.2017      13       8 22.8035 21.4009 6.08276 36.8782 27.2029 16.2788 32.1442      38 32.8024 19.6977 9.21954 19.3132 10.2956 42.9418 10.8167 24.3516 15.8114      26 36.8782 39.0512 23.0868      33 26.5707 22.2036 36.1248 22.3607 8.51469 13.5831       0 30.0167 30.8869 36.1386      16      34 29.8329 37.6962 31.4006 26.6833 41.0366 9.43398 21.4709 18.0278 38.5649 28.6356       6 36.4005
      5 37.5366 27.1662 15.8114 11.4018 26.4764 24.8395 11.7047 23.7592 19.2354 22.1359       6 31.1488 23.6008 5.65685 15.1327 5.38516 22.6274 3.16228 28.8444 12.7279 28.1603  27.313 31.3209 10.6301 17.6918      24 10.8167      17 14.1421 9.55249 8.06226 26.9258      15 29.7321 13.4164 21.8403 20.6155      26 9.89949 16.1555   12.53 10.8167 12.8062 7.61577 3.16228 31.8904 34.2053 23.1948   8.544 21.5058 16.6883 30.0167       0 30.0167 9.43398  33.541      15 6.08276 13.9284 6.08276 34.6554      27 25.9615 15.5563 17.4929 10.9659 11.7047 30.8058 29.1204
25.4951 13.0384 31.3847 14.8661 41.3401 23.7065 7.07107 30.2655 18.6682 35.0571  22.561 27.5136 21.5928 7.07107 35.5106 17.0294  31.241 10.0499 29.5466 13.4536 18.0278 23.0217 18.0278 38.0789 33.7343 14.1421 27.5136 40.8167 13.0384 24.0208 38.9391 35.4683 5.09902 35.1283 38.2753 20.2237 32.5576 24.0416  37.108 20.6155      32 38.0789 40.8167   42.72 30.0832   32.45 6.32456      13 12.3693 24.0416 27.2855 28.5394 30.8869 30.0167       0 26.9072 18.6011 18.6011 24.4131 23.8537 35.7771 9.05539 15.0333 21.4709 37.2156      17 28.8141 18.6011 36.2491 7.28011
10.2956 37.1214 33.8378 12.2066 17.1172 31.1448 23.7065      20 15.5724 27.8029 13.1529 13.6015 34.5579 21.9545 12.0416 9.89949       6 22.4722 12.0416 30.0832 14.0357 19.2354 30.1496 38.9102 19.8494 18.4391 30.0832 17.0294 14.7648 19.9249 17.9513 9.48683 22.6716 24.0416 37.5899 17.1172 29.5296 11.4018 34.1321 12.0416 24.4131 21.9545 17.0294 18.2483 16.2788 9.21954 30.5287 34.5398      17 13.9284 27.8298  23.927 36.1386 9.43398 26.9072       0 35.6931 8.60233 6.32456       5 14.5602 33.6155 19.6469 30.0167 24.8395  20.025     2.5 9.48683 38.0789 23.8537
28.6356  10.198 18.2483      25 44.1022 10.7703 14.5602 26.8701 34.5615 27.2947 37.4833 28.3019 5.02494 16.4924 38.9487      28 37.3363 14.0357 31.3847 6.08276 21.8403 39.8497 6.40312      24 31.1127 17.2627 16.1555 43.2666      22 20.6155 39.5127 41.2311 22.3607      30 25.0799 20.1246 22.8473 38.2099 25.7099 24.3516  25.807 35.3836 43.2666 45.4863 29.2062 36.6742 12.7279  6.7082 28.1603 25.0599 17.6777  22.102      16  33.541 18.6011 35.6931       0      30 30.3645 35.0571 37.4433 11.6619  32.311 9.43398 32.2025 16.1555 38.1477 26.3059      22 25.5539
12.6491 29.7321   32.45       5      25 27.8568 16.4924 21.9545 9.19239 29.4109 9.21954 16.1555 29.9207 14.5602 19.4165       2 13.9284 16.0312 16.2788 24.0208 10.8167 14.4222  25.318 38.4187 23.4094 13.3417 28.3019 24.7386       8  19.105 24.5204 17.8885 14.1421 26.8328 37.5366      15 29.6985 8.94427 34.6554 10.6301  25.807 26.6833 24.7386 26.2488 19.3132 16.2788 22.8473 27.6586   8.544 14.4222 26.5047  24.052      34      15 18.6011 8.60233      30       0 9.05539 5.38516 21.0238      26      12 26.2488 28.2312 16.1555 10.2591 5.65685 37.2022 15.2643
4.24264 33.0151 27.5136 9.84886      17   25.02 19.8494 14.1421 18.0693 21.9317      17 7.81025 28.7793 18.3848 11.1803 9.05539  7.2111 18.0278 7.28011 25.0799   8.544 22.8473 24.5153 32.6497 14.7648 13.4164 23.7697 16.5529 11.4018 13.6015 15.6285 11.4018 21.0238 18.6011 31.3847      11 23.3238 15.8114 28.0179 6.08276 18.4391   17.72 16.5529 18.3576 10.8167 8.06226 26.9072 30.0167 17.1172 7.61577 21.5058 17.6777 29.8329 6.08276 24.4131 6.32456 30.3645 9.05539       0 9.21954 12.1655 29.8329 21.0238 24.0208 19.7231 14.3178 8.73212 5.83095 31.7805 23.0868
13.4536 35.1141 35.7771  10.198 22.0907 32.0156 21.8403 23.3452 10.6066 31.1127 8.24621 17.0294 34.6302 19.9249 17.0294 7.28011      11 21.2132 16.1245 29.1548 14.5602 14.3178 30.0666 41.3401 23.8537 18.0278 31.7805 22.0227 13.1529 21.9545 22.8528 14.3178 19.2094 27.8029 40.2244 18.3848 32.2025  6.7082 37.0135 13.4164 27.5862 26.4008 22.0227 23.1948      20 14.1421 28.2312 32.9848 12.8062 16.4012 29.7405 26.5047 37.6962 13.9284 23.8537       5 35.0571 5.38516 9.21954       0 19.4165 31.3847 14.8661 30.5941 28.8444 20.3961 5.59017 9.21954 40.3113 19.8494
10.2956   42.45 28.1603 21.8403  6.7082 29.1548 30.2324 12.1655 29.6057 18.2483 27.6586 9.21954  34.442 29.1548 3.60555 21.2132 8.94427 27.8029 6.40312 33.3017 18.0278 33.7343 31.0644 31.1448 9.05539 22.8035 25.7099 5.83095 22.8473      17     3.5 8.60233 32.8938 13.3417 29.2746 17.6918      22 25.9615  25.318 15.2643      16 8.60233 5.83095 8.06226   8.544 5.38516 37.2022 38.8973 29.2746 12.7279 23.1625 17.8466 31.4006 6.08276 35.7771 14.5602 37.4433 21.0238 12.1655 19.4165       0 39.8246 33.0151 29.0689      13 21.9317 15.4353   17.72 31.0161  35.171
29.7321       4 28.1603 21.4709 46.0109 20.0998      10 31.7805 27.5409 34.7131  31.257 30.8058 15.9765 11.6619 40.3113 24.1661 37.0135 12.0416 33.4215       9 21.9317 32.0624 14.0357 34.5254 35.7771 17.0294      25 45.3431  18.868 25.0799 42.6058 41.2311      14 36.0555 35.2278 22.4722 31.1448 32.5576      35 24.7588   32.28 40.2492 45.3431 47.4236 32.7567 37.4833 3.16228       5  21.095 27.2029 25.6223 28.5044 26.6833 34.6554 9.05539 33.6155 11.6619      26 29.8329 31.3847 39.8246       0 24.0832 18.0278 38.2753 18.3576 35.7946 24.4131 32.5576 16.2788
24.3311 28.0713 40.3609      13 36.6742 34.0588 17.8885 32.8938 4.94975 39.8121 9.21954 27.6586 34.0478 16.1245  31.257 12.1655 25.4951 19.4165 28.1603 26.4008 20.1246       8 29.6816 46.8615 34.9285 19.8494 36.1248 36.4966 14.4222 28.6531 36.5137 29.1204  10.198 37.9473 46.4004 24.1868 39.1152 11.3137 44.1022 21.1896 36.2491 38.4708 36.4966  37.855 30.8058 28.1603 21.2132 27.6586       5 25.2982  34.907 33.8009 41.0366      27 15.0333 19.6469  32.311      12 21.0238 14.8661 33.0151 24.0832       0 32.0156 39.5601 23.4307 20.4267 16.4924 45.3431 8.06226
21.3776 18.2483  10.198 21.5407 35.7771 2.23607      15 17.8045 32.9317 17.8885 34.9285 20.2485 5.40833 16.2788 31.0161 24.3516 30.4138 12.7279 23.4094 9.05539 16.1245 38.5876       4 16.7631 22.0227      13 7.07107 34.8855 18.7883  12.083 30.7937 33.9559 23.4307 20.6155 17.2627 13.0384 13.6015 35.1141 17.0294      18 16.4012 26.1725 34.8855 37.1214 20.5913 29.1204 17.4642 14.1421 27.2029 17.4642 8.27647 12.7475 9.43398 25.9615 21.4709 30.0167 9.43398 26.2488 24.0208 30.5941 29.0689 18.0278 32.0156       0 22.8035  10.198 32.5154 21.3776 14.8661 27.0185
15.6525 39.8121 17.8885 26.6833 18.1108 21.9317 30.4138       7 37.4233 6.32456 36.7151  12.083 27.9866 30.1496 16.5529 27.5136 20.6155 27.4591 12.8062 29.9666 20.0998 42.4853 26.0768  19.105       5 23.0868 17.0294 17.1172 26.1725 13.3417 12.0934 21.4709 36.0139 2.23607 17.0294 17.0294 11.1803 35.5106 13.0384 18.4391 6.40312       5 17.1172 19.0263 8.94427 17.2047 36.4005 35.7771 34.9285 14.3178 14.8492 10.1242 21.4709 15.5563 37.2156 24.8395 32.2025 28.2312 19.7231 28.8444      13 38.2753 39.5601 22.8035       0 20.3961 26.5189 23.0868 19.4165 39.1152
  12.53 20.6155 16.9706 11.6619 28.4253 11.7047 10.0499 13.6015 23.5053 18.1108 25.0599 12.7279 14.5344 10.0499 23.0217 14.3178 21.1896 7.07107 15.6205 11.4018       6 29.2062  10.198 23.4307 17.4642 3.60555 12.7279 27.6586 9.21954 7.07107 24.4591 25.0799 16.7631 18.2483 23.0217 4.24264 16.1555 25.0799 21.0238 8.24621      15 21.9317 27.6586 29.8329 14.4222 20.5913 16.1555 16.9706 18.4391 9.21954 11.5109 11.5974 18.0278 17.4929      17  20.025 16.1555 16.1555 14.3178 20.3961 21.9317 18.3576 23.4307  10.198 20.3961       0 22.5222 11.1803 21.9317 20.2485
12.5399 39.3605 36.2112 14.3265 17.0074 33.6341 25.9471 22.0511 16.0078 29.8203 13.0096 15.6924  37.054 24.1506    12.5 11.8004     6.5 24.8244 13.8293    32.5 16.5303 19.0066 32.6382 41.1734 21.5697 20.8866    32.5  17.066 17.0074 22.3215 18.6682 9.01388 24.3977 25.8699 39.8026 19.6023  31.753 11.0114 36.2802 14.5344    26.5 23.3077  17.066 18.0069 18.2003 10.0623 32.6841  36.868 18.3098 16.2865   30.22 26.1964 38.5649 10.9659 28.8141     2.5 38.1477 10.2591 8.73212 5.59017 15.4353 35.7946 20.4267 32.5154 26.5189 22.5222       0 11.8849 40.3887 25.3032
      8 27.7849 26.9258 4.12311 22.8254 22.8035 14.4222 16.5529 14.5774 23.8537 14.8661 11.1803 25.5196 12.8062      17 4.47214 12.7279      13 12.0416 20.6155 5.38516      20      21 32.8024 18.4391 9.05539 22.8254 22.3607 5.65685 13.4536 21.1009 16.9706 15.2315 21.5407 31.8904 9.43398 24.0416 14.4222      29       5 20.2485 22.0907 22.3607 24.1868 14.3178 13.8924 21.4009 25.0799 12.0416 8.94427 20.9404 18.3984 28.6356 11.7047 18.6011 9.48683 26.3059 5.65685 5.83095 9.21954   17.72 24.4131 16.4924 21.3776 23.0868 11.1803 11.8849       0 31.6228 17.4642
27.8568 32.0624       5 33.3017  37.054 12.6491 29.5296 19.2354 45.3045 13.1529 46.4004      25 17.0074 30.5287 34.1321  35.609 36.1386 26.9258 27.6586 23.7697 26.4008 50.9902 18.6815       2      22 25.4951 9.21954 36.0555 31.1127 18.3576 31.1006 38.4708 37.7359 18.1108 3.60555 22.2036 9.05539 46.0435  6.7082 26.9258 15.0333 24.3311 36.0555 38.1182 23.3452  33.541   32.28 28.1603 40.3609 24.1661 10.7005 14.2302       6 30.8058 36.2491 38.0789      22 37.2022 31.7805 40.3113 31.0161 32.5576 45.3431 14.8661 19.4165 21.9317 40.3887 31.6228       0 41.3401
 25.318 20.2237 36.3593 13.3417 39.9249 29.2062 12.0416 32.1403 12.3491 38.0789 16.5529 28.0713 28.0401 10.8167  34.176 14.3178 29.0689 14.4222 29.4279      20 19.0263 16.0312 24.0416 43.0465      35 16.7631  32.249 39.5601      13 26.6833 38.5649  33.121 3.60555 37.2156 42.9418 22.3607 36.4005 18.3576 41.2311 21.0238 34.7131 39.0512 39.5601 41.2311 31.0161 31.0161 13.6015 20.2485 7.07107      25 31.5357 31.6623 36.4005 29.1204 7.28011 23.8537 25.5539 15.2643 23.0868 19.8494  35.171 16.2788 8.06226 27.0185 39.1152 20.2485 25.3032 17.4642 41.3401       0


