      0 34.7131 27.1662 12.0416 19.2354 24.1661 28.4253 13.9284 16.4469 22.6716 15.8114      25 27.5726      13 21.5407 17.0294 9.21954 14.1421 29.7321 21.9317      21 30.4138 30.2324 32.7567 30.2324 36.2353 18.0278 26.0768 9.21954 13.4164 17.7553 13.4536 18.7883 19.7231 31.6228 14.3178 23.6008 26.4008 34.2053 28.2843  19.105 19.4165 17.8885 20.5913  12.083 36.0694 17.0294  28.178 15.0333 17.1172  21.272 17.9025 29.4109 10.0499      25 21.3776 28.8617 7.28011 21.1896 8.60233 30.0832 27.8029 28.6356 33.0151 21.0238 13.0384 24.0052 23.1948 31.7648 11.1803
34.7131       0 26.0192 22.6716 53.6004 57.6281 45.7056 41.6773 30.3727 43.7379 34.5398 50.6952 24.4182 22.8035 54.8179 48.2597 43.8634 20.6155 43.1856 17.2627 23.5372 28.2843 6.08276 43.2897 64.4438 46.0435 25.4951      21 25.4951 33.8378 50.6779 48.1041 17.4929 44.9222 44.1022 24.6982 40.1995 39.3192 6.40312  6.7082 41.2311 48.8467 51.7397      55 41.1461 3.16228 18.0278 13.1529 24.5967 28.6356 34.6771 37.4767 35.3553  42.638 16.1245 27.4591 19.6469 31.4006 47.0106 36.6197 12.1655 9.05539      35 50.4876 47.1275 26.9258 58.3631 51.4296 41.3038  25.807
27.1662 26.0192       0  21.095 44.4072 41.5933 21.0238 24.1661 11.7686 47.5395 15.2315      29 39.4367      17 38.9102  31.305 33.2415 21.4009   17.72 29.2062  6.7082 3.60555 20.0998 53.8238 49.1935  20.025 33.4215 5.09902 21.9317 36.2491    44.5 36.6742 14.8661 45.8803  53.535 29.4109 46.5296 14.3178 30.5941 24.0416 44.0114 46.5296 37.3363 45.5412  38.833 29.0689 22.6274  31.305 12.6491 35.2278 42.0298 41.3824 47.5079 28.8617 10.4403 6.08276 36.8917  20.025 26.2488 22.3607 14.0357 26.9258 9.05539 25.2982 47.5395 30.5287 44.1956  31.241 52.2015 16.7631
12.0416 22.6716  21.095       0 31.0644 35.5106 31.3209 21.3776 14.9833 26.9258 17.4642 32.0624 20.7183 4.24264 32.7567 26.9258 21.2132 2.23607 30.8707      12 14.4222 24.6982 18.3576 32.8024 42.0119 36.3593 12.8062 18.0278 2.82843 15.5242 28.6923 25.4558       8 26.0768   32.45 8.48528 25.4951 26.8328 22.4722 16.2788 23.5372 28.2843 29.4109   32.45 20.2237 24.0832 5.38516 17.4642 9.21954 14.2127 20.9404 20.5548 26.9072 20.5913 15.0333 16.9706 20.0998  10.198 28.0713 15.5242 19.2354 16.1245 26.2488 36.4005 28.0179 9.43398 35.8504 31.5753  31.241 6.32456
19.2354 53.6004 44.4072 31.0644       0 14.7648 37.3363 22.3607 32.6879      24      30 28.3019 41.1491 32.2025 14.2127 17.8885 11.1803 33.0151 40.5216 38.9487 39.0512 47.1699 49.3964      37      16 47.1275   32.45 44.3847 28.3019 23.7065  6.0208 8.06226 38.0132      19 35.0143 30.4795 28.1603 38.6394  52.345 47.0106 22.2036 13.1529 11.4018 1.41421 15.2315 54.6717  35.609 45.3431 33.5261 30.0167 29.7405 24.3824  37.855 16.0312 44.0114 38.3275 44.1022      25 26.4008 22.0907 49.2443 46.0109 43.1045 40.2492 18.1108 28.4253 10.9202 24.4131  37.054 30.0832
24.1661 57.6281 41.5933 35.5106 14.7648       0      28 17.4929 30.3727 37.6563 26.4197 17.1172 50.9338 34.8281 2.82843 10.2956 15.5242 37.7359 32.0624 46.0977 38.0132 43.4626 52.4023 50.4876 7.61577 38.0132 41.4849 43.2666 32.7567 34.2345 20.4267 12.0416 40.3609 32.7567 48.6621 38.2753 41.1947 31.5753 57.9828  51.614 35.2278 27.5136 6.32456 14.4222 27.0185 59.4054 40.8167 52.3259 33.9706 39.8121 41.5271 36.5034   50.01      15 44.6878 35.8469  52.811 26.2488 17.1172 21.2132 50.3289 51.6236 37.3631 29.4279   32.28 36.6879 4.71699 13.0384 50.2494 31.8904
28.4253 45.7056 21.0238 31.3209 37.3363      28       0 15.8114 16.6883 50.9313 13.9284 11.1803 52.0216 27.6586 26.0768 19.6469 28.3019 32.9848 4.47214 42.9535 22.2036 20.8087 39.6232 61.0328 35.1283 10.0499 43.4626 25.2982 30.0832 41.6173 40.2647 29.5466 30.0167 47.4236      60      39 52.0096  6.7082 49.0918 42.0476 47.4236 45.2217 26.6833 37.9473 39.6232 48.5077 35.6931 47.2652 23.1948 43.8292 49.2392 46.3087 56.8243 22.4722 29.6142 18.2483 51.1957 22.8254 11.1803 19.8494 34.4819 44.0114 12.8062 5.09902 48.2701 38.9102 32.0975 15.0333 59.9083      25
13.9284 41.6773 24.1661 21.3776 22.3607 17.4929 15.8114       0 12.9035  35.609 8.94427 11.1803  40.611 19.3132 14.7648  7.2111   12.53 23.5372 18.3848 33.2415 20.6155 26.2488 36.0555 46.5296 25.0599 25.0799  31.257  25.807  19.105  27.313 24.6221 14.3178 24.1868 31.8277 45.2769  27.074 37.2156 16.2788 43.0813 36.2491 32.2025 29.4109 13.3417 23.1948 24.0832 43.8292 26.6833  38.833 17.2047 30.8058 35.1923 31.5674 43.3244  6.7082 27.5862 18.3576 41.0488 11.1803 7.28011       6 33.2415      37 21.0238  19.799 32.5576 26.3059 20.0811  10.198  45.618 16.1555
16.4469 30.3727 11.7686 14.9833 32.6879 30.3727 16.6883 12.9035       0 38.4253 4.30116 20.3593 35.6546  11.068 27.6134 20.1122 21.5523 16.4469 15.8902 26.3154 7.77817 14.5086 24.4233 46.6744 37.9012 21.5058 27.6134 12.9035 14.3003 27.7218 33.0946 24.9098 13.5831 36.0069 45.9837 23.1625 38.3471 11.8533 32.9621  25.894  34.821 35.7841 25.7391 33.8009 28.5044 32.9014 19.0394 30.6023  6.5192 28.5044 34.6554 32.8024  41.503 17.1026 15.1162 5.70088 34.5615 9.19239 16.8077 10.6066 20.7002 27.5409 12.3491  21.783 37.4233 23.5053 32.6535 21.5058 45.3045 8.74643
22.6716 43.7379 47.5395 26.9258      24 37.6563 50.9313  35.609 38.4253       0 38.4187  45.793 22.7431 30.6757 36.1386 35.7771 24.5967 27.4591 52.4023 26.4764 40.8534 51.0784 42.0476      13      40 58.8982 18.2483 44.9222  25.632 11.4018 18.0069 26.2488 34.7131       5 11.0454  20.025       5 49.0408 39.8497 37.3363 3.60555 11.1803   32.28   25.02 11.6619 43.4166 28.0713 31.6228 34.9285 15.1327 9.61769  6.5192 15.2643 29.6816 41.7732 42.4853 27.2947 29.4109 42.4382 31.1127 45.1774 34.7131  50.774 55.3173 6.32456 18.1108 34.6302 42.9418 13.1529 30.8707
15.8114 34.5398 15.2315 17.4642      30 26.4197 13.9284 8.94427 4.30116 38.4187       0 16.1555 38.1215 14.0357 23.7065 16.1245  19.105 19.2354 14.2127 29.2746 12.0416 17.4642 28.6356  47.634      34 20.5183 29.5466 17.0294 16.1555 28.3196 31.0846 22.0227 17.4642 35.5106 46.7547 25.0799 38.8973 10.6301 36.8782 29.8329 34.8281 34.5398 22.1359 31.0161 27.7849      37 22.0907      34  10.198 30.0167 35.7001  33.234 43.0465 14.0357 19.4165 9.43398 37.4833 9.21954   12.53 8.24621      25  31.257 13.3417 18.9737 36.7151 25.0599 28.9698 17.2047 46.4004 11.1803
     25 50.6952      29 32.0624 28.3019 17.1172 11.1803 11.1803 20.3593  45.793 16.1555       0 51.7421 29.4279 15.5242 10.6301 21.4009 34.1321 15.5242 44.0454 27.7849 29.8329 44.7772 57.2713 24.0208 21.0238 42.4264 32.2025      30 38.2753 32.2684 21.2603 33.5261 41.6173 55.9017 38.2099 47.8539 16.1245 52.8867 45.8803 42.5441 38.2099      17 28.6531 34.1321 53.1413 37.2156  49.366 26.2488 41.9762  46.179 42.2907 54.4059 16.1245 35.3553 24.4131      52      22       4 17.1172 40.8167 47.0744 22.4722 12.3693 42.0119 37.4833 21.4767 4.12311 56.4624 26.3059
27.5726 24.4182 39.4367 20.7183 41.1491 50.9338 52.0216  40.611 35.6546 22.7431 38.1215 51.7421       0 24.6221 48.5412  44.601 35.4154 19.2419 51.5388 10.2591 33.4253 42.8981 25.2834 19.0066 55.8323 56.8001 9.55249 35.0179 22.0737 17.4428 36.2008   39.08 24.6018 25.8312 20.0562  13.537 18.1177 47.4684 19.0066    19.5 21.5928 31.5159 44.6346    42.5 25.9856 23.0489  17.066 11.2805 29.5169 11.2361 13.2004 18.0347 11.0114 37.6198 30.0707 36.7865 5.02494 29.9207 47.7624 34.6302 30.7937 15.9765 46.2196 57.0898 27.9866 14.5344 49.6488 50.5099 17.0074 27.0416
     13 22.8035      17 4.24264 32.2025 34.8281 27.6586 19.3132  11.068 30.6757 14.0357 29.4279 24.6221       0 32.0156 25.5539 21.6333 5.38516 26.9258 15.2971 10.2956 20.5913 17.6918 37.0135 41.7253  32.249 17.0294 14.3178 5.09902 19.3132 30.5655  25.807 5.83095 29.4279 36.6197 12.7279 29.5296 22.8473 23.7697      17 27.2029 31.0161      29  33.541      23 24.6982 8.06226  20.025       5 18.4391 25.1098 24.4233 31.1448 19.8494 12.1655 12.7279 23.5372 8.60233 25.4951 13.8924  17.088   17.72 22.0227 32.7567  31.257 13.6015 35.7246 29.4109 35.4683 3.16228
21.5407 54.8179 38.9102 32.7567 14.2127 2.82843 26.0768 14.7648 27.6134 36.1386 23.7065 15.5242 48.5412 32.0156       0 7.61577 13.1529 34.9857      30 43.4626 35.2278 40.8534 49.5782 48.8365 10.2956 36.1248 39.0512 40.4969 30.0167 32.0624 19.4743 10.0499 37.5366 31.3209 47.0744 35.7351 39.4588 29.2746 55.2268 48.8262  33.541 26.4008       4 14.1421 25.1794 56.6127 38.0789 49.6588 31.1448 37.4833 39.5032 34.5905 48.0104 12.2066 41.8688  33.121 50.2892 23.4307      15 18.3848 47.5079 48.8774 34.9285 27.8927 31.0161 34.2053  6.0208 11.4018 48.5077 29.0689
17.0294 48.2597  31.305 26.9258 17.8885 10.2956 19.6469  7.2111 20.1122 35.7771 16.1245 10.6301  44.601 25.5539 7.61577       0 11.1803 29.1548 23.1948 38.3275 27.8029 33.2415 42.8019 47.7598 17.8885 29.6142 35.0571 33.0151 24.3516 29.4279 21.6391 10.6301 30.8058 31.3847 46.2385  31.257 38.2753 22.0227 49.1935 42.5441 32.6956 27.6586 7.07107 18.3848 24.1661 50.2494  32.311 44.2719 24.0832 34.0147 37.2626 32.9014 45.7056       7 34.6554 25.5539 45.7056      17   8.544 11.6619 40.3113 42.9535 27.4591 22.3607 31.6228 30.0666 13.2382  7.2111 47.1275 22.4722
9.21954 43.8634 33.2415 21.2132 11.1803 15.5242 28.3019   12.53 21.5523 24.5967  19.105 21.4009 35.4154 21.6333 13.1529 11.1803       0 23.3452 30.8707 30.8869 27.8927 36.0555 39.2046 36.6879  21.095 37.5766 25.9615 33.2415 18.3848      19 12.1758 4.24264 27.4591 20.2485 35.1141 22.8473 27.2029 28.4605 43.4166 37.4833 21.5407 17.0294 9.21954 12.3693      13 45.2769 26.2488 37.2156 22.4722 24.3311 26.6177 21.9659 35.1283 5.83095 33.1059 27.1662 37.3363 13.9284 18.3848      11 38.4708 37.0135 32.3883 32.0156 20.6155 21.1896 14.8408 18.3576 36.1386 19.2354
14.1421 20.6155 21.4009 2.23607 33.0151 37.7359 32.9848 23.5372 16.4469 27.4591 19.2354 34.1321 19.2419 5.38516 34.9857 29.1548 23.3452       0  32.311 10.0499 14.8661      25 16.5529   32.45 44.2041 37.5899 12.0416 17.8885       5 16.1245 30.4179 27.5862 7.28011      27  32.249 8.06226  25.632 28.2312 20.2485 14.1421 24.1868 29.6142 31.6228 34.4093  21.587 21.9317 3.16228 15.2971 10.2956 13.8924 20.7966 20.9881 26.1725 22.8254 14.3178 17.8045 18.2483 12.3693 30.1496   17.72 18.0278 13.8924 27.2029 38.0789 29.0172 9.48683 38.0296 33.7343 30.8058 8.06226
29.7321 43.1856   17.72 30.8707 40.5216 32.0624 4.47214 18.3848 15.8902 52.4023 14.2127 15.5242 51.5388 26.9258      30 23.1948 30.8707  32.311       0 42.0595  20.025      17 37.1214 61.8466 39.3192  6.7082 43.4166 22.3607 30.0167 42.5206 43.0029  32.573 28.4429 49.2037  60.959 38.9487 53.0754 4.12311 47.0106   40.05 48.8365 47.5079 30.2655 41.2311 41.4005 46.0977 34.7851 45.8912 22.1359 44.1022 49.9049 47.3973 57.1402 25.0799  27.074 16.0312 50.2892 23.4307      15 21.4009 31.5753 42.2966 8.94427 7.61577 50.2195 39.1152 36.0035 19.2354 60.6053 24.5967
21.9317 17.2627 29.2062      12 38.9487 46.0977 42.9535 33.2415 26.3154 26.4764 29.2746 44.0454 10.2591 15.2971 43.4626 38.3275 30.8869 10.0499 42.0595       0 23.3238 32.6497 16.2788 27.2029 51.9711 47.0106 8.24621 24.7588 14.1421      17 35.0892 34.9857 14.4222 27.8568 27.6586 8.48528 23.0217 37.9473 13.8924      11 24.0416  32.249 39.8121 40.3609      25  17.088 7.28011 6.40312 19.9249 11.4018 17.5071 20.2608 19.6977 31.6228 19.8494 26.8328 8.24621 22.0907   40.05 27.2947 21.0238 8.24621 36.2353 48.0521 30.0832 10.6301 45.7083 43.4166 25.2982 18.1108
     21 23.5372  6.7082 14.4222 39.0512 38.0132 22.2036 20.6155 7.77817 40.8534 12.0416 27.7849 33.4253 10.2956 35.2278 27.8029 27.8927 14.8661  20.025 23.3238       0 10.2956 17.4642 47.2017 45.4863 24.0416 26.9072 5.38516 15.2315 29.5466 38.6167 31.6228 8.94427 39.2938 46.8722 22.8035 39.8246      16      27  20.025 37.3363 40.1995  33.121 40.2616 32.3883 26.3059 16.4012 26.2488 6.08276 28.6007 35.3624 34.6771 41.0366 24.1661 7.61577       4  31.305 14.1421 24.4131 17.4642 13.0384 22.3607      13  27.074      41 23.8537 40.0656 29.2062  45.607  10.198
30.4138 28.2843 3.60555 24.6982 47.1699 43.4626 20.8087 26.2488 14.5086 51.0784 17.4642 29.8329 42.8981 20.5913 40.8534 33.2415 36.0555      25      17 32.6497 10.2956       0  22.561 57.4282 51.0784 18.1108 37.0135 8.06226 25.4951 39.8121 47.5421 39.3192 18.3848 49.3356 57.1402 33.0151 50.1199 14.2127 33.2415 26.9258 47.5395 49.8197 39.5601 48.2597 42.2019 31.4006 26.1725 34.4819 16.1555  38.833 45.6344   44.95 51.0882 31.4006 13.4164 9.05539 40.2244 23.1948 27.4591 25.0799 16.1245 29.9666 8.06226 24.5967 50.9608 34.1321 46.3276   32.45 55.8032 20.2485
30.2324 6.08276 20.0998 18.3576 49.3964 52.4023 39.6232 36.0555 24.4233 42.0476 28.6356 44.7772 25.2834 17.6918 49.5782 42.8019 39.2046 16.5529 37.1214 16.2788 17.4642  22.561       0 43.4166  59.397 40.1123 24.0208 15.0333  21.095 31.4006 46.9707 43.4166 12.0416 42.5793 43.9318 22.2036 39.0512 33.2415 10.7703 5.83095 39.2046 45.8803  46.669  50.774 37.9473       9 14.5602 14.4222  18.868      27 33.5932 35.5879 35.7351 37.4833 10.0499 21.3776  21.095 26.1725 41.1461  31.241  6.7082 9.43398 29.0172 44.4072 44.7214 24.3311 53.4158 45.6508 41.4849 20.5183
32.7567 43.2897 53.8238 32.8024      37 50.4876 61.0328 46.5296 46.6744      13  47.634 57.2713 19.0066 37.0135 48.8365 47.7598 36.6879   32.45 61.8466 27.2029 47.2017 57.4282 43.4166       0      53 68.0147 20.5913 50.2494 32.5576 19.4165  31.004  38.833 39.4462      18 2.23607 24.4131 9.48683 58.1378 38.0132  37.855 15.2971 24.0832  44.911 38.0132 23.7697 42.0476 31.7648 30.1496 41.8688 18.6011 12.0208 14.9833       8 41.2311 46.0652  49.679      24 38.4187 53.6656 41.3401 48.1041 34.5254 58.7282 65.7343  19.105 23.4307 47.5946 54.7814       2 38.2099
30.2324 64.4438 49.1935 42.0119      16 7.61577 35.1283 25.0599 37.9012      40      34 24.0208 55.8323 41.7253 10.2956 17.8885  21.095 44.2041 39.3192 51.9711 45.4863 51.0784  59.397      53       0 45.0444 46.6154  50.774 39.2046 38.6005 22.0057      17 47.3814      35 51.0098 43.8292 44.1022 39.0512  64.405  58.258 38.1182 29.0689 12.7279 15.0333 30.5941 66.0681 47.2017 58.3095 41.2311 44.5982 45.3045 40.0312 53.6004 21.9317 52.0096 43.4166 58.1808 33.2415 24.5153 28.4253 57.6281 58.0086 44.9222 36.0555 34.0588 42.0476 6.26498 20.0998 53.0377 38.8973
36.2353 46.0435  20.025 36.3593 47.1275 38.0132 10.0499 25.0799 21.5058 58.8982 20.5183 21.0238 56.8001  32.249 36.1248 29.6142 37.5766 37.5899  6.7082 47.0106 24.0416 18.1108 40.1123 68.0147 45.0444       0 49.0918 25.0799  35.805 48.7955 49.7016 39.2173 32.8938 55.8032 67.2086 44.6542  59.397 9.89949 50.4876 43.7379 55.3173 54.2033 36.6742 47.8017 48.0104 49.0918 39.8121 50.2892 27.2947      50 56.0223 53.7448 63.0079 31.7805 30.2655 20.2485 55.1543 29.6985 21.2132 28.0179      34 46.3249 11.1803 9.84886 56.8595      45 42.1456      25 66.7083 30.2324
18.0278 25.4951 33.4215 12.8062   32.45 41.4849 43.4626  31.257 27.6134 18.2483 29.5466 42.4264 9.55249 17.0294 39.0512 35.0571 25.9615 12.0416 43.4166 8.24621 26.9072 37.0135 24.0208 20.5913 46.6154 49.0918       0 29.6816 13.4164 9.21954 27.9866 29.7321  18.868 19.6977 20.6155 4.47214 15.0333 39.4462 21.9317  19.105 15.8114 24.4131  35.171 33.8378 17.6918 25.2982 11.1803 13.8924 22.0227 3.16228 9.61769 12.0208 14.1421 28.0713 25.4951 29.7321 11.6619 20.8806 38.4708  25.318 27.8927 16.4924 39.0512 48.4665 21.9317       5 40.3887 41.0488  18.868  18.868
26.0768      21 5.09902 18.0278 44.3847 43.2666 25.2982  25.807 12.9035 44.9222 17.0294 32.2025 35.0179 14.3178 40.4969 33.0151 33.2415 17.8885 22.3607 24.7588 5.38516 8.06226 15.0333 50.2494  50.774 25.0799 29.6816       0 19.4165 33.5261 43.7864      37 10.8167 43.7379 50.1199 25.9422 43.4626 18.6815 25.4951 18.9737 41.4849 45.0444 38.4708  45.607 37.1214 24.0208 18.6011 26.4197 11.0454 31.7648 38.6846 38.5811 43.6005 29.5466 5.38516 7.81025 32.2025 19.4165 29.0689 22.8473 9.21954 21.9317      14 29.8329 45.5412  27.313  45.412 33.9706 48.5489      15
9.21954 25.4951 21.9317 2.82843 28.3019 32.7567 30.0832  19.105 14.3003  25.632 16.1555      30 22.0737 5.09902 30.0167 24.3516 18.3848       5 30.0167 14.1421 15.2315 25.4951  21.095 32.5576 39.2046  35.805 13.4164 19.4165       0 14.3178 26.1008 22.6274  10.198 24.3311 32.0156 8.94427 24.6982 26.0768 25.2389  19.105 22.1359 26.0768 26.6271 29.6816 18.0278 26.9072 8.06226 19.9249 9.43398 14.2127 20.5548 19.4551 27.2029 17.8885 17.0294 17.2047      22       8      26 13.1529  21.587  18.868 26.1725 35.1141 26.1725 9.21954 33.0341 29.2746 31.1127 5.65685
13.4164 33.8378 36.2491 15.5242 23.7065 34.2345 41.6173  27.313 27.7218 11.4018 28.3196 38.2753 17.4428 19.3132 32.0624 29.4279      19 16.1245 42.5206      17 29.5466 39.8121 31.4006 19.4165 38.6005 48.7955 9.21954 33.5261 14.3178       0 18.9011 22.2036 23.3452 11.1803 18.4391 9.21954 10.6301 38.8973 30.8869 27.2029 8.06226 15.2643 28.0713 25.0599 8.60233 34.0147 17.0294 23.0217 23.7065 6.40312 7.90569 5.14782 16.2788  22.561 30.4138 31.3847 20.6155  19.105 34.5398 21.9545 34.0147 25.0799      40 46.3249 13.3417 7.07107    32.5 36.1386 18.3576 19.7231
17.7553 50.6779    44.5 28.6923  6.0208 20.4267 40.2647 24.6221 33.0946 18.0069 31.0846 32.2684 36.2008 30.5655 19.4743 21.6391 12.1758 30.4179 43.0029 35.0892 38.6167 47.5421 46.9707  31.004 22.0057 49.7016 27.9866 43.7864 26.1008 18.9011       0 11.0114 36.2112 13.0096 29.0043 26.6317 22.2767 40.6356 48.8083 43.9915 16.3783 7.15891 16.1012 7.01783 10.3078 51.4514 32.6841 41.4035 32.7452 25.3032 24.2332 18.8481 32.1442 17.9234 42.6878  38.513 39.5127 24.5204 29.8203 22.8528 47.6051 42.6058 44.4213 43.6835 12.0934 24.4591 16.8671   28.64 31.1006 28.9353
13.4536 48.1041 36.6742 25.4558 8.06226 12.0416 29.5466 14.3178 24.9098 26.2488 22.0227 21.2603   39.08  25.807 10.0499 10.6301 4.24264 27.5862  32.573 34.9857 31.6228 39.3192 43.4166  38.833      17 39.2173 29.7321      37 22.6274 22.2036 11.0114       0 31.6228 21.5407  37.108 26.8328 29.4279 30.5941  47.634 41.7253 23.5372 17.2047 6.08276       9 15.1327 49.5177 30.4795 41.3401 26.4008 27.8927 29.5042 24.5459      38       8 37.1214 30.5941 41.2311 17.8885  18.868 14.3178 42.5441 41.2311 35.0571 32.7567 21.4709 25.0799 10.7355 17.6918 38.4708 23.3238
18.7883 17.4929 14.8661       8 38.0132 40.3609 30.0167 24.1868 13.5831 34.7131 17.4642 33.5261 24.6018 5.83095 37.5366 30.8058 27.4591 7.28011 28.4429 14.4222 8.94427 18.3848 12.0416 39.4462 47.3814 32.8938  18.868 10.8167  10.198 23.3452 36.2112 31.6228       0 34.0588 39.3573 15.2315 32.8938 24.3311 19.4165 12.3693 31.4006 36.2215 34.6554 39.3573 28.1603 19.6977 7.81025 17.4642 7.28011 21.0238 27.9732 28.2577 32.8024 25.4558 7.07107 12.6491 22.3607 14.1421 29.7321 19.2094 11.4018      14 21.9317 35.0571 36.0139 16.7631 41.4397 34.0147 37.7359 8.48528
19.7231 44.9222 45.8803 26.0768      19 32.7567 47.4236 31.8277 36.0069       5 35.5106 41.6173 25.8312 29.4279 31.3209 31.3847 20.2485      27 49.2037 27.8568 39.2938 49.3356 42.5793      18      35 55.8032 19.6977 43.7379 24.3311 11.1803 13.0096 21.5407 34.0588       0 16.0312 20.3961 9.48683 46.0435 41.6293 38.3275 4.24264 6.32456 27.5136  20.025 7.81025 44.9444 28.1603  33.541 33.2415 16.5529 12.7475 7.90569 19.6977 25.6125 41.1096 40.4969      30 26.8328 38.4187 27.8029 45.0111 36.0555 48.3011 51.6236 2.23607 18.2483 29.6522 38.5876 18.1108 29.1204
31.6228 44.1022  53.535   32.45 35.0143 48.6621      60 45.2769 45.9837 11.0454 46.7547 55.9017 20.0562 36.6197 47.0744 46.2385 35.1141  32.249  60.959 27.6586 46.8722 57.1402 43.9318 2.23607 51.0098 67.2086 20.6155 50.1199 32.0156 18.4391 29.0043  37.108 39.3573 16.0312       0 24.1868 8.06226 57.3149 39.0128 38.4708 13.6015 22.0227 43.1741      36 22.1359      43 31.7805 31.0161 41.4005 18.3576 11.5109 13.7295 9.21954 39.8121 46.0977 49.2037 25.0799 37.5366 52.3546 40.2244 48.3839 35.2278 58.1378 64.6375 17.0294 23.0217 45.6755 53.3104 3.60555 37.6431
14.3178 24.6982 29.4109 8.48528 30.4795 38.2753      39  27.074 23.1625  20.025 25.0799 38.2099  13.537 12.7279 35.7351  31.257 22.8473 8.06226 38.9487 8.48528 22.8035 33.0151 22.2036 24.4131 43.8292 44.6542 4.47214 25.9422 8.94427 9.21954 26.6317 26.8328 15.2315 20.3961 24.1868       0   17.72 34.9857 22.2036 18.0278 17.0294 24.1661 31.9531 31.8904 16.6433 25.0599 8.06226 14.8661 17.6918 5.83095 12.7475 13.5093 18.4391 24.3311 22.1359 25.4558 14.5602 16.4924 34.2345  21.095 25.1794 16.1245 34.7131 44.0114  22.561 2.23607 37.5666      37 22.8035 14.4222
23.6008 40.1995 46.5296 25.4951 28.1603 41.1947 52.0096 37.2156 38.3471       5 38.8973 47.8539 18.1177 29.5296 39.4588 38.2753 27.2029  25.632 53.0754 23.0217 39.8246 50.1199 39.0512 9.48683 44.1022  59.397 15.0333 43.4626 24.6982 10.6301 22.2767 29.4279 32.8938 9.48683 8.06226   17.72       0 49.4975 35.9026 34.0147       6 15.8114 35.5106 29.2746 14.3178 39.6232 25.7099 27.6586 34.1321 12.1655 5.52268 5.70088 10.2956 31.7805 39.8497 41.8808 22.8473 29.6985 44.2945 32.2025 42.7551 31.1448 50.6063 56.6127 11.1803 16.1555    38.5   45.31 9.05539 30.2324
26.4008 39.3192 14.3178 26.8328 38.6394 31.5753  6.7082 16.2788 11.8533 49.0408 10.6301 16.1245 47.4684 22.8473 29.2746 22.0227 28.4605 28.2312 4.12311 37.9473      16 14.2127 33.2415 58.1378 39.0512 9.89949 39.4462 18.6815 26.0768 38.8973 40.6356 30.5941 24.3311 46.0435 57.3149 34.9857 49.4975       0      43 36.0139 45.4533 44.7214      29 39.4588 38.2753   42.19 30.6757 41.7732 18.0278 40.2244 46.1573 43.8463 53.2541 22.8035 23.1948      12 46.1736  19.799 14.5602 18.3576 27.8927 38.2099 6.40312 11.1803 47.1699 35.2278 35.1746 19.3132 56.8507 20.5913
34.2053 6.40312 30.5941 22.4722  52.345 57.9828 49.0918 43.0813 32.9621 39.8497 36.8782 52.8867 19.0066 23.7697 55.2268 49.1935 43.4166 20.2485 47.0106 13.8924      27 33.2415 10.7703 38.0132  64.405 50.4876 21.9317 25.4951 25.2389 30.8869 48.8083  47.634 19.4165 41.6293 39.0128 22.2036 35.9026      43       0 7.07107 37.6962 46.1411 51.8652 53.7587  38.833 4.12311 17.2047 8.24621 26.6833 25.0799 30.4385 33.8895 30.0167 43.0465 20.2237      31 14.0357 32.2025 49.0408 37.5766 17.4642 6.40312 39.3192  54.037 43.8634 24.4131 58.2001 53.1413 36.0139 26.9258
28.2843  6.7082 24.0416 16.2788 47.0106  51.614 42.0476 36.2491  25.894 37.3363 29.8329 45.8803    19.5      17 48.8262 42.5441 37.4833 14.1421   40.05      11  20.025 26.9258 5.83095  37.855  58.258 43.7379  19.105 18.9737  19.105 27.2029 43.9915 41.7253 12.3693 38.3275 38.4708 18.0278 34.0147 36.0139 7.07107       0 34.7131 42.1545  45.607 48.4149 34.4384 7.81025 11.4018 8.60233 19.6469 22.2036 28.5044 30.9919 30.0832 36.6197 13.6015 24.0208 15.2643 25.5539 42.0595 30.8869 12.0416 3.60555 32.5576 47.0106 40.5216 20.2485 52.1177 46.2385 35.9026 20.1246
 19.105 41.2311 44.0114 23.5372 22.2036 35.2278 47.4236 32.2025  34.821 3.60555 34.8281 42.5441 21.5928 27.2029  33.541 32.6956 21.5407 24.1868 48.8365 24.0416 37.3363 47.5395 39.2046 15.2971 38.1182 55.3173 15.8114 41.4849 22.1359 8.06226 16.3783 23.5372 31.4006 4.24264 13.6015 17.0294       6 45.4533 37.6962 34.7131       0 10.2956 29.6142 23.3452   8.544 41.1096      25 29.5466 31.3847 12.6491 8.51469 3.80789 15.8114 26.4197 38.4708 38.9102  25.807  25.807 39.1152 27.5862 42.0476   32.28 47.1699 51.8556 6.40312      15    32.5 39.8121 15.0333  27.313
19.4165 48.8467 46.5296 28.2843 13.1529 27.5136 45.2217 29.4109 35.7841 11.1803 34.5398 38.2099 31.5159 31.0161 26.4008 27.6586 17.0294 29.6142 47.5079  32.249 40.1995 49.8197 45.8803 24.0832 29.0689 54.2033 24.4131 45.0444 26.0768 15.2643 7.15891 17.2047 36.2215 6.32456 22.0227 24.1661 15.8114 44.7214 46.1411 42.1545 10.2956       0 22.8254 14.0357 8.06226 49.1935 31.3209 38.2753 34.1321 21.4009 18.7216 13.5093      26 22.8035 43.1045 40.7922 35.3836 26.6833 35.3836 26.4008 47.5184 40.2492 47.7598 49.0408       5 21.9317  24.026 34.8281 24.3311 30.0666
17.8885 51.7397 37.3363 29.4109 11.4018 6.32456 26.6833 13.3417 25.7391   32.28 22.1359      17 44.6346      29       4 7.07107 9.21954 31.6228 30.2655 39.8121  33.121 39.5601  46.669  44.911 12.7279 36.6742  35.171 38.4708 26.6271 28.0713 16.1012 6.08276 34.6554 27.5136 43.1741 31.9531 35.5106      29 51.8652  45.607 29.6142 22.8254       0 11.6619 21.2132 53.4135 34.6699 46.0652 28.6007  33.541 35.5035 30.6023 44.0114 9.21954 39.4081 31.3847 46.4866 20.5183 15.5242 15.8114      45 45.4863 34.2345 29.1548  27.313 30.3645 6.94622 13.0384 44.5533 26.1725
20.5913      55 45.5412   32.45 1.41421 14.4222 37.9473 23.1948 33.8009   25.02 31.0161 28.6531    42.5  33.541 14.1421 18.3848 12.3693 34.4093 41.2311 40.3609 40.2616 48.2597  50.774 38.0132 15.0333 47.8017 33.8378  45.607 29.6816 25.0599 7.01783       9 39.3573  20.025      36 31.8904 29.2746 39.4588 53.7587 48.4149 23.3452 14.0357 11.6619       0 16.5529 56.0803 37.0135 46.7547 34.7851 31.3847 30.9919 25.6223 39.0512      17   45.31 39.4588 45.4863 26.2488 26.9258 23.1948 50.5668 47.4236 44.0454 40.7185 19.0263 29.8329 10.3078 24.6982 38.1182 31.3847
 12.083 41.1461  38.833 20.2237 15.2315 27.0185 39.6232 24.0832 28.5044 11.6619 27.7849 34.1321 25.9856      23 25.1794 24.1661      13  21.587 41.4005      25 32.3883 42.2019 37.9473 23.7697 30.5941 48.0104 17.6918 37.1214 18.0278 8.60233 10.3078 15.1327 28.1603 7.81025 22.1359 16.6433 14.3178 38.2753  38.833 34.4384   8.544 8.06226 21.2132 16.5529       0 41.6773 23.4094  31.241 26.3059      15 14.7139 9.51315 23.0868 18.0278 35.0571 33.2415 29.2062 19.3132 30.8058      20 39.4588 32.7567 40.7185 43.8634 8.94427 14.4222  24.683  31.305 23.3452 22.2036
36.0694 3.16228 29.0689 24.0832 54.6717 59.4054 48.5077 43.8292 32.9014 43.4166      37 53.1413 23.0489 24.6982 56.6127 50.2494 45.2769 21.9317 46.0977  17.088 26.3059 31.4006       9 42.0476 66.0681 49.0918 25.2982 24.0208 26.9072 34.0147 51.4514 49.5177 19.6977 44.9444      43 25.0599 39.6232   42.19 4.12311 7.81025 41.1096 49.1935 53.4135 56.0803 41.6773       0  19.105 12.0416 26.9258 28.4605 34.1248 37.3162 34.0588 44.4072 19.0263 30.2655 18.1108 33.2866 49.3964 38.5876 15.2971 8.94427 38.0132 53.3385 47.1699 27.2947  59.927 53.7122   40.05 27.7849
17.0294 18.0278 22.6274 5.38516  35.609 40.8167 35.6931 26.6833 19.0394 28.0713 22.0907 37.2156  17.066 8.06226 38.0789  32.311 26.2488 3.16228 34.7851 7.28011 16.4012 26.1725 14.5602 31.7648 47.2017 39.8121 11.1803 18.6011 8.06226 17.0294 32.6841 30.4795 7.81025 28.1603 31.7805 8.06226 25.7099 30.6757 17.2047 11.4018      25 31.3209 34.6699 37.0135 23.4094  19.105       0 12.1655 12.6491 13.6015 20.5548 21.5523      25 25.9422 14.3178 19.7231 15.5242 15.5242 33.2415 20.8806 17.1172 10.8167 29.1548 40.7922 30.2655      10  41.003 36.8782 30.0167      11
 28.178 13.1529  31.305 17.4642 45.3431 52.3259 47.2652  38.833 30.6023 31.6228      34  49.366 11.2805  20.025 49.6588 44.2719 37.2156 15.2971 45.8912 6.40312 26.2488 34.4819 14.4222 30.1496 58.3095 50.2892 13.8924 26.4197 19.9249 23.0217 41.4035 41.3401 17.4642  33.541 31.0161 14.8661 27.6586 41.7732 8.24621 8.60233 29.5466 38.2753 46.0652 46.7547  31.241 12.0416 12.1655       0 24.0832      17 22.1923 25.7391 22.2036 37.6962  21.095 30.0832  6.7082 27.6586 45.3982 32.9848 20.5183       5 39.2173  52.345 35.7771 16.9706 52.0505 49.0306 28.1603 23.0868
15.0333 24.5967 12.6491 9.21954 33.5261 33.9706 23.1948 17.2047  6.5192 34.9285  10.198 26.2488 29.5169       5 31.1448 24.0832 22.4722 10.2956 22.1359 19.9249 6.08276 16.1555  18.868 41.8688 41.2311 27.2947 22.0227 11.0454 9.43398 23.7065 32.7452 26.4008 7.28011 33.2415 41.4005 17.6918 34.1321 18.0278 26.6833 19.6469 31.3847 34.1321 28.6007 34.7851 26.3059 26.9258 12.6491 24.0832       0 23.3452 29.9082 28.8531 36.1248 19.4165 10.8167 7.81025 28.1603   8.544 22.4722 12.8062 16.4012  21.095 17.0294 28.2843 34.9285 18.4391 35.5141 26.8328 40.3609 4.12311
17.1172 28.6356 35.2278 14.2127 30.0167 39.8121 43.8292 30.8058 28.5044 15.1327 30.0167 41.9762 11.2361 18.4391 37.4833 34.0147 24.3311 13.8924 44.1022 11.4018 28.6007  38.833      27 18.6011 44.5982      50 3.16228 31.7648 14.2127 6.40312 25.3032 27.8927 21.0238 16.5529 18.3576 5.83095 12.1655 40.2244 25.0799 22.2036 12.6491 21.4009  33.541 31.3847      15 28.4605 13.6015      17 23.3452       0 6.96419 8.86002 13.0384 27.0185 27.8568 31.1448 14.2127 21.0238 38.0789      25 30.5941 19.6469 40.3113 48.7545 18.7883       5  38.422 40.3113 17.0294 19.8494
 21.272 34.6771 42.0298 20.9404 29.7405 41.5271 49.2392 35.1923 34.6554 9.61769 35.7001  46.179 13.2004 25.1098 39.5032 37.2626 26.6177 20.7966 49.9049 17.5071 35.3624 45.6344 33.5932 12.0208 45.3045 56.0223 9.61769 38.6846 20.5548 7.90569 24.2332 29.5042 27.9732 12.7475 11.5109 12.7475 5.52268 46.1573 30.4385 28.5044 8.51469 18.7216 35.5035 30.9919 14.7139 34.1248 20.5548 22.1923 29.9082 6.96419       0 5.38516 8.51469 30.4385  34.821  37.716 17.6777 26.5047 42.4323 29.7405 37.4767 25.6223 46.7172 54.0231 14.8492 11.5109 39.3859 44.0284 10.7005 26.2011
17.9025 37.4767 41.3824 20.5548 24.3824 36.5034 46.3087 31.5674 32.8024  6.5192  33.234 42.2907 18.0347 24.4233 34.5905 32.9014 21.9659 20.9881 47.3973 20.2608 34.6771   44.95 35.5879 14.9833 40.0312 53.7448 12.0208 38.5811 19.4551 5.14782 18.8481 24.5459 28.2577 7.90569 13.7295 13.5093 5.70088 43.8463 33.8895 30.9919 3.80789 13.5093 30.6023 25.6223 9.51315 37.3162 21.5523 25.7391 28.8531 8.86002 5.38516       0 13.5831 26.2774 35.3058 36.5308  22.102  24.052 38.6846 26.5047 38.6588 28.5044 45.1054 50.9166 10.1242 11.5974 34.1797  39.856 14.2302 24.8697
29.4109 35.3553 47.5079 26.9072  37.855   50.01 56.8243 43.3244  41.503 15.2643 43.0465 54.4059 11.0114 31.1448 48.0104 45.7056 35.1283 26.1725 57.1402 19.6977 41.0366 51.0882 35.7351       8 53.6004 63.0079 14.1421 43.6005 27.2029 16.2788 32.1442      38 32.8024 19.6977 9.21954 18.4391 10.2956 53.2541 30.0167 30.0832 15.8114      26 44.0114 39.0512 23.0868 34.0588      25 22.2036 36.1248 13.0384 8.51469 13.5831       0  38.833 39.1152 43.8634      16      34 50.5964 37.6962 40.7185 26.6833 53.1507 61.7171 21.4709 18.0278 47.7624 52.3927       6 32.8024
10.0499  42.638 28.8617 20.5913 16.0312      15 22.4722  6.7082 17.1026 29.6816 14.0357 16.1245 37.6198 19.8494 12.2066       7 5.83095 22.8254 25.0799 31.6228 24.1661 31.4006 37.4833 41.2311 21.9317 31.7805 28.0713 29.5466 17.8885  22.561 17.9234       8 25.4558 25.6125 39.8121 24.3311 31.7805 22.8035 43.0465 36.6197 26.4197 22.8035 9.21954      17 18.0278 44.4072 25.9422 37.6962 19.4165 27.0185 30.4385 26.2774  38.833       0 30.2324 22.8035  38.833 11.3137 12.8062  6.7082  35.805 36.7151  27.074 26.2488 26.1725 23.0868 16.1012 13.6015 40.4969 16.9706
     25 16.1245 10.4403 15.0333 44.0114 44.6878 29.6142 27.5862 15.1162 41.7732 19.4165 35.3553 30.0707 12.1655 41.8688 34.6554 33.1059 14.3178  27.074 19.8494 7.61577 13.4164 10.0499 46.0652 52.0096 30.2655 25.4951 5.38516 17.0294 30.4138 42.6878 37.1214 7.07107 41.1096 46.0977 22.1359 39.8497 23.1948 20.2237 13.6015 38.4708 43.1045 39.4081   45.31 35.0571 19.0263 14.3178  21.095 10.8167 27.8568  34.821 35.3058 39.1152 30.2324       0 11.4018 27.0185 19.2354 31.9061 23.6008 5.65685 16.5529  19.105 34.3657 43.0465 23.7697 46.3276 36.6197 44.2945 13.9284
21.3776 27.4591 6.08276 16.9706 38.3275 35.8469 18.2483 18.3576 5.70088 42.4853 9.43398 24.4131 36.7865 12.7279  33.121 25.5539 27.1662 17.8045 16.0312 26.8328       4 9.05539 21.3776  49.679 43.4166 20.2485 29.7321 7.81025 17.2047 31.3847  38.513 30.5941 12.6491 40.4969 49.2037 25.4558 41.8808      12      31 24.0208 38.9102 40.7922 31.3847 39.4588 33.2415 30.2655 19.7231 30.0832 7.81025 31.1448  37.716 36.5308 43.8634 22.8035 11.4018       0 34.9285 14.1421 21.2603 16.2788 16.5529 26.3059 9.43398 23.0868 42.0595 26.2488 38.2786 26.1725 48.1664 11.6619
28.8617 19.6469 36.8917 20.0998 44.1022  52.811 51.1957 41.0488 34.5615 27.2947 37.4833      52 5.02494 23.5372 50.2892 45.7056 37.3363 18.2483 50.2892 8.24621  31.305 40.2244  21.095      24 58.1808 55.1543 11.6619 32.2025      22 20.6155 39.5127 41.2311 22.3607      30 25.0799 14.5602 22.8473 46.1736 14.0357 15.2643  25.807 35.3836 46.4866 45.4863 29.2062 18.1108 15.5242  6.7082 28.1603 14.2127 17.6777  22.102      16  38.833 27.0185 34.9285       0      30      48 35.0571 27.0185 11.6619 44.2832 56.2939 32.2025 16.1555 51.9351 51.1566      22 26.3059
7.28011 31.4006  20.025  10.198      25 26.2488 22.8254 11.1803 9.19239 29.4109 9.21954      22 29.9207 8.60233 23.4307      17 13.9284 12.3693 23.4307 22.0907 14.1421 23.1948 26.1725 38.4187 33.2415 29.6985 20.8806 19.4165       8  19.105 24.5204 17.8885 14.1421 26.8328 37.5366 16.4924 29.6985  19.799 32.2025 25.5539  25.807 26.6833 20.5183 26.2488 19.3132 33.2866 15.5242 27.6586   8.544 21.0238 26.5047  24.052      34 11.3137 19.2354 14.1421      30       0      18 5.38516 24.6982      26 21.4709 27.7308 28.2312 16.1555 27.3359 21.3776 37.2022 5.65685
21.1896 47.0106 26.2488 28.0713 26.4008 17.1172 11.1803 7.28011 16.8077 42.4382   12.53       4 47.7624 25.4951      15   8.544 18.3848 30.1496      15   40.05 24.4131 27.4591 41.1461 53.6656 24.5153 21.2132 38.4708 29.0689      26 34.5398 29.8203  18.868 29.7321 38.4187 52.3546 34.2345 44.2945 14.5602 49.0408 42.0595 39.1152 35.3836 15.5242 26.9258 30.8058 49.3964 33.2415 45.3982 22.4722 38.0789 42.4323 38.6846 50.5964 12.8062 31.9061 21.2603      48      18       0 13.1529 37.4433 43.1741 20.6155 13.8924 38.9487  33.541  21.006       5 52.8015 22.3607
8.60233 36.6197 22.3607 15.5242 22.0907 21.2132 19.8494       6 10.6066 31.1127 8.24621 17.1172 34.6302 13.8924 18.3848 11.6619      11   17.72 21.4009 27.2947 17.4642 25.0799  31.241 41.3401 28.4253 28.0179  25.318 22.8473 13.1529 21.9545 22.8528 14.3178 19.2094 27.8029 40.2244  21.095 32.2025 18.3576 37.5766 30.8869 27.5862 26.4008 15.8114 23.1948      20 38.5876 20.8806 32.9848 12.8062      25 29.7405 26.5047 37.6962  6.7082 23.6008 16.2788 35.0571 5.38516 13.1529       0 29.2062 31.3847  21.587 24.4131 28.8444 20.3961 22.7431 16.1245 40.3113 10.8167
30.0832 12.1655 14.0357 19.2354 49.2443 50.3289 34.4819 33.2415 20.7002 45.1774      25 40.8167 30.7937  17.088 47.5079 40.3113 38.4708 18.0278 31.5753 21.0238 13.0384 16.1245  6.7082 48.1041 57.6281      34 27.8927 9.21954  21.587 34.0147 47.6051 42.5441 11.4018 45.0111 48.3839 25.1794 42.7551 27.8927 17.4642 12.0416 42.0476 47.5184      45 50.5668 39.4588 15.2971 17.1172 20.5183 16.4012 30.5941 37.4767 38.6588 40.7185  35.805 5.65685 16.5529 27.0185 24.6982 37.4433 29.2062       0 15.5563 23.0868 39.0512 47.0425  27.074 51.9062 42.2019 46.2385 19.2354
27.8029 9.05539 26.9258 16.1245 46.0109 51.6236 44.0114      37 27.5409 34.7131  31.257 47.0744 15.9765   17.72 48.8774 42.9535 37.0135 13.8924 42.2966 8.24621 22.3607 29.9666 9.43398 34.5254 58.0086 46.3249 16.4924 21.9317  18.868 25.0799 42.6058 41.2311      14 36.0555 35.2278 16.1245 31.1448 38.2099 6.40312 3.60555   32.28 40.2492 45.4863 47.4236 32.7567 8.94427 10.8167       5  21.095 19.6469 25.6223 28.5044 26.6833 36.7151 16.5529 26.3059 11.6619      26 43.1741 31.3847 15.5563       0  35.171 49.0408 38.2753 18.3576 51.8001 47.1275 32.5576 20.8806
28.6356      35 9.05539 26.2488 43.1045 37.3631 12.8062 21.0238 12.3491  50.774 13.3417 22.4722 46.2196 22.0227 34.9285 27.4591 32.3883 27.2029 8.94427 36.2353      13 8.06226 29.0172 58.7282 44.9222 11.1803 39.0512      14 26.1725      40 44.4213 35.0571 21.9317 48.3011 58.1378 34.7131 50.6063 6.40312 39.3192 32.5576 47.1699 47.7598 34.2345 44.0454 40.7185 38.0132 29.1548 39.2173 17.0294 40.3113 46.7172 45.1054 53.1507  27.074  19.105 9.43398 44.2832 21.4709 20.6155  21.587 23.0868  35.171       0 16.5529 49.6588 35.3553 40.6971 25.4951   57.28 20.5183
33.0151 50.4876 25.2982 36.4005 40.2492 29.4279 5.09902  19.799  21.783 55.3173 18.9737 12.3693 57.0898 32.7567 27.8927 22.3607 32.0156 38.0789 7.61577 48.0521  27.074 24.5967 44.4072 65.7343 36.0555 9.84886 48.4665 29.8329 35.1141 46.3249 43.6835 32.7567 35.0571 51.6236 64.6375 44.0114 56.6127 11.1803  54.037 47.0106 51.8556 49.0408 29.1548 40.7185 43.8634 53.3385 40.7922  52.345 28.2843 48.7545 54.0231 50.9166 61.7171 26.2488 34.3657 23.0868 56.2939 27.7308 13.8924 24.4131 39.0512 49.0408 16.5529       0  52.345 43.8634 33.8415 16.4924 64.6607 30.0832
21.0238 47.1275 47.5395 28.0179 18.1108   32.28 48.2701 32.5576 37.4233 6.32456 36.7151 42.0119 27.9866  31.257 31.0161 31.6228 20.6155 29.0172 50.2195 30.0832      41 50.9608 44.7214  19.105 34.0588 56.8595 21.9317 45.5412 26.1725 13.3417 12.0934 21.4709 36.0139 2.23607 17.0294  22.561 11.1803 47.1699 43.8634 40.5216 6.40312       5  27.313 19.0263 8.94427 47.1699 30.2655 35.7771 34.9285 18.7883 14.8492 10.1242 21.4709 26.1725 43.0465 42.0595 32.2025 28.2312 38.9487 28.8444 47.0425 38.2753 49.6588  52.345       0 20.3961 28.9353  38.833 19.4165 30.8058
13.0384 26.9258 30.5287 9.43398 28.4253 36.6879 38.9102 26.3059 23.5053 18.1108 25.0599 37.4833 14.5344 13.6015 34.2053 30.0666 21.1896 9.48683 39.1152 10.6301 23.8537 34.1321 24.3311 23.4307 42.0476      45       5  27.313 9.21954 7.07107 24.4591 25.0799 16.7631 18.2483 23.0217 2.23607 16.1555 35.2278 24.4131 20.2485      15 21.9317 30.3645 29.8329 14.4222 27.2947      10 16.9706 18.4391       5 11.5109 11.5974 18.0278 23.0868 23.7697 26.2488 16.1555 16.1555  33.541 20.3961  27.074 18.3576 35.3553 43.8634 20.3961       0 35.7946 36.0555 21.9317 14.8661
24.0052 58.3631 44.1956 35.8504 10.9202 4.71699 32.0975 20.0811 32.6535 34.6302 28.9698 21.4767 49.6488 35.7246  6.0208 13.2382 14.8408 38.0296 36.0035 45.7083 40.0656 46.3276 53.4158 47.5946 6.26498 42.1456 40.3887  45.412 33.0341    32.5 16.8671 10.7355 41.4397 29.6522 45.6755 37.5666    38.5 35.1746 58.2001 52.1177    32.5  24.026 6.94622 10.3078  24.683  59.927  41.003 52.0505 35.5141  38.422 39.3859 34.1797 47.7624 16.1012 46.3276 38.2786 51.9351 27.3359  21.006 22.7431 51.9062 51.8001 40.6971 33.8415 28.9353 35.7946       0 17.3566 47.5105 32.9735
23.1948 51.4296  31.241 31.5753 24.4131 13.0384 15.0333  10.198 21.5058 42.9418 17.2047 4.12311 50.5099 29.4109 11.4018  7.2111 18.3576 33.7343 19.2354 43.4166 29.2062   32.45 45.6508 54.7814 20.0998      25 41.0488 33.9706 29.2746 36.1386   28.64 17.6918 34.0147 38.5876 53.3104      37   45.31 19.3132 53.1413 46.2385 39.8121 34.8281 13.0384 24.6982  31.305 53.7122 36.8782 49.0306 26.8328 40.3113 44.0284  39.856 52.3927 13.6015 36.6197 26.1725 51.1566 21.3776       5 16.1245 42.2019 47.1275 25.4951 16.4924  38.833 36.0555 17.3566       0 54.0833 26.2488
31.7648 41.3038 52.2015  31.241  37.054 50.2494 59.9083  45.618 45.3045 13.1529 46.4004 56.4624 17.0074 35.4683 48.5077 47.1275 36.1386 30.8058 60.6053 25.2982  45.607 55.8032 41.4849       2 53.0377 66.7083  18.868 48.5489 31.1127 18.3576 31.1006 38.4708 37.7359 18.1108 3.60555 22.8035 9.05539 56.8507 36.0139 35.9026 15.0333 24.3311 44.5533 38.1182 23.3452   40.05 30.0167 28.1603 40.3609 17.0294 10.7005 14.2302       6 40.4969 44.2945 48.1664      22 37.2022 52.8015 40.3113 46.2385 32.5576   57.28 64.6607 19.4165 21.9317 47.5105 54.0833       0 36.7696
11.1803  25.807 16.7631 6.32456 30.0832 31.8904      25 16.1555 8.74643 30.8707 11.1803 26.3059 27.0416 3.16228 29.0689 22.4722 19.2354 8.06226 24.5967 18.1108  10.198 20.2485 20.5183 38.2099 38.8973 30.2324  18.868      15 5.65685 19.7231 28.9353 23.3238 8.48528 29.1204 37.6431 14.4222 30.2324 20.5913 26.9258 20.1246  27.313 30.0666 26.1725 31.3847 22.2036 27.7849      11 23.0868 4.12311 19.8494 26.2011 24.8697 32.8024 16.9706 13.9284 11.6619 26.3059 5.65685 22.3607 10.8167 19.2354 20.8806 20.5183 30.0832 30.8058 14.8661 32.9735 26.2488 36.7696       0


