      0 14.8661 43.0174 33.4552 15.3379 45.2769 34.7851 19.1377 22.1359 36.7151 14.4222 29.5466 18.3576 24.5967 20.8087 18.0278 12.2066 31.7805 19.0263 36.2215      24      14   40.05   44.78 28.0179 4.12311      35 18.3848 23.7697 29.8329 25.6125 35.1141 28.6356 17.4929 15.5242 24.7386      39 12.2066 44.7214 38.5876  33.541      29      11 20.2485 25.0599 13.8924      39 41.5933 22.8035       4  37.716 44.6448 29.9666 17.4929  37.108 10.0499 8.06226 16.1555 23.3452 10.7703 25.0799 44.0114 9.84886 47.7598 32.8024      30 7.56637 18.6357 17.0294 26.6271
14.8661       0 45.5247 34.1211    28.5      41 28.1603 24.2745 17.4642 41.8688 3.60555 34.0588 4.47214 17.2627 31.7805 14.4222  21.587 26.9258 33.2415  32.573 23.6008       5      37 43.8321 34.9857 13.0384 33.1059 31.0644 19.6977 31.8904 35.7351 38.2099 24.3516 11.1803 20.5913 27.5862   42.45 4.47214 48.7955 44.0454 38.2884 37.5766 25.4951 33.0606 31.0644 22.1359 31.0161 36.6742      13 11.1803 39.3001 41.3783 22.0227 25.0799 31.4006 15.8114 21.0238 12.8062  32.311 11.1803      30 36.0555 5.09902      50 39.9625 28.6531 15.2069 27.7973  31.257 17.0294
43.0174 45.5247       0 11.7154    35.5 20.0125 26.5801 23.8799 29.0259 9.19239 41.9345 13.7295 43.8463  31.504 28.6094 31.1849 31.4086 23.5053 39.7555 19.0394 21.9659 49.5227 16.5076 10.3078 17.5642 39.6548 15.5081 33.5932 26.9537 13.7295 25.1098 7.90569 24.0104 34.6771 27.5772 18.5607 4.52769  41.503 5.52268 9.30054 10.5119 20.2608  40.651 33.8009 18.6682 29.4703 29.8412 21.5058 36.3112 44.5253 6.40312 17.0018 30.6349 26.0864  23.927 33.3542 37.2626 32.7185 23.5478 35.6721 18.0693 30.5041 43.4108 4.74342 15.5081 17.9025 35.6546 26.5912  39.579  34.821
33.4552 34.1211 11.7154       0 29.4109 15.9452    16.5 15.0333 17.3277 12.5399 30.5164  8.8459 32.2219 19.8305 23.9426 19.7041 23.0489  12.659 34.7311 9.96243 10.5475 38.3308 10.2591 11.5109    14.5 29.7195 5.85235 28.4297 15.2398   4.272 22.3439     6.5 12.5399 23.1138 18.0624 9.01388 9.96243 30.2696 16.1012    14.5 9.96243 18.8215 33.4552 29.2959 12.7769 21.0535 20.7183 14.8408 24.6018 34.3402 5.31507 13.8134 19.4487 18.3371 14.8071 23.4361 29.0388   21.36 19.1377 24.8847 10.9659 22.9401  32.423 15.9452 16.1012 6.26498  25.894 20.1802 34.0037 23.2648
15.3379    28.5    35.5 29.4109       0    44.5 37.8715 15.2643 26.8002 27.2259 26.6693 22.1416 30.7612 30.6472 7.43303 23.7539 9.01388  33.738  6.0208 36.1006 23.9008 28.9353 38.6943 40.6263 18.0624 15.5322 33.3204 3.20156 27.2809 25.1446 12.2984 28.1114 30.8099 25.5392    14.5 20.8147  31.004 24.5815 35.4295 28.5351  25.005 16.9189 6.10328 4.92443 17.1828 10.2591 42.7931 41.9315 31.3249 19.1638 31.8944    42.9 35.2172 11.4127 38.9005 14.3962 7.56637  22.809 12.0934 19.1638  18.554 47.1832 23.5213 40.0281 21.7083 28.9007 13.7295 9.26499 4.71699 34.0478
45.2769      41 20.0125 15.9452    44.5       0 13.4164 29.3471 24.0832 26.4197 37.6563 24.7588 37.6431 23.7697 39.6611 28.0179      37 14.1421 50.1199 9.05539  21.587 45.8912 5.83095 10.0125 30.4138 41.1947 11.1803  43.909 22.0227      20 38.2884 20.8087 17.0294 30.2655 31.3209 23.7065 21.9317 38.3275 25.4951 27.7308      25 34.6554 47.7598 44.9444 28.6007 35.1141 13.4536 4.47214 28.4605 45.0111 16.8077 3.02655 19.6977 33.1059 9.84886 35.5106   42.72 30.0167      35 35.0143 26.6271 11.7047 41.1947      21 31.4006 15.8114  37.977 35.5006 49.1935 25.0799
34.7851 28.1603 26.5801    16.5 37.8715 13.4164       0 23.0489 12.6491 29.0172   25.02 23.7697 24.5153      11      35 16.7631 29.2062 4.47214 43.8634 7.61577 14.2127 33.1361 11.4018 19.7041 28.7924 30.6757 11.1803 38.2099 11.1803 18.4391 35.3553      23 7.07107 18.1108 23.4307 19.2354 26.1725 26.0192 31.7805      31 26.1725 33.2415 39.6611 39.6989 25.4951 27.6586       5 8.94427 15.2971 33.7343 20.7966  14.682 6.32456 26.9072 3.60555 25.9422 34.1321 18.6815 31.3847 24.0416 23.2594 9.43398 29.0689 29.5466 31.7805 11.4018 28.1824 30.0648 42.5206 11.7047
19.1377 24.2745 23.8799 15.0333 15.2643 29.3471 23.0489       0 13.8293 18.1177 21.0297 10.5475 24.2332 17.9513 12.0934 12.5399 8.01561 18.7417 21.1009 20.8387  8.8459 27.2809  23.585 26.5424 10.7355 15.8824 18.2003 15.2069 13.4629 11.0114 13.6473 15.9765 16.0078 15.7877 3.90512  6.0208  19.906 19.8305 25.8118 20.1804 14.7054 13.8293  18.554 16.6508 6.80074  6.0208 28.0401 26.6693    20.5 20.8387 18.7417 27.9251 21.4767 3.90512 23.7539 9.70824 14.0089  12.855 9.55249 13.2004 6.10328 32.1753 20.8866 28.6225 15.6924 13.6473 11.8533 7.04557 19.9812 21.8689
22.1359 17.4642 29.0259 17.3277 26.8002 24.0832 12.6491 13.8293       0  27.313 13.9284 19.9249      15 4.12311  25.632 4.12311 17.8045      10 32.8024 15.2971 7.61577 22.1359 19.6469 26.3865 23.0868 18.0278 15.6525 27.7849 2.23607 16.1245 27.4591 22.4722 7.07107 6.32456   12.53 13.3417 26.6271 14.3178 33.0151 29.5466 23.7697      27 27.6586 29.5296 19.0263 16.6433      17      20 7.61577 21.2132 22.6385 24.1238 8.48528  17.088 15.1327 13.6015 22.0227 6.08276 23.3452 11.4018 17.1172 21.9317 17.1172 33.2415 27.4591 11.4018 15.6924 20.5302  31.241 8.06226
36.7151 41.8688 9.19239 12.5399 27.2259 26.4197 29.0172 18.1177  27.313       0 38.4187 7.81025 41.0488 30.6757  20.025 28.3019 24.5967   25.02 31.0161 22.3607 19.6977 45.2548 21.5407 18.0347 9.21954 33.8378 18.2483   25.02  25.632 11.4018 16.1245 6.08276 24.3311 31.9061 22.0227 14.4222       5 37.5366 8.24621 2.23607 3.60555 11.1803 32.7567   25.02 11.6619 22.8254 33.2415 26.5707 34.9285  38.833 9.61769 23.6381 31.4006 19.2354 27.2947 27.8029 30.0832 29.4109 15.1327 31.1127 12.0416  35.171 38.8973 13.1529 6.32456 18.1108 29.8203 18.8809 31.0161 34.4819
14.4222 3.60555 41.9345 30.5164 26.6693 37.6563   25.02 21.0297 13.9284 38.4187       0 30.6105 4.12311 14.0357 29.2746 10.8167  19.105 23.5372 31.7805 29.1204      20 8.24621 33.5261 40.2647 31.7648 11.7047 29.5466 29.0172 16.1555 28.3196 32.9848 34.6554 20.8806 7.61577 17.4642 24.0832 38.8973 2.23607 45.2548 40.6079 34.8281 34.5398 24.3516 31.0161 27.7849 19.4165 28.1603 33.3766  10.198 11.3137 35.7001 37.9415 19.0263 22.1359 28.1603 13.1529 19.4165 9.21954 29.4109 8.24621 26.6271 33.2415       5 46.4004 36.7151 25.0599 13.0096 25.0298 29.8329 14.3178
29.5466 34.0588 13.7295  8.8459 22.1416 24.7588 23.7697 10.5475 19.9249 7.81025 30.6105       0 33.2866 23.5372 15.8114 20.5913   17.72 19.4165 26.9258 18.3576 12.3693 37.4833  19.105 18.8481 5.65685 26.4197 14.4222 20.6155 18.4391 5.38516 13.6015       6 18.0278 24.1868 14.4222  6.7082 9.48683 29.7321 15.2643      10 4.24264      10 27.0185 21.1896       5 15.8114 28.4605 23.6008 27.5136 31.3847 9.82344 22.4891      25 12.3693 22.8473 20.2485 23.5372 21.6333 10.7703 23.3452 4.47214  31.305 31.1448 18.4391 8.06226 12.3693 22.3886 13.0035 26.4764 27.4591
18.3576 4.47214 43.8463 32.2219 30.7612 37.6431 24.5153 24.2332      15 41.0488 4.12311 33.2866       0 13.9284 33.1361 12.8062 23.0217 23.7697 35.9026 29.5466 21.9317 9.21954 34.0147 41.2462 34.9285 15.8114 30.5287 33.0606 17.2047 30.4795 36.6742 36.8782 21.4709 9.21954 20.8806 26.6271 41.1096 6.32456 47.5079 43.2666 37.4433 37.9473 28.4605 35.0571 30.8707 23.1948 27.0185 33.2415 9.21954      15 37.5033 38.2539 18.2483 25.7099 27.8927 17.0294 23.5372 11.6619 32.9848 12.0416 29.5296      32 8.60233 48.1664 39.8121 26.4008  17.066 28.7383 33.9559 13.0384
24.5967 17.2627  31.504 19.8305 30.6472 23.7697      11 17.9513 4.12311 30.6757 14.0357 23.5372 13.9284       0 29.7321 7.07107 21.6333 9.84886 36.6197 15.6525 11.1803 22.2036 20.1246 27.6089 27.0185 20.5913 17.0294 31.7648 5.09902 19.3132 31.5753 25.4951 7.81025 7.28011 16.5529 17.1172 29.5296 15.0333 35.8469 32.8938 27.2029 31.0161 31.1127  33.541      23 20.5913 14.5602 19.4165       5 23.0868 25.1098 24.3261 5.38516 21.1896 14.1421 16.9706 25.4558 8.60233 27.4591 13.8924 21.0238 19.6469 18.1108 35.4683  31.257 13.6015 18.8215 24.6351      35       4
20.8087 31.7805 28.6094 23.9426 7.43303 39.6611      35 12.0934  25.632  20.025 29.2746 15.8114 33.1361 29.7321       0 23.5372  10.198 30.6105 11.1803 31.8904 20.8087 33.2415 33.8378 34.6446 11.0454 19.6977 28.6007       5 25.4951 19.7231       5  21.587 28.0179 26.1725 13.3417 16.2788 24.0832 27.4591 28.1603 21.2132 18.1108 9.48683 13.4164 5.38516 11.1803      10      40 37.6431 31.5753 24.1868 25.6223 37.7327  33.541   8.544 35.3836 16.1245 12.8062 23.1948 5.09902  21.095 13.0384 43.9318 27.2029 33.0151 14.3178 24.7588 16.6208 5.10784      11 33.5261
18.0278 14.4222 31.1849 19.7041 23.7539 28.0179 16.7631 12.5399 4.12311 28.3019 10.8167 20.5913 12.8062 7.07107 23.5372       0 14.7648 14.0357 29.6816  19.105 9.21954 18.7883 23.3452 29.6184 22.8035 13.9284 18.9737 25.0799       6 17.6918 26.0192 24.0832      11 3.60555  10.198 13.8924 28.3196 10.7703 34.7131 30.5287 24.6982 26.3059 24.0416 26.9258 18.6815 13.9284 21.0238 24.0208 8.06226 17.1172 24.9098 27.8883 12.2066 15.1327 19.2354 9.89949 18.3848       2      22 7.28011  17.088      26 13.3417  35.609 27.5136 14.3178 11.8004 18.5443 28.0179 10.2956
12.2066  21.587 31.4086 23.0489 9.01388      37 29.2062 8.01561 17.8045 24.5967  19.105   17.72 23.0217 21.6333  10.198 14.7648       0 25.2389      15 28.2312 15.6525 23.2594 31.3209 34.5579 15.8114      10 25.9615 10.4403 18.3848      19 14.3178 23.5372 22.2036 16.7631 5.83095 14.0357 27.2029 17.2627 32.6956 26.4197 21.5407 17.0294 10.7703 12.3693      13       2 34.0588 34.0147 22.4722 14.8661 26.6177 35.7514 26.2488 5.38516 30.5287       6       6 13.9284 11.4018      11 13.3417 38.6005  17.088 36.1386 20.6155 21.1896     6.5 6.64003 13.4536 25.0599
31.7805 26.9258 23.5053  12.659  33.738 14.1421 4.47214 18.7417      10   25.02 23.5372 19.4165 23.7697 9.84886 30.6105 14.0357 25.2389       0 39.6989 5.83095 9.89949 31.7805 10.2956 18.0624 24.3516 27.6586 8.06226 33.9411 8.06226 14.1421 30.8869  19.105 3.16228 16.1245 19.4165 14.7648  22.561 24.1868 28.4605  27.074 22.0227 28.7924 35.8469 35.3836 21.0238 23.6008 9.43398      10 14.7648 31.1448 17.3925   14.49  7.2111 22.6274 5.38516 22.4722 30.4138 16.0312 26.9258 21.2132 18.7883 13.4536  27.074 26.9258 27.4591 7.07107 24.8244 25.7194 38.4187 12.0416
19.0263 33.2415 39.7555 34.7311  6.0208 50.1199 43.8634 21.1009 32.8024 31.0161 31.7805 26.9258 35.9026 36.6197 11.1803 29.6816      15 39.6989       0 41.8808 29.8329 33.0151 44.2945 45.6974 22.2036 20.2237 38.9487 6.32456 33.3017 30.4631 15.0333 32.7567 36.7967  31.305 20.5183 26.4197 35.2278 29.6142 39.0128 32.0156 29.2746  20.025 8.06226       6 22.1359 16.2788 48.7955 47.7074 37.1214 23.0217 36.7491 48.3938 41.2311 17.2047 44.8219 20.1246 12.3693 28.6531 16.2788 24.6982 23.7697 53.1507 28.1603 44.1022   25.02 34.6699 19.1377  14.625       2 39.9625
36.2215  32.573 19.0394 9.96243 36.1006 9.05539 7.61577 20.8387 15.2971 22.3607 29.1204 18.3576 29.5466 15.6525 31.8904  19.105 28.2312 5.83095 41.8808       0 12.6491 37.3631 4.47214 12.3794 23.8537 32.1403 4.12311  35.805 13.1529 13.0384  31.241 16.2788 8.24621  21.587 22.4722 15.6205      19 29.6142 24.3311 24.1868 19.9249 28.3019      39 37.0135 21.2603 26.4008      11 5.83095 20.5913      36 13.5093  8.8295 12.7279 24.6982       5 26.4764 33.8378  21.095 27.5862      26  19.105      13 32.3883 21.9317      26  7.2111 28.9353 27.3805 40.8167 17.8045
     24 23.6008 21.9659 10.5475 23.9008  21.587 14.2127  8.8459 7.61577 19.6977      20 12.3693 21.9317 11.1803 20.8087 9.21954 15.6525 9.89949 29.8329 12.6491       0 27.7849 16.1245 21.1009 16.0312  20.025      11 24.0416 6.08276 8.60233 21.5407      15  7.2111 12.7279 9.84886       6 19.2094 19.7231 25.6125 21.9317 16.1555 20.2237 26.4008 25.4951 12.1655 13.8924 19.2094 18.3848 15.2315 24.3311 15.7003 20.6969 13.3417 12.7279      15 14.0357 21.1896 10.8167 17.4642 14.5602 10.0499 23.3452 21.9317 26.4008 20.0998       6 16.5303 15.8521 28.6007 15.1327
     14       5 49.5227 38.3308 28.9353 45.8912 33.1361 27.2809 22.1359 45.2548 8.24621 37.4833 9.21954 22.2036 33.2415 18.7883 23.2594 31.7805 33.0151 37.3631 27.7849       0 41.7612 48.3865 37.8021 13.6015 37.6962 31.7805 24.3516  35.805 37.5766 42.0119 29.1204 15.8114 23.4307  31.241 46.2277 8.06226 52.4976 47.3814 41.7253 39.9625      25 33.7343 34.0588 24.1868 36.0139 41.5933      18      10 43.4108 46.1861 27.0185 27.4591 36.3456 18.0278 21.3776      17 34.4819 14.1421 33.2415 41.0488 6.40312 54.0833 42.8019 33.1059 16.7705 29.7941 31.0161 22.0227
  40.05      37 16.5076 10.2591 38.6943 5.83095 11.4018  23.585 19.6469 21.5407 33.5261  19.105 34.0147 20.1246 33.8378 23.3452 31.3209 10.2956 44.2945 4.47214 16.1245 41.7612       0 8.32166 24.7588 36.0139 5.38516 38.0789 17.4642 14.2127 32.5576 15.6525 12.6491 25.9615 25.7099 17.8885 17.4642 33.9559      22 23.0868 19.7231 29.0689 42.0595 39.1152 22.8035 29.4109 13.6015 5.09902 25.0599   40.05 12.0208     4.6 17.0294  27.313 8.06226 30.1496  37.108  25.318 29.2062 30.0666 20.8087 14.0357 36.6742 18.6815 26.0768  10.198 32.6382 29.6731  43.382 22.2036
  44.78 43.8321 10.3078 11.5109 40.6263 10.0125 19.7041 26.5424 26.3865 18.0347 40.2647 18.8481 41.2462 27.6089 34.6446 29.6184 34.5579 18.0624 45.6974 12.3794 21.1009 48.3865 8.32166       0 24.1506  40.942 10.7355 39.3732 24.1506 15.6285 32.2064 13.4629 19.8305 32.6535 29.5169 20.5244 13.1244 40.3887 15.6605 18.9011 17.6139 27.8792 44.9027 40.0281 23.5637 32.5615 21.7313    12.5 32.6075  45.401 9.17878 7.00071 25.1048   29.77 16.3783 34.7311 40.5494 31.4841 29.6184 35.6546 22.0737 21.2897 42.8515 11.0114  23.817 15.3379 37.2156 31.3614 45.1248  30.104
28.0179 34.9857 17.5642    14.5 18.0624 30.4138 28.7924 10.7355 23.0868 9.21954 31.7648 5.65685 34.9285 27.0185 11.0454 22.8035 15.8114 24.3516 22.2036 23.8537 16.0312 37.8021 24.7588 24.1506       0 25.4951      20 16.0312      22 10.8167 8.06226 10.7703  22.561 26.2488 14.4222 10.0499 13.0384 30.5287 17.4642 10.7703 7.07107 4.47214 23.5372 16.2788 4.12311 14.2127 33.6155 29.2062 30.4138 30.4795 14.9833 28.1169 29.2746 10.6301  28.178 19.8494 21.0238 23.4094       6 23.8537       6 36.7151 31.4006      22       5 17.4642 21.5697 9.73088 22.0227 31.0161
4.12311 13.0384 39.6548 29.7195 15.5322 41.1947 30.6757 15.8824 18.0278 33.8378 11.7047 26.4197 15.8114 20.5913 19.6977 13.9284      10 27.6586 20.2237 32.1403  20.025 13.6015 36.0139  40.942 25.4951       0 31.0161 18.2483 19.6469 26.2488 24.1868 31.7805 24.5153 13.6015  12.083 21.1896 35.7771 9.48683 41.6773  35.805 30.5287 27.0185 12.6491 20.2237 22.2036 11.3137 34.9285 37.4833  19.105       5 34.1541 40.6123 25.9422 14.8661 32.9848 6.32456       8  12.083 21.4009  6.7082 21.9545 39.9249       8 44.3847 30.4138 26.0192 4.03113   16.64 18.2483 22.8035
     35 33.1059 15.5081 5.85235 33.3204 11.1803 11.1803 18.2003 15.6525 18.2483 29.5466 14.4222 30.5287 17.0294 28.6007 18.9737 25.9615 8.06226 38.9487 4.12311      11 37.6962 5.38516 10.7355      20 31.0161       0 32.7567 13.4164 9.21954 27.5862 12.1655 9.21954 21.9317 20.3961   12.53 15.0333 29.7321 20.6155 20.0998 15.8114 24.4131 36.6879 33.8378 17.6918 24.0416 15.0333 9.21954 22.0227 35.2278 9.61769 9.80612 15.2643 21.9317 9.05539   25.02 31.7805 20.8806 24.0832  25.318 15.6205  17.088   32.28  18.868 21.9317       5 27.5182  24.337 38.0132 19.8494
18.3848 31.0644 33.5932 28.4297 3.20156  43.909 38.2099 15.2069 27.7849   25.02 29.0172 20.6155 33.0606 31.7648       5 25.0799 10.4403 33.9411 6.32456  35.805 24.0416 31.7805 38.0789 39.3732 16.0312 18.2483 32.7567       0 28.0179 24.1661 9.48683 26.4764 31.1448 27.2029 15.2643 20.2485 29.0689      27 33.1361 26.1725 23.0868 14.3178 9.21954       2 15.8114 11.1803 43.1856 41.6173 32.8938 22.1359 30.4385 42.1279 36.0555 11.3137 38.9487 16.2788 10.4403 24.3516 10.0499 21.2132 17.4642 47.3814 26.1725 38.0132 19.2354 28.6007 16.0078 8.43149       6 35.3412
23.7697 19.6977 26.9537 15.2398 27.2809 22.0227 11.1803 13.4629 2.23607  25.632 16.1555 18.4391 17.2047 5.09902 25.4951       6 18.3848 8.06226 33.3017 13.1529 6.08276 24.3516 17.4642 24.1506      22 19.6469 13.4164 28.0179       0 14.3178 26.9258 20.5913       5   8.544 12.8062 12.0416 24.6982 16.4924 31.0644 27.8568 22.1359 26.0768 28.6007 29.6816 18.0278 17.0294 15.8114 18.0278 9.43398 23.0868 20.5548 21.9672 8.06226      17 13.3417 14.7648 23.0217       8 22.8035 13.1529      16 20.5913 19.2354 31.1127 26.1725 9.21954 17.0074 20.3934 31.8277 9.05539
29.8329 31.8904 13.7295   4.272 25.1446      20 18.4391 11.0114 16.1245 11.4018 28.3196 5.38516 30.4795 19.3132 19.7231 17.6918      19 14.1421 30.4631 13.0384 8.60233  35.805 14.2127 15.6285 10.8167 26.2488 9.21954 24.1661 14.3178       0 18.3848 6.40312 13.0384 21.2603 14.3178 5.09902 10.6301 27.8029 17.0294 13.6015 8.06226 15.2643 29.2746 25.0599 8.60233      17 23.0868 18.4391 23.7065 31.0161 7.90569   18.01 20.0998 14.1421 17.4642 19.9249      25  19.105      15 21.9545  6.7082 25.9422 29.6816 18.3576 13.3417 7.07107 22.3215 15.9088 29.7321 23.0868
25.6125 35.7351 25.1098 22.3439 12.2984 38.2884 35.3553 13.6473 27.4591 16.1245 32.9848 13.6015 36.6742 31.5753       5 26.0192 14.3178 30.8869 15.0333  31.241 21.5407 37.5766 32.5576 32.2064 8.06226 24.1868 27.5862 9.48683 26.9258 18.3848       0 18.7883 28.6356 29.0172 16.0312 16.1245 20.6155 31.3209      24      17 14.8661       5 18.3576 9.05539      10 13.6015 40.3113 36.7967 34.0588 28.8444 23.0326 36.0827 34.7851 11.0454 35.2278 19.9249 17.6918 26.0192 4.12311 24.7386 12.2066 43.8292 31.3847 29.2746      10 24.4131 20.8147  7.9555 15.2971 35.5106
35.1141 38.2099 7.90569     6.5 28.1114 20.8087      23 15.9765 22.4722 6.08276 34.6554       6 36.8782 25.4951  21.587 24.0832 23.5372  19.105 32.7567 16.2788      15 42.0119 15.6525 13.4629 10.7703 31.7805 12.1655 26.4764 20.5913 6.40312 18.7883       0 18.6815 27.6586 19.6977 10.8167 4.24264 34.0588 10.6301       8 4.24264 14.4222 33.0151 26.9258      11  21.587 27.1662 20.6155 30.0167 36.6742 4.30116 18.1813 25.7099 18.2483 21.2132 25.4951 29.4279 25.4558 16.4924 28.0179  10.198 29.1204  35.805 12.6491 10.6301 12.3693 27.7714 19.0024 32.3883 29.1548
28.6356 24.3516 24.0104 12.5399 30.8099 17.0294 7.07107 16.0078 7.07107 24.3311 20.8806 18.0278 21.4709 7.81025 28.0179      11 22.2036 3.16228 36.7967 8.24621  7.2111 29.1204 12.6491 19.8305  22.561 24.5153 9.21954 31.1448       5 13.0384 28.6356 18.6815       0 13.3417 16.4012 12.6491 22.4722 21.3776 28.6356 26.4764  21.095 26.9258 32.7567 32.6497 18.9737 20.6155 12.0416 13.0384 12.8062 28.0713 17.6777 17.0751 7.07107 19.8494   8.544 19.3132 27.2947      13 24.5967 18.1108 16.7631 16.4012 24.1868 27.8029 26.0768 6.32456 21.6622 23.0411 35.4683 10.8167
17.4929 11.1803 34.6771 23.1138 25.5392 30.2655 18.1108 15.7877 6.32456 31.9061 7.61577 24.1868 9.21954 7.28011 26.1725 3.60555 16.7631 16.1245  31.305  21.587 12.7279 15.8114 25.9615 32.6535 26.2488 13.6015 21.9317 27.2029   8.544 21.2603 29.0172 27.6586 13.3417       0      13 17.4929 31.8904 8.06226 38.2884 34.1321 28.3019 29.6142      25 29.1204 22.1359 16.2788 21.8403 26.0768 5.83095 15.8114 28.3637 30.4164 12.6491      18      21 11.1803 19.4165       3 25.0799 7.07107 20.6155 26.9258      11 39.0512 31.0161 17.4929    12.5 21.3235 29.5296 9.21954
15.5242 20.5913 27.5772 18.0624    14.5 31.3209 23.4307 3.90512   12.53 22.0227 17.4642 14.4222 20.8806 16.5529 13.3417  10.198 5.83095 19.4165 20.5183 22.4722 9.84886 23.4307 25.7099 29.5169 14.4222  12.083 20.3961 15.2643 12.8062 14.3178 16.0312 19.6977 16.4012      13       0 9.21954 23.7065 16.1245 29.6816 24.0832 18.6011  17.088 16.5529      17 10.6301 4.24264 28.3196 28.2312 18.2483      17 22.1923  30.202 20.8087       5 24.6982 5.83095 11.4018      10 12.1655 9.43398      10 32.8024 17.0294  32.311 19.4165 15.5242 8.07775 8.36002  19.105 20.2485
24.7386 27.5862 18.5607 9.01388 20.8147 23.7065 19.2354  6.0208 13.3417 14.4222 24.0832  6.7082 26.6271 17.1172 16.2788 13.8924 14.0357 14.7648 26.4197 15.6205       6  31.241 17.8885 20.5244 10.0499 21.1896   12.53 20.2485 12.0416 5.09902 16.1245 10.8167 12.6491 17.4929 9.21954       0      15 23.3452 21.2603 16.6433 10.8167 14.3178 24.5153 21.4009 6.32456 12.0416 24.1868 21.4009 20.8806      26 12.9808 22.0989 19.2354 9.48683 19.2094 14.8661  20.025      15 12.2066 17.2047 4.12311 27.8029      25 23.2594 14.1421 8.48528 17.2409 11.8191 25.4951  21.095
     39   42.45 4.52769 9.96243  31.004 21.9317 26.1725  19.906 26.6271       5 38.8973 9.48683 41.1096 29.5296 24.0832 28.3196 27.2029  22.561 35.2278      19 19.2094 46.2277 17.4642 13.1244 13.0384 35.7771 15.0333 29.0689 24.6982 10.6301 20.6155 4.24264 22.4722 31.8904 23.7065      15       0 38.2884 6.40312 5.83095       6 15.8114 36.2215 29.2746 14.3178 25.2982      30  22.561 34.1321 40.7063 5.52268 19.0515 29.4109 21.8403      24 29.5296 32.9848 29.6985 19.0263 32.2025 13.9284 31.4006      40 9.05539 11.1803 16.1555  31.753 22.1651 35.0571 33.1059
12.2066 4.47214  41.503 30.2696 24.5815 38.3275 26.0192 19.8305 14.3178 37.5366 2.23607 29.7321 6.32456 15.0333 27.4591 10.7703 17.2627 24.1868 29.6142 29.6142 19.7231 8.06226 33.9559 40.3887 30.5287 9.48683 29.7321      27 16.4924 27.8029 31.3209 34.0588 21.3776 8.06226 16.1245 23.3452 38.2884       0 44.5982 39.6989 33.9706 33.1059 22.1359      29 26.6271   17.72 29.4279 34.1321 11.7047 9.21954 35.3624 38.4416 20.2237 20.6155 29.0172 11.4018 17.2627 8.94427 27.8568  6.7082 25.6125 34.5254 3.16228 46.0435 35.5106 25.0799 11.0114 23.3728 27.6586 15.8114
44.7214 48.7955 5.52268 16.1012 35.4295 25.4951 31.7805 25.8118 33.0151 8.24621 45.2548 15.2643 47.5079 35.8469 28.1603 34.7131 32.6956 28.4605 39.0128 24.3311 25.6125 52.4976      22 15.6605 17.4642 41.6773 20.6155 33.1361 31.0644 17.0294      24 10.6301 28.6356 38.2884 29.6816 21.2603 6.40312 44.5982       0       7 11.1803      19      41 33.0151 19.6977 30.8707 35.2278 27.0185 40.4969 46.6476  11.068 22.4758 35.4683  27.313 29.2746 35.5106 38.2753 36.0694 23.3452 38.4187 19.7231 36.0139 46.2277 6.40312      14 22.3607 37.6464 27.1162 39.1152 39.3573
38.5876 44.0454 9.30054    14.5 28.5351 27.7308      31 20.1804 29.5466 2.23607 40.6079      10 43.2666 32.8938 21.2132 30.5287 26.4197  27.074 32.0156 24.1868 21.9317 47.3814 23.0868 18.9011 10.7703  35.805 20.0998 26.1725 27.8568 13.6015      17       8 26.4764 34.1321 24.0832 16.6433 5.83095 39.6989       7       0 5.83095      12 34.2053 26.0192 13.6015 24.6982 35.1283 28.1603 37.1618 40.8044  11.068 24.8709  33.541  21.095 29.1548 29.8329 31.7805 31.6228 16.4924 33.2415 14.1421 36.8782 41.0122 12.6491       7 20.2237 31.8002  20.501 32.1403 36.6879
 33.541 38.2884 10.5119 9.96243  25.005      25 26.1725 14.7054 23.7697 3.60555 34.8281 4.24264 37.4433 27.2029 18.1108 24.6982 21.5407 22.0227 29.2746 19.9249 16.1555 41.7253 19.7231 17.6139 7.07107 30.5287 15.8114 23.0868 22.1359 8.06226 14.8661 4.24264  21.095 28.3019 18.6011 10.8167       6 33.9706 11.1803 5.83095       0 10.2956 30.2655 23.3452   8.544 19.6977 30.5941 24.5967 31.3847 35.5106 8.51469 22.4089 28.1603 16.1555 24.7386 24.4131 27.2029  25.807 13.0384 27.5862 8.60233 32.8938 35.3836 15.0333 6.40312      15    26.5 16.2262 29.0689 31.0483
     29 37.5766 20.2608 18.8215 16.9189 34.6554 33.2415 13.8293      27 11.1803 34.5398      10 37.9473 31.0161 9.48683 26.3059 17.0294 28.7924  20.025 28.3019 20.2237 39.9625 29.0689 27.8792 4.47214 27.0185 24.4131 14.3178 26.0768 15.2643       5 14.4222 26.9258 29.6142  17.088 14.3178 15.8114 33.1059      19      12 10.2956       0 22.8473 14.0357 8.06226 15.8114 38.0789 33.6006 34.1321 31.8904 18.7216 32.2639  33.541   12.53 32.6497 21.9545 21.4009 26.6833 5.65685 26.4008  10.198 41.1825 33.6155 24.3311       5 21.9317 23.3077 10.4062 20.2237 35.0143
     11 25.4951  40.651 33.4552 6.10328 47.7598 39.6611  18.554 27.6586 32.7567 24.3516 27.0185 28.4605 31.1127 13.4164 24.0416 10.7703 35.8469 8.06226      39 26.4008      25 42.0595 44.9027 23.5372 12.6491 36.6879 9.21954 28.6007 29.2746 18.3576 33.0151 32.7567      25 16.5529 24.5153 36.2215 22.1359      41 34.2053 30.2655 22.8473       0 10.6301 22.0227 12.6491 44.4072 44.7772 30.8058      15 36.5308  46.456 36.1248 15.1327 41.1825 14.1421 5.65685 22.6716   17.72 18.0278 23.0217 49.0918 20.3961 45.2769 27.5136 31.9531    12.5 14.0602 6.08276 34.0588
20.2485 33.0606 33.8009 29.2959 4.92443 44.9444 39.6989 16.6508 29.5296   25.02 31.0161 21.1896 35.0571  33.541 5.38516 26.9258 12.3693 35.3836       6 37.0135 25.4951 33.7343 39.1152 40.0281 16.2788 20.2237 33.8378       2 29.6816 25.0599 9.05539 26.9258 32.6497 29.1204      17 21.4009 29.2746      29 33.0151 26.0192 23.3452 14.0357 10.6301       0 16.5529      13 44.6878 42.8019 34.7851 24.0416 30.9919 43.0669 37.7359 12.8062 40.3113 18.2483 12.3693 26.2488 10.4403 23.1948 18.3576 48.7955 28.1603 38.1182 19.0263 29.8329 18.0069 9.68969 6.32456 37.1618
25.0599 31.0644 18.6682 12.7769 17.1828 28.6007 25.4951 6.80074 19.0263 11.6619 27.7849       5 30.8707      23 11.1803 18.6815      13 21.0238 22.1359 21.2603 12.1655 34.0588 22.8035 23.5637 4.12311 22.2036 17.6918 15.8114 18.0278 8.60233      10      11 18.9737 22.1359 10.6301 6.32456 14.3178 26.6271 19.6977 13.6015   8.544 8.06226 22.0227 16.5529       0 11.1803 30.4138 26.8701 26.3059 27.2029 14.7139  26.585 25.4951 7.61577 25.2389 16.2788 18.6815 19.3132 6.40312      20 2.23607 33.8378 27.6586 23.3452 8.94427 14.4222 18.2003 8.00562  21.587      27
13.8924 22.1359 29.4703 21.0535 10.2591 35.1141 27.6586  6.0208 16.6433 22.8254 19.4165 15.8114 23.1948 20.5913      10 13.9284       2 23.6008 16.2788 26.4008 13.8924 24.1868 29.4109 32.5615 14.2127 11.3137 24.0416 11.1803 17.0294      17 13.6015  21.587 20.6155 16.2788 4.24264 12.0416 25.2982   17.72 30.8707 24.6982 19.6977 15.8114 12.6491      13 11.1803       0 32.5576 32.2025 21.8403 16.2788 24.6272 33.8195      25 3.60555 28.8444 6.32456       8 13.3417 10.2956 11.1803 11.4018 37.0135 17.8885 34.2053  19.105 19.3132     7.5  5.6648 14.8661 24.1661
     39 31.0161 29.8412 20.7183 42.7931 13.4536       5 28.0401      17 33.2415 28.1603 28.4605 27.0185 14.5602      40 21.0238 34.0588 9.43398 48.7955      11 19.2094 36.0139 13.6015 21.7313 33.6155 34.9285 15.0333 43.1856 15.8114 23.0868 40.3113 27.1662 12.0416 21.8403 28.3196 24.1868      30 29.4279 35.2278 35.1283 30.5941 38.0789 44.4072 44.6878 30.4138 32.5576       0 9.43398 18.0278 37.6431 24.5051 15.5872 9.21954 31.8904       6 30.5287  38.833 22.8473 36.3593 28.2312  28.178 5.09902 32.5576   32.28 36.4005 16.1555 32.6841 35.0612 47.4236      14
41.5933 36.6742 21.5058 14.8408 41.9315 4.47214 8.94427 26.6693      20 26.5707 33.3766 23.6008 33.2415 19.4165 37.6431 24.0208 34.0147      10 47.7074 5.83095 18.3848 41.5933 5.09902    12.5 29.2062 37.4833 9.21954 41.6173 18.0278 18.4391 36.7967 20.6155 13.0384 26.0768 28.2312 21.4009  22.561 34.1321 27.0185 28.1603 24.5967 33.6006 44.7772 42.8019 26.8701 32.2025 9.43398       0 24.0416 41.1096 17.1026 6.16117 15.2315 30.5287 5.38516 32.0156 39.5601 26.0192 33.2415 31.1448 24.7588       9  37.054 23.3452 30.8869 13.0384  34.442 33.1887 46.6476 20.6155
22.8035      13 36.3112 24.6018 31.3249 28.4605 15.2971    20.5 7.61577 34.9285  10.198 27.5136 9.21954       5 31.5753 8.06226 22.4722 14.7648 37.1214 20.5913 15.2315      18 25.0599 32.6075 30.4138  19.105 22.0227 32.8938 9.43398 23.7065 34.0588 30.0167 12.8062 5.83095 18.2483 20.8806 34.1321 11.7047 40.4969 37.1618 31.3847 34.1321 30.8058 34.7851 26.3059 21.8403 18.0278 24.0416       0 20.5913 29.9082 29.1815 9.05539 23.1948 18.6815      17 25.2389   8.544 30.0167 12.8062 24.5153 23.0868 14.8661 40.3609 34.9285 18.4391 18.3098 26.6024 35.3553 4.12311
      4 11.1803 44.5253 34.3402 19.1638 45.0111 33.7343 20.8387 21.2132  38.833 11.3137 31.3847      15 23.0868 24.1868 17.1172 14.8661 31.1448 23.0217      36 24.3311      10   40.05  45.401 30.4795       5 35.2278 22.1359 23.0868 31.0161 28.8444 36.6742 28.0713 15.8114      17      26 40.7063 9.21954 46.6476 40.8044 35.5106 31.8904      15 24.0416 27.2029 16.2788 37.6431 41.1096 20.5913       0 38.9166 44.6448 28.4605 19.8494 36.3456 11.1803 11.7047 15.1327 26.2488      10 26.9258   42.72 6.40312 49.2443 35.3836 30.2655 9.01388  21.487 21.0238 24.5967
 37.716 39.3001 6.40312 5.31507 31.8944 16.8077 20.7966 18.7417 22.6385 9.61769 35.7001 9.82344 37.5033 25.1098 25.6223 24.9098 26.6177 17.3925 36.7491 13.5093 15.7003 43.4108 12.0208 9.17878 14.9833 34.1541 9.61769 30.4385 20.5548 7.90569 23.0326 4.30116 17.6777 28.3637 22.1923 12.9808 5.52268 35.3624  11.068  11.068 8.51469 18.7216 36.5308 30.9919 14.7139 24.6272 24.5051 17.1026 29.9082 38.9166       0 14.0663 24.4233 21.5058 18.5068 27.8298  32.596 26.5047 20.5548 29.7405 13.5093  25.894 37.3965 10.7005 14.8492 11.5109   30.22 22.6736 36.2836 28.4693
44.6448 41.3783 17.0018 13.8134    42.9 3.02655  14.682 27.9251 24.1238 23.6381 37.9415 22.4891 38.2539 24.3261 37.7327 27.8883 35.7514   14.49 48.3938  8.8295 20.6969 46.1861     4.6 7.00071 28.1169 40.6123 9.80612 42.1279 21.9672   18.01 36.0827 18.1813 17.0751 30.4164  30.202 22.0989 19.0515 38.4416 22.4758 24.8709 22.4089 32.2639  46.456 43.0669  26.585 33.8195 15.5872 6.16117 29.1815 44.6448 14.0663       0 20.7548 31.5778 11.0887 34.7298 41.5856  29.869 32.9509 34.6578 24.7095 14.4554  41.199 18.0044  28.809 14.7363 37.2211 33.7765 47.5601 26.0722
29.9666 22.0227 30.6349 19.4487 35.2172 19.6977 6.32456 21.4767 8.48528 31.4006 19.0263      25 18.2483 5.38516  33.541 12.2066 26.2488  7.2111 41.2311 12.7279 13.3417 27.0185 17.0294 25.1048 29.2746 25.9422 15.2643 36.0555 8.06226 20.0998 34.7851 25.7099 7.07107 12.6491 20.8087 19.2354 29.4109 20.2237 35.4683  33.541 28.1603  33.541 36.1248 37.7359 25.4951      25 9.21954 15.2315 9.05539 28.4605 24.4233 20.7548       0 25.0599 9.84886 22.0227 30.4795 13.8924 30.6757 19.2354 23.3452 14.3178 23.3452 34.1321 33.0151 13.3417 24.0052 28.4445 39.6989 5.38516
17.4929 25.0799 26.0864 18.3371 11.4127 33.1059 26.9072 3.90512  17.088 19.2354 22.1359 12.3693 25.7099 21.1896   8.544 15.1327 5.38516 22.6274 17.2047 24.6982 12.7279 27.4591  27.313   29.77 10.6301 14.8661 21.9317 11.3137      17 14.1421 11.0454 18.2483 19.8494      18       5 9.48683 21.8403 20.6155  27.313  21.095 16.1555   12.53 15.1327 12.8062 7.61577 3.60555 31.8904 30.5287 23.1948 19.8494 21.5058 31.5778 25.0599       0 27.6586 9.43398 11.1803      15 7.28011 13.9284 8.06226 36.0694  21.095 30.8058 15.5563 17.4929 10.9659 3.44819 16.1245      25
 37.108 31.4006  23.927 14.8071 38.9005 9.84886 3.60555 23.7539 15.1327 27.2947 28.1603 22.8473 27.8927 14.1421 35.3836 19.2354 30.5287 5.38516 44.8219       5      15 36.3456 8.06226 16.3783  28.178 32.9848 9.05539 38.9487 13.3417 17.4642 35.2278 21.2132   8.544      21 24.6982 19.2094      24 29.0172 29.2746 29.1548 24.7386 32.6497 41.1825 40.3113 25.2389 28.8444       6 5.38516 18.6815 36.3456 18.5068 11.0887 9.84886 27.6586       0 27.8568 35.7771 21.2132 31.4006 26.4764 23.0217 8.60233      32 26.5707 30.6757 10.8167 30.2035 30.6217 43.6005 15.2315
10.0499 15.8114 33.3542 23.4361 14.3962 35.5106 25.9422 9.70824 13.6015 27.8029 13.1529 20.2485 17.0294 16.9706 16.1245 9.89949       6 22.4722 20.1246 26.4764 14.0357 18.0278 30.1496 34.7311 19.8494 6.32456   25.02 16.2788 14.7648 19.9249 19.9249 25.4951 19.3132 11.1803 5.83095 14.8661 29.5296 11.4018 35.5106 29.8329 24.4131 21.9545 14.1421 18.2483 16.2788 6.32456 30.5287 32.0156      17 11.1803 27.8298 34.7298 22.0227 9.43398 27.8568       0 8.48528 8.60233 16.5529       5 15.8114 35.3553 11.6619 38.0789 24.8395  20.025     2.5 11.9871 18.3576      20
8.06226 21.0238 37.2626 29.0388 7.56637   42.72 34.1321 14.0089 22.0227 30.0832 19.4165 23.5372 23.5372 25.4558 12.8062 18.3848       6 30.4138 12.3693 33.8378 21.1896 21.3776  37.108 40.5494 21.0238       8 31.7805 10.4403 23.0217      25 17.6918 29.4279 27.2947 19.4165 11.4018  20.025 32.9848 17.2627 38.2753 31.7805 27.2029 21.4009 5.65685 12.3693 18.6815       8  38.833 39.5601 25.2389 11.7047  32.596 41.5856 30.4795 11.1803 35.7771 8.48528       0 17.0294 15.8114   12.53 19.2354  43.566      16 41.9762 25.5539 26.9258 6.94622 11.3177 10.4403 28.4253
16.1555 12.8062 32.7185   21.36  22.809 30.0167 18.6815  12.855 6.08276 29.4109 9.21954 21.6333 11.6619 8.60233 23.1948       2 13.9284 16.0312 28.6531  21.095 10.8167      17  25.318 31.4841 23.4094  12.083 20.8806 24.3516       8  19.105 26.0192 25.4558      13       3      10      15 29.6985 8.94427 36.0694 31.6228  25.807 26.6833 22.6716 26.2488 19.3132 13.3417 22.8473 26.0192   8.544 15.1327 26.5047  29.869 13.8924      15 21.2132 8.60233 17.0294       0 22.0907 5.38516 17.8885 27.8568 11.4018 37.2022 28.2312 16.1555 10.2591 18.3273 26.9258 11.4018
23.3452  32.311 23.5478 19.1377 12.0934      35 31.3847 9.55249 23.3452 15.1327 29.4109 10.7703 32.9848 27.4591 5.09902      22 11.4018 26.9258 16.2788 27.5862 17.4642 34.4819 29.2062 29.6184       6 21.4009 24.0832 10.0499 22.8035      15 4.12311 16.4924 24.5967 25.0799 12.1655 12.2066 19.0263 27.8568 23.3452 16.4924 13.0384 5.65685   17.72 10.4403 6.40312 10.2956 36.3593 33.2415 30.0167 26.2488 20.5548 32.9509 30.6757 7.28011 31.4006 16.5529 15.8114 22.0907       0 21.1896 8.48528      40  28.178      28 9.84886 20.6155 17.7553  4.7634 16.0312 31.4006
10.7703 11.1803 35.6721 24.8847 19.1638 35.0143 24.0416 13.2004 11.4018 31.1127 8.24621 23.3452 12.0416 13.8924  21.095 7.28011      11 21.2132 24.6982      26 14.5602 14.1421 30.0666 35.6546 23.8537  6.7082  25.318 21.2132 13.1529 21.9545 24.7386 28.0179 18.1108 7.07107 9.43398 17.2047 32.2025  6.7082 38.4187 33.2415 27.5862 26.4008 18.0278 23.1948      20 11.1803 28.2312 31.1448 12.8062      10 29.7405 34.6578 19.2354 13.9284 26.4764       5   12.53 5.38516 21.1896       0  19.105 33.2415 7.81025 40.3113 28.8444 20.3961 5.59017 16.7836 22.8473 16.2788
25.0799      30 18.0693 10.9659  18.554 26.6271 23.2594 6.10328 17.1172 12.0416 26.6271 4.47214 29.5296 21.0238 13.0384  17.088 13.3417 18.7883 23.7697  19.105 10.0499 33.2415 20.8087 22.0737       6 21.9545 15.6205 17.4642      16  6.7082 12.2066  10.198 16.7631 20.6155      10 4.12311 13.9284 25.6125 19.7231 14.1421 8.60233  10.198 23.0217 18.3576 2.23607 11.4018  28.178 24.7588 24.5153 26.9258 13.5093 24.7095 23.3452 8.06226 23.0217 15.8114 19.2354 17.8885 8.48528  19.105       0 31.6228 26.8701 22.8035 10.4403 12.2066 17.9234 9.28924 23.0868   25.02
44.0114 36.0555 30.5041 22.9401 47.1832 11.7047 9.43398 32.1753 21.9317  35.171 33.2415  31.305      32 19.6469 43.9318      26 38.6005 13.4536 53.1507      13 23.3452 41.0488 14.0357 21.2897 36.7151 39.9249  17.088 47.3814 20.5913 25.9422 43.8292 29.1204 16.4012 26.9258 32.8024 27.8029 31.4006 34.5254 36.0139 36.8782 32.8938 41.1825 49.0918 48.7955 33.8378 37.0135 5.09902       9 23.0868   42.72  25.894 14.4554 14.3178 36.0694 8.60233 35.3553  43.566 27.8568      40 33.2415 31.6228       0 37.6563  32.249      39 19.4165 37.5666 39.1138 51.8556 19.0263
9.84886 5.09902 43.4108  32.423 23.5213 41.1947 29.0689 20.8866 17.1172 38.8973       5 31.1448 8.60233 18.1108 27.2029 13.3417  17.088  27.074 28.1603 32.3883 21.9317 6.40312 36.6742 42.8515 31.4006       8   32.28 26.1725 19.2354 29.6816 31.3847  35.805 24.1868      11 17.0294      25      40 3.16228 46.2277 41.0122 35.3836 33.6155 20.3961 28.1603 27.6586 17.8885 32.5576  37.054 14.8661 6.40312 37.3965  41.199 23.3452  21.095      32 11.6619      16 11.4018  28.178 7.81025 26.8701 37.6563       0 48.0208 36.4005 27.5136 10.5948 23.5306 26.1725 18.9737
47.7598      50 4.74342 15.9452 40.0281      21 29.5466 28.6225 33.2415 13.1529 46.4004 18.4391 48.1664 35.4683 33.0151  35.609 36.1386 26.9258 44.1022 21.9317 26.4008 54.0833 18.6815 11.0114      22 44.3847  18.868 38.0132 31.1127 18.3576 29.2746 12.6491 27.8029 39.0512  32.311 23.2594 9.05539 46.0435 6.40312 12.6491 15.0333 24.3311 45.2769 38.1182 23.3452 34.2053   32.28 23.3452 40.3609 49.2443 10.7005 18.0044 34.1321 30.8058 26.5707 38.0789 41.9762 37.2022      28 40.3113 22.8035  32.249 48.0208       0 19.4165 21.9317 40.3887   31.22 44.0114 38.6005
32.8024 39.9625 15.5081 16.1012 21.7083 31.4006 31.7805 15.6924 27.4591 6.32456 36.7151 8.06226 39.8121  31.257 14.3178 27.5136 20.6155 27.4591   25.02      26 20.0998 42.8019 26.0768  23.817       5 30.4138 21.9317 19.2354 26.1725 13.3417      10 10.6301 26.0768 31.0161 19.4165 14.1421 11.1803 35.5106      14       7 6.40312       5 27.5136 19.0263 8.94427  19.105 36.4005 30.8869 34.9285 35.3836 14.8492  28.809 33.0151 15.5563 30.6757 24.8395 25.5539 28.2312 9.84886 28.8444 10.4403      39 36.4005 19.4165       0 20.3961 26.5189  14.258 25.1794 35.2278
     30 28.6531 17.9025 6.26498 28.9007 15.8114 11.4018 13.6473 11.4018 18.1108 25.0599 12.3693 26.4008 13.6015 24.7588 14.3178 21.1896 7.07107 34.6699  7.2111       6 33.1059  10.198 15.3379 17.4642 26.0192       5 28.6007 9.21954 7.07107 24.4131 12.3693 6.32456 17.4929 15.5242 8.48528 16.1555 25.0799 22.3607 20.2237      15 21.9317 31.9531 29.8329 14.4222 19.3132 16.1555 13.0384 18.4391 30.2655 11.5109 14.7363 13.3417 17.4929 10.8167  20.025 26.9258 16.1555 20.6155 20.3961 12.2066 19.4165 27.5136 21.9317 20.3961       0 22.5222 20.1814 33.6155      17
7.56637 15.2069 35.6546  25.894 13.7295  37.977 28.1824 11.8533 15.6924 29.8203 13.0096 22.3886  17.066 18.8215 16.6208 11.8004     6.5 24.8244 19.1377 28.9353 16.5303 16.7705 32.6382 37.2156 21.5697 4.03113 27.5182 16.0078 17.0074 22.3215 20.8147 27.7714 21.6622    12.5 8.07775 17.2409  31.753 11.0114 37.6464 31.8002    26.5 23.3077    12.5 18.0069 18.2003     7.5 32.6841  34.442 18.3098 9.01388   30.22 37.2211 24.0052 10.9659 30.2035     2.5 6.94622 10.2591 17.7553 5.59017 17.9234 37.5666 10.5948 40.3887 26.5189 22.5222       0 13.0361 17.2699 21.5928
18.6357 27.7973 26.5912 20.1802 9.26499 35.5006 30.0648 7.04557 20.5302 18.8809 25.0298 13.0035 28.7383 24.6351 5.10784 18.5443 6.64003 25.7194  14.625 27.3805 15.8521 29.7941 29.6731 31.3614 9.73088   16.64  24.337 8.43149 20.3934 15.9088  7.9555 19.0024 23.0411 21.3235 8.36002 11.8191 22.1651 23.3728 27.1162  20.501 16.2262 10.4062 14.0602 9.68969 8.00562  5.6648 35.0612 33.1887 26.6024  21.487 22.6736 33.7765 28.4445 3.44819 30.6217 11.9871 11.3177 18.3273  4.7634 16.7836 9.28924 39.1138 23.5306   31.22  14.258 20.1814 13.0361       0 13.8235  28.448
17.0294  31.257  39.579 34.0037 4.71699 49.1935 42.5206 19.9812  31.241 31.0161 29.8329 26.4764 33.9559      35      11 28.0179 13.4536 38.4187       2 40.8167 28.6007 31.0161  43.382 45.1248 22.0227 18.2483 38.0132       6 31.8277 29.7321 15.2971 32.3883 35.4683 29.5296  19.105 25.4951 35.0571 27.6586 39.1152 32.1403 29.0689 20.2237 6.08276 6.32456  21.587 14.8661 47.4236 46.6476 35.3553 21.0238 36.2836 47.5601 39.6989 16.1245 43.6005 18.3576 10.4403 26.9258 16.0312 22.8473 23.0868 51.8556 26.1725 44.0114 25.1794 33.6155 17.2699 13.8235       0 38.2753
26.6271 17.0294  34.821 23.2648 34.0478 25.0799 11.7047 21.8689 8.06226 34.4819 14.3178 27.4591 13.0384       4 33.5261 10.2956 25.0599 12.0416 39.9625 17.8045 15.1327 22.0227 22.2036  30.104 31.0161 22.8035 19.8494 35.3412 9.05539 23.0868 35.5106 29.1548 10.8167 9.21954 20.2485  21.095 33.1059 15.8114 39.3573 36.6879 31.0483 35.0143 34.0588 37.1618      27 24.1661      14 20.6155 4.12311 24.5967 28.4693 26.0722 5.38516      25 15.2315      20 28.4253 11.4018 31.4006 16.2788   25.02 19.0263 18.9737 38.6005 35.2278      17 21.5928  28.448 38.2753       0


