
      0 29.0689 42.0119 36.1248 11.1803 10.2956 49.3964 33.5261 24.8697 34.3657 26.9258 5.09902  34.176 33.9411 5.59017 27.2029 13.4164 38.5876  6.7082 43.0116 34.0147   32.28 47.8539 49.8197 28.8617 15.2315 45.5439  12.083 31.4006 30.0666 16.9189 9.48683 43.1393 29.4279 22.8035 26.0192 38.0526 24.6982 41.5933 39.3192 32.0624 4.12311  12.083 8.38153 24.0208 5.38516 47.2017 48.3735 28.8444 16.2788 38.6588 53.6004 31.8904 17.4642 43.8634 16.9706 8.48528 25.4951 14.0357 20.8087 22.2036 53.2353 35.3553 47.3814 32.5576 37.0135 19.4551 25.1794     7.8 40.6079
29.0689       0 52.1536 26.0768 36.0555 21.1896 44.1022 38.9487 28.7141 49.5177 12.6491 24.0208 14.3178 26.4764 34.5145 27.2947 26.9258 36.1386 35.3553 45.8803 36.2491 11.1803 52.9245 41.0488 46.8615      17 54.6374 36.4005 28.7924 41.8688 38.9134 28.2312 32.0624 46.0109 10.6301 3.16228 50.6063   12.53 56.0803 53.2635 46.0109 28.6356 36.4005 33.0492 38.2099 31.7805 40.0125 44.2832 18.6815 13.9284 47.8592 45.0999 23.5372 31.4006 34.0147 22.0227 24.3516 21.4709      34 18.4391      40  49.163  19.105 60.2163 48.7955 31.5753 15.5724 6.40312 36.5437 27.1662
42.0119 52.1536       0 31.6228 32.5576  37.855      25 13.4536 23.5053      10      40 43.1856 43.1393 29.2062 43.4885      25 30.4138 21.0238 39.6232 12.0416 17.0294 44.5982 9.43398 30.1496 16.1245 38.2753 3.64005 31.5753 24.7588 12.0416 26.8002 33.0606  32.311 14.3178 41.6773 49.7393       5 39.6611 8.06226  6.7082 10.4403      38 31.5753 34.1797      18 37.1214 27.2947      23 34.7131 41.7852 4.30116 31.0161 31.1448 25.1794 30.6757 31.9531 36.3456 30.8058 28.0713      34 20.3961 24.5153 39.0512 8.60233 12.2066 25.5539  37.343  45.793 39.8527 35.3553
36.1248 26.0768 31.6228       0 34.9285 26.1725 18.0278 18.7883 14.7139 33.5261 14.1421 33.3017      13       3  41.003 11.1803 24.1868 11.4018 39.1152 22.0227 14.7648 15.5242 29.2062 15.5242 34.2345 22.2036 32.9735 34.5398 8.06226 25.7099 33.4701 28.3019  7.2111 32.3883 18.6815   25.02 32.2025 15.5242 38.0132 35.3412 30.0832 32.8024 34.5398 33.5596      26 34.6699 14.0357 18.2483   8.544 23.7065 27.6134 19.6469 4.24264 24.0416   8.544 19.2094 27.6586 10.6301 29.7321 15.6205 30.0666 23.0868 8.06226 40.2244 33.9559 6.40312 18.1797  21.095 40.1328 5.09902
11.1803 36.0555 32.5576 34.9285       0 14.8661 44.5533 26.6271 20.9404      24      30 14.8661  37.054 32.2025 11.0114 24.1868 11.1803 33.9706 7.07107 35.8469 28.3196 36.0139 39.5601 46.2277 18.1108 19.4165 36.1836       1 28.3019 21.1896  6.0208 8.06226 41.1825      19 27.2947 32.8938 28.1603 28.0179 31.0644      29 22.2036 8.48528       1 3.20156 15.2315 5.83095 43.2782 43.1856 29.6142 22.1359 29.7405 49.5782 31.0161 11.4018 41.3401 17.1172 11.7047      25 5.65685 22.0907 12.1655  47.634 36.6742 37.0135 22.0227 33.8378 22.5499 30.8058 7.33757 39.9249
10.2956 21.1896  37.855 26.1725 14.8661       0 40.7185 27.0185 16.8671 32.2025 16.7631  7.2111 24.0416 24.2074 15.6924 18.3848 7.61577 30.0832 15.1327 36.2215 26.4764 22.3607      42 40.4969 28.0179 5.09902 41.1005 15.2315 22.3607 25.9615 18.2003  7.2111 33.3017 27.7849 13.0384 18.0278 34.7851 14.5602 39.3954 36.7696 29.1548 8.06226 15.2315 11.8849 20.6155      11 38.0789 39.9249 18.6011 7.28011 33.9485 44.4185 21.9317      13 34.2053 7.61577 3.16228 15.6205 13.4536 10.6301 20.8087 44.9444 25.0599 44.5982 30.8869 27.7849 9.19239 16.1245  16.323 30.4795
49.3964 44.1022      25 18.0278 44.5533 40.7185       0  18.868 24.5459 32.0156 32.0156 47.8539 30.5941 18.1108 53.3034 22.3607 36.0555 10.8167  50.448 13.0384 16.2788 33.3766   17.72 5.83095 35.8469 37.9473 24.2539 43.8406 18.3848 26.8328 40.8442 40.2244      13 33.6155 36.2215      43 28.2843 33.1361 33.0151 31.1448 29.7321 45.4863 43.8406  44.365 30.8058 46.4004 4.47214       2 26.0768 40.2616 22.7706 6.08276  21.095 33.3017 10.7703 33.1059 41.1825 25.9615 38.8973 31.3209 35.2278 5.09902 25.4951 32.3883 33.5261 13.3417 34.5615 39.0128 51.2176 18.0278
33.5261 38.9487 13.4536 18.7883 26.6271 27.0185  18.868       0 10.7935 15.1327 26.6271 33.3766 29.7321 16.1245 36.4589 11.6619 20.3961 10.0499  33.121 9.48683 4.12311 31.1448 15.0333 22.1359 17.4642 26.3059 15.6924  25.807 11.4018 8.24621 22.2767 24.0416  21.095 15.2971 28.6356 36.6742 13.4164 26.4197 19.2354 16.5529      12 29.4109  25.807 27.0601 12.0416 29.5466 18.9737 17.2047 21.2603 29.6142 9.19239 24.5967 17.8045 16.1555      20 20.0998 26.3059 17.4929  21.095 21.1896 16.4012 21.2132  25.807 21.9317      16 13.3417 24.6678 32.6497 33.7171 23.0868
24.8697 28.7141 23.5053 14.7139 20.9404 16.8671 24.5459 10.7935       0 21.5058 16.9853 23.7171  21.691 11.7686 28.8141 3.53553 11.5109 13.7295  26.163 19.5064 9.61769 22.3271 25.7391 25.4657 20.5548 15.5724 26.1964 20.4083 7.38241 13.5093 18.8215 15.7003 20.3593 19.0394 18.1797 26.2393 21.9659 16.3248 27.5772 24.7487 17.9025 20.9404 20.4083 20.1804 11.7686 21.9659 22.6385 23.5053 12.7475 18.8282 19.2354 29.0259 11.5109 9.61769 20.4083 9.51315 16.8077 7.90569 15.4434 10.5119 15.5081 28.3989 19.0394  31.504  21.272 12.9035 13.9284 22.3271 27.0248 19.8116
34.3657 49.5177      10 33.5261      24 32.2025 32.0156 15.1327 21.5058       0 38.4187 36.4005 43.0465 30.6757 35.0036 24.1868 24.5967   25.02 31.0161 19.3132 19.2354 43.8292  19.105 36.3456 6.32456 33.8378 13.4629      23  25.632 8.06226 18.0069 26.2488 36.2215       5 38.8973 46.7547       5 37.5366 7.28011       5 3.60555 30.5941      23 26.1199 11.6619 29.1548 33.2415 30.0832 34.1321 37.4433 9.61769 38.0789 31.7805 19.2354 35.0571 27.8029 30.0832 29.4109 20.3961 31.1127 12.1655 32.6956 39.8121 13.0384 2.23607 28.4429 34.0074 43.1393  31.078 38.0789
26.9258 12.6491      40 14.1421      30 16.7631 32.0156 26.6271 16.9853 38.4187       0 22.8254 7.28011 14.0357  32.423      15  19.105 23.5372 31.7805 33.2415 23.7065 6.08276 40.3113 29.6142 36.7151 11.7047 42.2995 30.0167 16.1555 30.4795 31.0846 22.0227 20.8806 35.5106       5 11.0454 38.8973 2.23607 44.5533 41.7253 34.8281 24.7386 30.0167 27.5726 27.7849 27.4591 28.1603 32.0156 6.08276 11.4018 35.7001 33.7343 11.0454 22.1359  22.561 13.1529 19.4165 9.21954 26.3059 8.24621 30.4631      37 9.21954 48.2701 38.0132  19.105 7.64853       7 32.9521 16.5529
5.09902 24.0208 43.1856 33.3017 14.8661  7.2111 47.8539 33.3766 23.7171 36.4005 22.8254       0 29.9666 31.4006    10.5 25.4951 13.0384 37.1618 11.7047 42.7551 33.2415 27.8568 48.1664 47.7074 31.3847 11.4018 46.5967 15.6205 29.5296 31.1448 19.9812  10.198 40.4599 31.6228 18.3848      21 39.6232 20.5913 43.6807 41.2311 33.7343 6.40312 15.6205 11.7154  25.318 9.21954 45.2769 47.0106 25.4951 11.7047 39.5285 51.6236 29.0689 18.0278 41.4005 14.7648 7.07107 22.8035 16.1555 17.6918 24.3516      52 31.6228 49.2443 34.7851 34.9857 15.7003 20.3961  12.839 37.4833
 34.176 14.3178 43.1393      13  37.054 24.0416 30.5941 29.7321  21.691 43.0465 7.28011 29.9666       0 14.4222 39.6894  18.868      26 24.1868 39.0512 34.6699 26.1725 3.16228 41.8808 27.0185 42.1545 18.9737 44.9694 37.0135 18.3848 34.9857 37.7127 29.1548 18.0278 40.7185 11.6619 14.3178 42.8019 9.48683 48.6004 45.8039 39.4462 32.0156 37.0135 34.7311 33.2415 34.7131 26.3059 31.0483 8.94427 18.3576 38.9166      31 12.0416 28.4429 20.0998      20 26.6833 13.9284 33.0606      15 36.4005 35.6931 5.09902 51.6624 42.9418 19.2354 14.9164 11.4018 40.2199      13
33.9411 26.4764 29.2062       3 32.2025 24.2074 18.1108 16.1245 11.7686 30.6757 14.0357 31.4006 14.4222       0 38.6685 8.24621 21.6333 9.84886 36.6197 20.2485 12.2066 16.5529 27.4591 16.5529  31.257 20.5913 30.7612 31.7805 5.09902 22.8035 30.5655  25.807 9.21954 29.4279 18.1108 25.0799 29.5296 15.0333 35.3553 32.6497 27.2029 30.4795 31.7805 30.9556      23 32.2025 14.5602      18       8 22.4722 25.1098 20.6155       3 21.1896      10 16.9706 25.4558 8.60233 26.9258 13.8924  27.074 23.0217 9.89949 37.8021 31.0483 5.09902 16.8077 21.0238  37.609 8.06226
5.59017 34.5145 43.4885  41.003 11.0114 15.6924 53.3034 36.4589 28.8141 35.0036  32.423    10.5 39.6894 38.6685       0 31.4841 17.3566    42.5 4.03113 45.8939 37.4733 37.8451 50.1423 54.1503 29.0388 20.7183  47.101 12.0104 35.7246 31.8944      17 13.1244 47.8879 30.0042 28.3769    31.5 39.1567 30.2035 42.0268 40.0031 33.1851 8.20061 12.0104 9.48683 25.8312 6.94622 51.4125 52.1464 34.0478 21.8689 40.5123 57.8122 36.8001 20.3531 48.4691 21.8002 13.4629 30.4015 15.6605 25.9856 23.1355 56.8705 40.6971 48.0026 33.0038 41.3793 24.8847 30.7612 4.34626 45.6317
27.2029 27.2947      25 11.1803 24.1868 18.3848 22.3607 11.6619 3.53553 24.1868      15 25.4951  18.868 8.24621 31.4841       0 14.1421 11.7047 29.0689 19.2354 9.21954 19.8494 25.9615 22.6716 23.7697 16.1245 27.3542 23.7065 4.24264 16.1245 22.3215 18.3848      17 22.1359  17.088 25.0799 24.0832 14.7648 29.8329 27.0185 20.5913 23.4307 23.7065 23.2002 15.1327 24.7588      20 21.5407      10      19 20.7002 26.4008 8.06226      13 17.2047 10.7703  18.868 5.83095 18.7883 10.0499      19 26.5707 15.8114 33.3017 24.1661 9.89949 13.5831 21.0238 29.9873 16.2788
13.4164 26.9258 30.4138 24.1868 11.1803 7.61577 36.0555 20.3961 11.5109 24.5967  19.105 13.0384      26 21.6333 17.3566 14.1421       0 25.2389      15 29.8329 20.6155 25.1794 35.1283 36.7967 20.6155      10  33.738 11.0454 18.3848 18.4391 12.1758 4.24264 30.8058 20.2485  17.088 23.8537 27.2029 17.2627 31.7805 29.1548 21.5407 9.43398 11.0454 9.39415      13 10.6301 34.0588 34.9857 18.4391 13.4536 26.6177 40.4599 20.1246 5.38516  31.241       6       6 13.9284 7.28011      11 13.4536 39.8246 25.4951      37 23.3238 24.0416 12.0208 21.0238 15.9762 29.0689
38.5876 36.1386 21.0238 11.4018 33.9706 30.0832 10.8167 10.0499 13.7295   25.02 23.5372 37.1618 24.1868 9.84886    42.5 11.7047 25.2389       0 39.6989 10.6301 6.32456 26.4008 17.8045   12.53 27.4591 27.6586 21.9146 33.3017 8.06226 18.2483 30.6472 29.4109 11.4018  25.318  27.074 34.5254  22.561 24.1868 28.1603 25.7099 22.0227 34.6699 33.3017 33.6341 21.0238  35.609 9.43398 9.84886 17.4642 30.2655 17.3925 15.6205 12.6491 22.6274 10.0499 22.4722 30.4138 16.0312 28.3196 21.2132 25.4951 14.8661 19.4165 29.5296 26.0192       5 24.6272 30.4138 40.4949 14.4222
 6.7082 35.3553 39.6232 39.1152 7.07107 15.1327  50.448  33.121  26.163 31.0161 31.7805 11.7047 39.0512 36.6197 4.03113 29.0689      15 39.6989       0 42.4853 34.4093 37.4833 46.4866 51.6236   25.02 20.2237 43.2464 8.06226 33.3017 28.1603 13.0096 10.8167 45.8039 26.0192 28.1603  32.249 35.2278 29.6142 38.0132 36.0139 29.2746 7.07107 8.06226 6.10328 22.1359 4.47214 48.7955 49.2037 32.6956      22 36.7491 55.1725 34.9857 17.2047 46.2277 20.1246 12.3693 28.6531  12.083 24.6982 19.2354 53.8238 39.5601      44      29 38.9487  24.135      31     1.2  43.909
43.0116 45.8803 12.0416 22.0227 35.8469 36.2215 13.0384 9.48683 19.5064 19.3132 33.2415 42.7551 34.6699 20.2485 45.8939 19.2354 29.8329 10.6301 42.4853       0 10.0499 36.7151  7.2111 18.1108 23.8537 35.0143 11.8849 34.9857  17.088 15.5563 31.1006 33.5261  21.095 21.6333 36.1386 43.9659 15.2971 33.5261      20 18.1108 17.4929 38.8973 34.9857 36.4589 20.8087      39 15.2971 11.0454  27.313 38.1182 9.82344  19.105 22.8254  25.632 19.2354 29.0172 35.6931 24.7386 30.4138 29.2746 24.8395 13.4164      30 19.9249 21.0238 15.6205 32.8101 39.8497 43.0353 24.8395
34.0147 36.2491 17.0294 14.7648 28.3196 26.4764 16.2788 4.12311 9.61769 19.2354 23.7065 33.2415 26.1725 12.2066 37.4733 9.21954 20.6155 6.32456 34.4093 10.0499       0 27.8029 16.7631 18.7883 21.2132      25 18.8215 27.5862 7.81025 12.0416 24.6018 24.5967 17.0294  19.105 26.2488  34.176 17.4642 23.7697 23.2594 20.6155 16.0312 29.9666 27.5862 28.3064 14.7648 30.5287 15.6525 14.8661 18.0278 28.0713 12.9035 21.6333 14.1421 17.2047 16.0312  19.105 26.2488 14.8661 22.6716 19.2354 19.2354 19.4165 22.0227 25.6125  20.025 9.21954 22.7706 30.0832 35.1204 18.9737
  32.28 11.1803 44.5982 15.5242 36.0139 22.3607 33.3766 31.1448 22.3271 43.8292 6.08276 27.8568 3.16228 16.5529 37.8451 19.8494 25.1794 26.4008 37.4833 36.7151 27.8029       0  43.909      30 42.4853 17.2627 46.6181 36.0555      20  35.805 37.1652      28      21 41.1825 9.48683 11.1803 43.9318       8  49.679 46.8615 40.2244 30.4138 36.0555 33.5149  33.541 33.2415 29.1548 33.7343 9.89949 16.1555 40.3299 34.0147 13.8924 28.1603 23.0217 19.2354 25.1794 14.4222 32.3883 14.3178 36.4005 38.4708       8 53.0377  43.566 21.5407 13.5093 8.48528 38.6683 16.0312
47.8539 52.9245 9.43398 29.2062 39.5601      42   17.72 15.0333 25.7391  19.105 40.3113 48.1664 41.8808 27.4591 50.1423 25.9615 35.1283 17.8045 46.4866  7.2111 16.7631  43.909       0 23.4094 24.8395 41.3038 7.15891 38.6264 24.1661 18.3848 34.2235 38.4708 27.8029 22.8035 43.0116 50.9215 14.2127 40.4969  17.088 16.1245 18.6011 43.7379 38.6264 40.6602 24.3516 43.4166 21.0238 15.8114 34.4384 44.5533 10.1242 23.3452 30.0167 30.4138  25.807 35.1283 41.1096 31.6228 34.4819 35.9026 27.7308      16 37.2022      15 21.2132 22.8035 39.4271 46.8188 46.8875 31.8277
49.8197 41.0488 30.1496 15.5242 46.2277 40.4969 5.83095 22.1359 25.4657 36.3456 29.6142 47.7074 27.0185 16.5529 54.1503 22.6716 36.7967   12.53 51.6236 18.1108 18.7883      30 23.4094       0 39.5601 37.1214 29.7195  45.607 18.4391 30.3645 43.1422 41.0366       9 37.3631 34.2053 40.3113 33.0151 31.0483 38.0526      36 33.7343 46.0977  45.607 45.6426  33.541 47.3814 3.16228 7.61577 24.0416      39 27.5045 4.12311 19.3132 34.8281 7.07107 33.0151 41.4005 25.0599 40.6079 30.4138 38.0132      10      22  37.855 37.6563 12.8062 33.3542 36.4966 52.4904 14.0357
28.8617 46.8615 16.1245 34.2345 18.1108 28.0179 35.8469 17.4642 20.5548 6.32456 36.7151 31.3847 42.1545  31.257 29.0388 23.7697 20.6155 27.4591   25.02 23.8537 21.2132 42.4853 24.8395 39.5601       0 30.4138 19.6787 17.1172 26.1725 9.21954 12.0934 21.4709 38.0526 2.23607 36.4005 43.9318 11.1803 35.5106      13 11.1803 6.40312 25.2982 17.1172    20.5 8.94427 23.5372 36.4005 34.0147 33.2415 33.9706 14.8492 41.7852 31.7805 15.5563 37.2156 24.8395 25.5539 28.2312 15.2315 28.8444  7.2111 37.2156 39.5601 19.0263 4.12311 30.0167 31.3129 40.6079 25.0008 39.1152
15.2315      17 38.2753 22.2036 19.4165 5.09902 37.9473 26.3059 15.5724 33.8378 11.7047 11.4018 18.9737 20.5913 20.7183 16.1245      10 27.6586 20.2237 35.0143      25 17.2627 41.3038 37.1214 30.4138       0 41.2826 19.6469 19.6469 26.8328 21.9146 11.4018 29.4109 29.8329       8 13.8924 35.7771 9.48683 40.8167 38.0789 30.5287 13.1529 19.6469 16.6208 22.2036 16.0312 34.9285 37.3631 14.1421 3.60555 34.1541 41.1461 18.0278 14.8661 30.5287 6.32456       8  12.083      17  6.7082 23.3452   42.45 20.2485  45.618 32.8024 24.6982 4.30116 11.4018 21.4112 26.1725
45.5439 54.6374 3.64005 32.9735 36.1836 41.1005 24.2539 15.6924 26.1964 13.4629 42.2995 46.5967 44.9694 30.7612  47.101 27.3542  33.738 21.9146 43.2464 11.8849 18.8215 46.6181 7.15891 29.7195 19.6787 41.2826       0  35.203 26.6317    15.5 30.4385 36.5137 32.8824 17.9234 44.2747 52.3283     8.5   42.11 10.0623 9.55249 14.0801  41.512  35.203  37.769 21.5232 40.6971 27.0601 22.2767 36.8001 44.7465 7.15891  30.104  32.928 28.5701 31.0846 34.9607  39.702 33.1851 31.6425 36.7049  24.026 23.0489 40.6602 8.13941 15.6924 26.7067 40.1155 48.3244 43.4844 36.3352
 12.083 36.4005 31.5753 34.5398       1 15.2315 43.8406  25.807 20.4083      23 30.0167 15.6205 37.0135 31.7805 12.0104 23.7065 11.0454 33.3017 8.06226 34.9857 27.5862 36.0555 38.6264  45.607 17.1172 19.6469  35.203       0 27.7849 20.2485 5.02494 8.24621 40.7063      18 27.4591 33.2415 27.1662 28.0713 30.0666      28 21.2132 9.21954       0 3.90512 14.3178  6.7082  42.638   42.45 29.4279 22.4722 28.7837 48.9183 30.6757 10.8167 40.8167 17.0294  12.083 24.7386       5 22.0227 11.1803 46.8615 36.4966 36.0139 21.0238 33.2866 22.6385 31.0483 8.29699 39.5601
31.4006 28.7924 24.7588 8.06226 28.3019 22.3607 18.3848 11.4018 7.38241  25.632 16.1555 29.5296 18.3848 5.09902 35.7246 4.24264 18.3848 8.06226 33.3017  17.088 7.81025      20 24.1661 18.4391 26.1725 19.6469 26.6317 27.7849       0   17.72 26.1008 22.6274      13 24.3311 19.2354 26.9258 24.6982 16.4924 30.5287 27.7849 22.1359 27.6586 27.7849 27.4089 18.0278      29 15.8114   17.72 10.2956 22.2036 20.5548 22.2036 6.40312      17 13.0384 14.7648 23.0217       8 22.8254 13.1529 22.2036 22.8035 14.4222 33.3017 25.9615 5.65685  16.568 22.8035 34.2117      13
30.0666 41.8688 12.0416 25.7099 21.1896 25.9615 26.8328 8.24621 13.5093 8.06226 30.4795 31.1448 34.9857 22.8035 31.8944 16.1245 18.4391 18.2483 28.1603 15.5563 12.0416  35.805 18.3848 30.3645 9.21954 26.8328    15.5 20.2485   17.72       0 15.8824 21.0238      29 7.07107  31.241 39.2046 8.94427 29.6985 14.2127 11.4018 4.47214 26.0192 20.2485 22.4555 6.08276  25.318 27.2029 25.0599 26.0768 30.4138 8.63134 32.6956 23.7697 13.1529 28.0713 20.5913 24.3311 21.4009 16.2788 23.4307 9.43398 28.6007 31.7805 18.7883 8.24621 21.0238 26.5047 35.4683 28.5244 30.4138
16.9189 38.9134 26.8002 33.4701  6.0208 18.2003 40.8442 22.2767 18.8215 18.0069 31.0846 19.9812 37.7127 30.5655      17 22.3215 12.1758 30.6472 13.0096 31.1006 24.6018 37.1652 34.2235 43.1422 12.0934 21.9146 30.4385 5.02494 26.1008 15.8824       0 11.0114 39.0928 13.0096 29.2617 35.7946 22.2767 29.3471  25.045 23.0054 16.3783 13.6473 5.02494   8.544 10.3078 11.5434  40.078 39.3224    29.5 25.1247 24.2332 46.2088 29.9207 9.55249 38.9391 17.9513 15.2398 24.5204 4.92443 22.8528     6.5 43.4885 36.5137  31.004 16.0078 31.3249 24.1919 33.1549 13.1107 38.5649
9.48683 28.2312 33.0606 28.3019 8.06226  7.2111 40.2244 24.0416 15.7003 26.2488 22.0227  10.198 29.1548  25.807 13.1244 18.3848 4.24264 29.4109 10.8167 33.5261 24.5967      28 38.4708 41.0366 21.4709 11.4018 36.5137 8.24621 22.6274 21.0238 11.0114       0      35 21.5407 19.2354 25.0799 29.4279      20 33.5261 31.0483 23.5372 5.38516 8.24621 5.59017 15.1327 6.40312 38.2884 39.1152 22.1359 14.3178 29.5042 44.6878 24.1868 8.06226 35.4683 9.48683 4.24264 17.8885 6.40312 14.3178 14.3178  43.909 29.1204 39.0512 24.6982 28.2843 14.5086 22.8035 11.8338  33.121
43.1393 32.0624  32.311  7.2111 41.1825 33.3017      13  21.095 20.3593 36.2215 20.8806 40.4599 18.0278 9.21954 47.8879      17 30.8058 11.4018 45.8039  21.095 17.0294      21 27.8029       9 38.0526 29.4109 32.8824 40.7063      13      29 39.0928      35       0 36.0139  25.632 31.4006 33.9559 22.4722 39.5601  37.108 33.0606 39.6989 40.7063  40.078 30.5941 41.4005   8.544 13.8924 15.6525 30.8869 28.7837 13.0384 11.4018 29.9666 2.23607 26.1725 34.6554 17.6918 35.7771 22.8035 34.9285 18.0278      13 40.7185  37.054 8.06226  25.387 27.6586 46.7786 5.09902
29.4279 46.0109 14.3178 32.3883      19 27.7849 33.6155 15.2971 19.0394       5 35.5106 31.6228 40.7185 29.4279 30.0042 22.1359 20.2485  25.318 26.0192 21.6333  19.105 41.1825 22.8035 37.3631 2.23607 29.8329 17.9234      18 24.3311 7.07107 13.0096 21.5407 36.0139       0 35.4683 43.1393 9.48683 34.4093 12.1655      10 4.24264 25.7099      18 21.1483 7.81025 24.1868 34.2053 31.7805 31.7805 33.4215 12.7475 39.5601 30.0832      15 35.1283 24.0416 25.4951 26.8328 15.5242 27.8029 7.28011 34.9857 37.9473 18.0278 3.16228      28 30.4385 39.6989 26.0929 37.2156
22.8035 10.6301 41.6773 18.6815 27.2947 13.0384 36.2215 28.6356 18.1797 38.8973       5 18.3848 11.6619 18.1108 28.3769  17.088  17.088  27.074 28.1603 36.1386 26.2488 9.48683 43.0116 34.2053 36.4005       8 44.2747 27.4591 19.2354  31.241 29.2617 19.2354  25.632 35.4683       0 8.06226      40 3.16228 45.4533  42.638 35.3836  21.095 27.4591 24.5815 27.6586 24.0208 32.5576 36.0555  10.198  6.7082 37.3965 38.3275 15.1327  21.095 27.2029 11.6619      16 11.4018 24.3516 7.81025 29.6816 41.1096 14.2127 49.6488 38.2099 23.0217 5.14782 4.24264 29.3537 21.4709
26.0192 3.16228 49.7393   25.02 32.8938 18.0278      43 36.6742 26.2393 46.7547 11.0454      21 14.3178 25.0799    31.5 25.0799 23.8537 34.5254  32.249 43.9659  34.176 11.1803 50.9215 40.3113 43.9318 13.8924 52.3283 33.2415 26.9258 39.2046 35.7946 25.0799 31.4006 43.1393 8.06226       0 48.0104 10.4403 53.4135 50.6063 43.2782 25.4951 33.2415 29.8873 35.3553 28.6356 39.0512 43.0465 17.1172 10.7703 45.4588 44.4072 22.0907 28.4253 33.2415  19.105 21.1896 19.3132 30.8869 15.8114 37.0135 48.0104 18.6815 57.6888 45.9674 30.1496 12.7475 4.12311 33.4401 26.6833
38.0526 50.6063       5 32.2025 28.1603 34.7851 28.2843 13.4164 21.9659       5 38.8973 39.6232 42.8019 29.5296 39.1567 24.0832 27.2029  22.561 35.2278 15.2971 17.4642 43.9318 14.2127 33.0151 11.1803 35.7771     8.5 27.1662 24.6982 8.94427 22.2767 29.4279 33.9559 9.48683      40 48.0104       0 38.2884 5.83095 3.16228       6 34.1321 27.1662 30.0042 14.3178      33      30 26.3059 34.0588 39.3573 5.52268 34.3657 31.0644 21.8403 32.5576 29.5296 32.9848 29.6985 24.0208 32.2025 16.0312 28.4605 39.1152 9.84886  7.2111 26.5707 35.3624 44.2041 35.3842 36.4005
24.6982   12.53 39.6611 15.5242 28.0179 14.5602 33.1361 26.4197 16.3248 37.5366 2.23607 20.5913 9.48683 15.0333 30.2035 14.7648 17.2627 24.1868 29.6142 33.5261 23.7697       8 40.4969 31.0483 35.5106 9.48683   42.11 28.0713 16.4924 29.6985 29.3471      20 22.4722 34.4093 3.16228 10.4403 38.2884       0 43.8634 41.0366 33.9706  22.561 28.0713 25.5196 26.6271  25.318 29.4279 33.0151 7.07107 9.21954 35.3624  35.171 12.0416 20.6155 24.0416 11.4018 17.2627 8.94427 24.5153  6.7082 29.0689 38.0526 11.3137 47.8017 37.0135      20 5.52268 6.32456 30.7903 18.3576
41.5933 56.0803 8.06226 38.0132 31.0644 39.3954 33.0151 19.2354 27.5772 7.28011 44.5533 43.6807 48.6004 35.3553 42.0268 29.8329 31.7805 28.1603 38.0132      20 23.2594  49.679  17.088 38.0526      13 40.8167 10.0623 30.0666 30.5287 14.2127  25.045 33.5261 39.5601 12.1655 45.4533 53.4135 5.83095 43.8634       0 2.82843 10.2956  37.855 30.0666 33.3054 18.7883 36.3456 35.1283 31.0161 39.8246 44.4185 10.7935 39.0512 36.8917 26.4008 38.0789 34.6699 37.3363 35.3836 27.6586 37.6431 19.4165 32.5576 44.9444 6.08276 9.05539  32.311 40.7001  49.679 38.0005 42.1545
39.3192 53.2635  6.7082 35.3412      29 36.7696 31.1448 16.5529 24.7487       5 41.7253 41.2311 45.8039 32.6497 40.0031 27.0185 29.1548 25.7099 36.0139 18.1108 20.6155 46.8615 16.1245      36 11.1803 38.0789 9.55249      28 27.7849 11.4018 23.0054 31.0483  37.108      10  42.638 50.6063 3.16228 41.0366 2.82843       0 7.61577 35.5106      28 31.1006 16.1555 34.1321 33.0151 29.1548 37.0135 41.6773 8.51469 37.2156 34.1321 23.7697 35.6931 31.9061 34.7851 32.5576  25.318 34.8281 17.1172 31.0483   42.19 8.06226 7.07107 29.7321 37.9012 46.8615 36.0672 39.5601
32.0624 46.0109 10.4403 30.0832 22.2036 29.1548 29.7321      12 17.9025 3.60555 34.8281 33.7343 39.4462 27.2029 33.1851 20.5913 21.5407 22.0227 29.2746 17.4929 16.0312 40.2244 18.6011 33.7343 6.40312 30.5287 14.0801 21.2132 22.1359 4.47214 16.3783 23.5372 33.0606 4.24264 35.3836 43.2782       6 33.9706 10.2956 7.61577       0 28.1603 21.2132 24.0052   8.544      27 30.5941 27.8568 30.5287 34.1321 8.51469 35.7351 28.2312 16.1555      32 24.4131 27.2029  25.807 18.0278 27.5862 10.0499 30.8869 36.2491 15.5242       4 25.1794 30.5369 39.6232 29.4625 34.7131
4.12311 28.6356      38 32.8024 8.48528 8.06226 45.4863 29.4109 20.9404 30.5941 24.7386 6.40312 32.0156 30.4795 8.20061 23.4307 9.43398 34.6699 7.07107 38.8973 29.9666 30.4138 43.7379 46.0977 25.2982 13.1529  41.512 9.21954 27.6586 26.0192 13.6473 5.38516 39.6989 25.7099  21.095 25.4951 34.1321  22.561  37.855 35.5106 28.1603       0 9.21954 5.31507      20 3.16228 43.4166 44.4185 25.9422 15.0333 34.5905 49.8197 28.6007 13.3417 40.3113 13.6015 5.38516 22.2036  10.198 17.8885 18.4391 49.2443 32.6956  43.566 28.8617 33.3017 17.1026 24.0208 8.26075 37.4433
 12.083 36.4005 31.5753 34.5398       1 15.2315 43.8406  25.807 20.4083      23 30.0167 15.6205 37.0135 31.7805 12.0104 23.7065 11.0454 33.3017 8.06226 34.9857 27.5862 36.0555 38.6264  45.607 17.1172 19.6469  35.203       0 27.7849 20.2485 5.02494 8.24621 40.7063      18 27.4591 33.2415 27.1662 28.0713 30.0666      28 21.2132 9.21954       0 3.90512 14.3178  6.7082  42.638   42.45 29.4279 22.4722 28.7837 48.9183 30.6757 10.8167 40.8167 17.0294  12.083 24.7386       5 22.0227 11.1803 46.8615 36.4966 36.0139 21.0238 33.2866 22.6385 31.0483 8.29699 39.5601
8.38153 33.0492 34.1797 33.5596 3.20156 11.8849  44.365 27.0601 20.1804 26.1199 27.5726 11.7154 34.7311 30.9556 9.48683 23.2002 9.39415 33.6341 6.10328 36.4589 28.3064 33.5149 40.6602 45.6426    20.5 16.6208  37.769 3.90512 27.4089 22.4555   8.544 5.59017  40.078 21.1483 24.5815 29.8873 30.0042 25.5196 33.3054 31.1006 24.0052 5.31507 3.90512       0 16.3783 3.04138 42.7814 43.1074 27.6812 19.1638 31.0846 49.1452 29.5169 11.1018 40.4011 15.0416 8.73212 23.3077 6.18466  19.906 14.0089 47.7205 34.6879 39.1567 24.2539 33.0341 20.0062 27.9508 6.86222  38.461
24.0208 38.2099      18      26 15.2315 20.6155 30.8058 12.0416 11.7686 11.6619 27.7849  25.318 33.2415      23 25.8312 15.1327      13 21.0238 22.1359 20.8087 14.7648  33.541 24.3516  33.541 8.94427 22.2036 21.5232 14.3178 18.0278 6.08276 10.3078 15.1327 30.5941 7.81025 27.6586 35.3553 14.3178 26.6271 18.7883 16.1555   8.544      20 14.3178 16.3783       0 19.2354 30.4138 29.2062 24.3516  25.807 14.7139 36.3593 23.1948 7.61577 30.0832 16.2788 18.6815 19.3132  10.198      20 4.47214 33.2415 30.8058 24.0416 10.6301  22.561 22.6385 31.8904 22.5442 31.0161
5.38516 31.7805 37.1214 34.6699 5.83095      11 46.4004 29.5466 21.9659 29.1548 27.4591 9.21954 34.7131 32.2025 6.94622 24.7588 10.6301  35.609 4.47214      39 30.5287 33.2415 43.4166 47.3814 23.5372 16.0312 40.6971  6.7082      29  25.318 11.5434 6.40312 41.4005 24.1868 24.0208 28.6356      33  25.318 36.3456 34.1321      27 3.16228  6.7082 3.04138 19.2354       0 44.5982 45.2217 28.2312 18.1108 33.9485 50.9902 30.5287 13.4164 41.8688 15.6525 8.06226 24.1868 9.05539 20.2485 17.0294   49.93 35.1141   42.19 27.2947 34.6554 19.8116  27.074 5.57136 39.4462
47.2017 40.0125 27.2947 14.0357 43.2782 38.0789 4.47214 18.9737 22.6385 33.2415 28.1603 45.2769 26.3059 14.5602 51.4125      20 34.0588 9.43398 48.7955 15.2971 15.6525 29.1548 21.0238 3.16228 36.4005 34.9285 27.0601  42.638 15.8114 27.2029  40.078 38.2884   8.544 34.2053 32.5576 39.0512      30 29.4279 35.1283 33.0151 30.5941 43.4166  42.638 42.7814 30.4138 44.5982       0 5.65685 22.3607      37 24.5051 6.40312 17.4642 31.8904 6.32456 30.5287  38.833 22.8473 37.6431 28.2312 34.8855 9.48683 21.2132  35.171 34.5254 10.2956 31.3129 35.1283 49.6391 13.6015
48.3735 44.2832      23 18.2483 43.1856 39.9249       2 17.2047 23.5053 30.0832 32.0156 47.0106 31.0483      18 52.1464 21.5407 34.9857 9.84886 49.2037 11.0454 14.8661 33.7343 15.8114 7.61577 34.0147 37.3631 22.2767   42.45   17.72 25.0599 39.3224 39.1152 13.8924 31.7805 36.0555 43.0465 26.3059 33.0151 31.0161 29.1548 27.8568 44.4185   42.45 43.1074 29.2062 45.2217 5.65685       0      26 39.8121 20.7966 8.06226      21 32.0156 11.6619  32.311 40.2492 25.4951 37.5366 30.8058 33.6006 5.09902 25.9615 30.4138 31.6228 13.0384 34.1248 39.0128 49.9444 18.7883
28.8444 18.6815 34.7131   8.544 29.6142 18.6011 26.0768 21.2603 12.7475 34.1321 6.08276 25.4951 8.94427       8 34.0478      10 18.4391 17.4642 32.6956  27.313 18.0278 9.89949 34.4384 24.0416 33.2415 14.1421 36.8001 29.4279 10.2956 26.0768    29.5 22.1359 15.6525 31.7805  10.198 17.1172 34.0588 7.07107 39.8246 37.0135 30.5287 25.9422 29.4279 27.6812 24.3516 28.2312 22.3607      26       0 15.2643 30.4385 28.1603       5  20.025  17.088 12.6491 20.5913 5.09902 25.0799 8.06226 27.6586 31.0161 7.07107 43.1393      34 13.0384 9.92472 13.0384    33.8 12.0416
16.2788 13.9284 41.7852 23.7065 22.1359 7.28011 40.2616 29.6142 18.8282 37.4433 11.4018 11.7047 18.3576 22.4722 21.8689      19 13.4536 30.2655      22 38.1182 28.0713 16.1555 44.5533      39 33.9706 3.60555 44.7465 22.4722 22.2036 30.4138 25.1247 14.3178 30.8869 33.4215  6.7082 10.7703 39.3573 9.21954 44.4185 41.6773 34.1321 15.0333 22.4722 19.1638  25.807 18.1108      37 39.8121 15.2643       0 37.6364 43.0813 19.6977 18.4391 32.2025 9.84886 10.4403 14.3178 20.2485 9.05539 26.8701  44.911 20.5183 49.1935 36.4005 26.9258 5.70088       9    23.2 27.2029
38.6588 47.8592 4.30116 27.6134 29.7405 33.9485 22.7706 9.19239 19.2354 9.61769 35.7001 39.5285 38.9166 25.1098 40.5123 20.7002 26.6177 17.3925 36.7491 9.82344 12.9035 40.3299 10.1242 27.5045 14.8492 34.1541 7.15891 28.7837 20.5548 8.63134 24.2332 29.5042 28.7837 12.7475 37.3965 45.4588 5.52268 35.3624 10.7935 8.51469 8.51469 34.5905 28.7837 31.0846 14.7139 33.9485 24.5051 20.7966 30.4385 37.6364       0 28.8531 26.9537 21.5058 27.2855 27.8298  32.596 26.5047 24.9098 29.7405 17.7341 23.1193  34.907 12.7475 11.5109  21.691 33.1059  41.503 37.0775 31.5357
53.6004 45.0999 31.0161 19.6469 49.5782 44.4185 6.08276 24.5967 29.0259 38.0789 33.7343 51.6236      31 20.6155 57.8122 26.4008 40.4599 15.6205 55.1725  19.105 21.6333 34.0147 23.3452 4.12311 41.7852 41.1461  30.104 48.9183 22.2036 32.6956 46.2088 44.6878 13.0384 39.5601 38.3275 44.4072 34.3657  35.171 39.0512 37.2156 35.7351 49.8197 48.9183 49.1452 36.3593 50.9902 6.40312 8.06226 28.1603 43.0813 28.8531       0 23.4094 38.2099 11.1803 36.8917 45.2217 29.0689 43.9318 34.4384 40.8167 8.06226 26.0192 38.2099 39.5601 16.6433 37.4233 40.6079 56.0057      18
31.8904 23.5372 31.1448 4.24264 31.0161 21.9317  21.095 17.8045 11.5109 31.7805 11.0454 29.0689 12.0416       3 36.8001 8.06226 20.1246 12.6491 34.9857 22.8254 14.1421 13.8924 30.0167 19.3132 31.7805 18.0278  32.928 30.6757 6.40312 23.7697 29.9207 24.1868 11.4018 30.0832 15.1327 22.0907 31.0644 12.0416 36.8917 34.1321 28.2312 28.6007 30.6757 29.5169 23.1948 30.5287 17.4642      21       5 19.6977 26.9537 23.4094       0 20.3961   12.53      15 23.4307 6.40312 25.9615 11.4018 27.0185 26.0192 8.06226 39.6989 31.9531 8.06226  14.089 18.0278   36.02 8.94427
17.4642 31.4006 25.1794 24.0416 11.4018      13 33.3017 16.1555 9.61769 19.2354 22.1359 18.0278 28.4429 21.1896 20.3531      13 5.38516 22.6274 17.2047  25.632 17.2047 28.1603 30.4138 34.8281 15.5563 14.8661 28.5701 10.8167      17 13.1529 9.55249 8.06226 29.9666      15  21.095 28.4253 21.8403 20.6155 26.4008 23.7697 16.1555 13.3417 10.8167 11.1018 7.61577 13.4164 31.8904 32.0156  20.025 18.4391 21.5058 38.2099 20.3961       0 30.0167 9.43398 11.1803      15 5.83095 13.9284 8.60233 36.6197      27 31.6228 18.0278 22.4722 15.9531 25.2389 17.9287 29.1204
43.8634 34.0147 30.6757   8.544 41.3401 34.2053 10.7703      20 20.4083 35.0571  22.561 41.4005 20.0998      10 48.4691 17.2047  31.241 10.0499 46.2277 19.2354 16.0312 23.0217  25.807 7.07107 37.2156 30.5287 31.0846 40.8167 13.0384 28.0713 38.9391 35.4683 2.23607 35.1283 27.2029 33.2415 32.5576 24.0416 38.0789 35.6931      32 40.3113 40.8167 40.4011 30.0832 41.8688 6.32456 11.6619  17.088 32.2025 27.2855 11.1803   12.53 30.0167       0 26.9072 35.3836 18.6011 35.8469 23.8537 34.4819 15.8114 15.0333      39      36 7.61577 26.6177 29.4279 47.1682 7.28011
16.9706 22.0227 31.9531 19.2094 17.1172 7.61577 33.1059 20.0998 9.51315 27.8029 13.1529 14.7648      20 16.9706 21.8002 10.7703       6 22.4722 20.1246 29.0172  19.105 19.2354 35.1283 33.0151 24.8395 6.32456 34.9607 17.0294 14.7648 20.5913 17.9513 9.48683 26.1725 24.0416 11.6619  19.105 29.5296 11.4018 34.6699 31.9061 24.4131 13.6015 17.0294 15.0416 16.2788 15.6525 30.5287  32.311 12.6491 9.84886 27.8298 36.8917      15 9.43398 26.9072       0 8.48528 8.60233 13.1529       5 18.0278 37.3363 19.6469 39.3573 26.9072 20.2485  6.5192 15.8114 21.2047 23.8537
8.48528 24.3516 36.3456 27.6586 11.7047 3.16228 41.1825 26.3059 16.8077 30.0832 19.4165 7.07107 26.6833 25.4558 13.4629  18.868       6 30.4138 12.3693 35.6931 26.2488 25.1794 41.1096 41.4005 25.5539       8  39.702  12.083 23.0217 24.3311 15.2398 4.24264 34.6554 25.4951      16 21.1896 32.9848 17.2627 37.3363 34.7851 27.2029 5.38516  12.083 8.73212 18.6815 8.06226  38.833 40.2492 20.5913 10.4403  32.596 45.2217 23.4307 11.1803 35.3836 8.48528       0 17.0294 10.6301   12.53 18.3576 45.1885  27.313   42.72 28.6356 28.6007 11.7686 19.2354 13.5366 32.2025
25.4951 21.4709 30.8058 10.6301      25 15.6205 25.9615 17.4929 7.90569 29.4109 9.21954 22.8035 13.9284 8.60233 30.4015 5.83095 13.9284 16.0312 28.6531 24.7386 14.8661 14.4222 31.6228 25.0599 28.2312  12.083 33.1851 24.7386       8 21.4009 24.5204 17.8885 17.6918 26.8328 11.4018 19.3132 29.6985 8.94427 35.3836 32.5576  25.807 22.2036 24.7386 23.3077 19.3132 24.1868 22.8473 25.4951 5.09902 14.3178 26.5047 29.0689 6.40312      15 18.6011 8.60233 17.0294       0 20.2237 5.38516  22.561 30.5941      12 39.0512 29.1548 12.6491 8.63134 15.2315 29.7059 15.2643
14.0357      34 28.0713 29.7321 5.65685 13.4536 38.8973  21.095 15.4434 20.3961 26.3059 16.1555 33.0606 26.9258 15.6605 18.7883 7.28011 28.3196  12.083 30.4138 22.6716 32.3883 34.4819 40.6079 15.2315      17 31.6425       5 22.8254 16.2788 4.92443 6.40312 35.7771 15.5242 24.3516 30.8869 24.0208 24.5153 27.6586  25.318 18.0278  10.198       5 6.18466  10.198 9.05539 37.6431 37.5366 25.0799 20.2485 24.9098 43.9318 25.9615 5.83095 35.8469 13.1529 10.6301 20.2237       0 18.1108 8.24621 42.0119 32.1403 33.3766 18.6815 28.3019 19.3003 28.2312  12.627 34.7851
20.8087 18.4391      34 15.6205 22.0907 10.6301 31.3209 21.1896 10.5119 31.1127 8.24621 17.6918      15 13.8924 25.9856 10.0499      11 21.2132 24.6982 29.2746 19.2354 14.3178 35.9026 30.4138 28.8444  6.7082 36.7049 22.0227 13.1529 23.4307 22.8528 14.3178 22.8035 27.8029 7.81025 15.8114 32.2025  6.7082 37.6431 34.8281 27.5862 17.8885 22.0227  19.906      20 20.2485 28.2312 30.8058 8.06226 9.05539 29.7405 34.4384 11.4018 13.9284 23.8537       5   12.53 5.38516 18.1108       0 22.3607 35.9026 14.8661 41.8808 30.4795 18.0278 3.53553 12.0416 25.8194 19.8494
22.2036      40 20.3961 30.0666 12.1655 20.8087 35.2278 16.4012 15.5081 12.1655 30.4631 24.3516 36.4005  27.074 23.1355      19 13.4536 25.4951 19.2354 24.8395 19.2354 36.4005 27.7308 38.0132  7.2111 23.3452  24.026 11.1803 22.2036 9.43398     6.5 14.3178 34.9285 7.28011 29.6816 37.0135 16.0312 29.0689 19.4165 17.1172 10.0499 18.4391 11.1803 14.0089 4.47214 17.0294 34.8855 33.6006 27.6586 26.8701 17.7341 40.8167 27.0185 8.60233 34.4819 18.0278 18.3576  22.561 8.24621 22.3607       0 37.5366 34.3657 25.1794 10.4403 26.9258 24.5459 33.8378 19.4587 35.1283
53.2353  49.163 24.5153 23.0868  47.634 44.9444 5.09902 21.2132 28.3989 32.6956      37      52 35.6931 23.0217 56.8705 26.5707 39.8246 14.8661 53.8238 13.4164 19.4165 38.4708      16      10 37.2156   42.45 23.0489 46.8615 22.8035 28.6007 43.4885  43.909 18.0278 34.9857 41.1096 48.0104 28.4605 38.0526 32.5576 31.0483 30.8869 49.2443 46.8615 47.7205 33.2415   49.93 9.48683 5.09902 31.0161  44.911 23.1193 8.06226 26.0192 36.6197 15.8114 37.3363 45.1885 30.5941 42.0119 35.9026 37.5366       0 30.5941      31 34.4384 18.1108 39.2237      44 54.5238 23.0868
35.3553  19.105 39.0512 8.06226 36.6742 25.0599 25.4951  25.807 19.0394 39.8121 9.21954 31.6228 5.09902 9.89949 40.6971 15.8114 25.4951 19.4165 39.5601      30 22.0227       8 37.2022      22 39.5601 20.2485 40.6602 36.4966 14.4222 31.7805 36.5137 29.1204      13 37.9473 14.2127 18.6815 39.1152 11.3137 44.9444   42.19 36.2491 32.6956 36.4966 34.6879 30.8058 35.1141 21.2132 25.9615 7.07107 20.5183  34.907 26.0192 8.06226      27 15.0333 19.6469  27.313      12 32.1403 14.8661 34.3657 30.5941       0  47.634 39.9249 14.4222 15.9531 15.2315 40.6846 8.06226
47.3814 60.2163 8.60233 40.2244 37.0135 44.5982 32.3883 21.9317  31.504 13.0384 48.2701 49.2443 51.6624 37.8021 48.0026 33.3017      37 29.5296      44 19.9249 25.6125 53.0377      15  37.855 19.0263  45.618 8.13941 36.0139 33.3017 18.7883  31.004 39.0512 40.7185 18.0278 49.6488 57.6888 9.84886 47.8017 6.08276 8.06226 15.5242  43.566 36.0139 39.1567 24.0416   42.19  35.171 30.4138 43.1393 49.1935 12.7475 38.2099 39.6989 31.6228      39 39.3573   42.72 39.0512 33.3766 41.8808 25.1794      31  47.634       0      15 34.1321 45.1054 53.8238 44.0164  43.909
32.5576 48.7955 12.2066 33.9559 22.0227 30.8869 33.5261      16  21.272 2.23607 38.0132 34.7851 42.9418 31.0483 33.0038 24.1661 23.3238 26.0192      29 21.0238  20.025  43.566 21.2132 37.6563 4.12311 32.8024 15.6924 21.0238 25.9615 8.24621 16.0078 24.6982  37.054 3.16228 38.2099 45.9674  7.2111 37.0135 9.05539 7.07107       4 28.8617 21.0238 24.2539 10.6301 27.2947 34.5254 31.6228      34 36.4005 11.5109 39.5601 31.9531 18.0278      36 26.9072 28.6356 29.1548 18.6815 30.4795 10.4403 34.4384 39.9249      15       0 29.1548  33.234   42.45 29.0248 38.6394
37.0135 31.5753 25.5539 6.40312 33.8378 27.7849 13.3417 13.3417 12.9035 28.4429  19.105 34.9857 19.2354 5.09902 41.3793 9.89949 24.0416       5 38.9487 15.6205 9.21954 21.5407 22.8035 12.8062 30.0167 24.6982 26.7067 33.2866 5.65685 21.0238 31.3249 28.2843 8.06226      28 23.0217 30.1496 26.5707      20  32.311 29.7321 25.1794 33.3017 33.2866 33.0341  22.561 34.6554 10.2956 13.0384 13.0384 26.9258  21.691 16.6433 8.06226 22.4722 7.61577 20.2485 28.6007 12.6491 28.3019 18.0278 26.9258 18.1108 14.4222 34.1321 29.1548       0  21.225 26.0768 39.8502 9.84886
19.4551 15.5724  37.343 18.1797 22.5499 9.19239 34.5615 24.6678 13.9284 34.0074 7.64853 15.7003 14.9164 16.8077 24.8847 13.5831 12.0208 24.6272  24.135 32.8101 22.7706 13.5093 39.4271 33.3542 31.3129 4.30116 40.1155 22.6385  16.568 26.5047 24.1919 14.5086  25.387 30.4385 5.14782 12.7475 35.3624 5.52268 40.7001 37.9012 30.5369 17.1026 22.6385 20.0062 22.6385 19.8116 31.3129 34.1248 9.92472 5.70088 33.1059 37.4233  14.089 15.9531 26.6177  6.5192 11.7686 8.63134 19.3003 3.53553 24.5459 39.2237 15.9531 45.1054  33.234  21.225       0 9.30054 25.3049 21.9659
25.1794 6.40312  45.793  21.095 30.8058 16.1245 39.0128 32.6497 22.3271 43.1393       7 20.3961 11.4018 21.0238 30.7612 21.0238 21.0238 30.4138      31 39.8497 30.0832 8.48528 46.8188 36.4966 40.6079 11.4018 48.3244 31.0483 22.8035 35.4683 33.1549 22.8035 27.6586 39.6989 4.24264 4.12311 44.2041 6.32456  49.679 46.8615 39.6232 24.0208 31.0483 27.9508 31.8904  27.074 35.1283 39.0128 13.0384       9  41.503 40.6079 18.0278 25.2389 29.4279 15.8114 19.2354 15.2315 28.2312 12.0416 33.8378      44 15.2315 53.8238   42.45 26.0768 9.30054       0    32.2 23.0868
    7.8 36.5437 39.8527 40.1328 7.33757  16.323 51.2176 33.7171 27.0248  31.078 32.9521  12.839 40.2199  37.609 4.34626 29.9873 15.9762 40.4949     1.2 43.0353 35.1204 38.6683 46.8875 52.4904 25.0008 21.4112 43.4844 8.29699 34.2117 28.5244 13.1107 11.8338 46.7786 26.0929 29.3537 33.4401 35.3842 30.7903 38.0005 36.0672 29.4625 8.26075 8.29699 6.86222 22.5442 5.57136 49.6391 49.9444    33.8    23.2 37.0775 56.0057   36.02 17.9287 47.1682 21.2047 13.5366 29.7059  12.627 25.8194 19.4587 54.5238 40.6846 44.0164 29.0248 39.8502 25.3049    32.2       0 44.9515
40.6079 27.1662 35.3553 5.09902 39.9249 30.4795 18.0278 23.0868 19.8116 38.0789 16.5529 37.4833      13 8.06226 45.6317 16.2788 29.0689 14.4222  43.909 24.8395 18.9737 16.0312 31.8277 14.0357 39.1152 26.1725 36.3352 39.5601      13 30.4138 38.5649  33.121 5.09902 37.2156 21.4709 26.6833 36.4005 18.3576 42.1545 39.5601 34.7131 37.4433 39.5601  38.461 31.0161 39.4462 13.6015 18.7883 12.0416 27.2029 31.5357      18 8.94427 29.1204 7.28011 23.8537 32.2025 15.2643 34.7851 19.8494 35.1283 23.0868 8.06226  43.909 38.6394 9.84886 21.9659 23.0868 44.9515       0

