      0 48.3011 44.1814 59.9416 38.4708 24.0416 41.8808 67.6831 33.1436 70.9366 31.6228 34.6554 47.7598 29.2746  27.074 53.4509 13.6015 32.0156 44.2945 41.4367 63.8122 57.9396 44.9444  64.622 68.0661      51 29.7321 51.0882 24.5153 15.5563 4.03113 17.1172 34.7131 19.3256 58.6003 23.8537 53.7267 31.3847 46.0435   50.01 12.3693 3.60555 19.2354 11.0454  7.2111 48.8774 30.4631 38.4187 31.0161 28.3019 36.7764 14.9833 28.1603 13.0384 41.4367 18.4391 36.1248 24.1868 44.6878 20.1246 46.0977 39.9625 44.9222 70.8308      44 81.8352 21.8689  31.241  27.074 28.0179
48.3011       0 26.0192 50.9902  61.327 57.6281 45.7056  43.566 30.3727 23.3452 34.5398 50.6952 38.0526 22.8035 63.8905  38.833 43.8634 68.4105 43.1856 28.0713 57.0701 11.0454 6.08276 49.0408      26 46.0435      23 26.2488 25.4951 33.8378 50.6779 56.5862 17.4929 45.2866 10.4403 24.6982 56.0175 41.2311 6.40312 22.1359 41.2311 48.8467 51.7397      55 41.1461 3.16228 18.0278 13.1529 25.9422 28.0713 70.0321 37.4767 35.3553 37.8021 16.1245 36.0694 19.6469 31.4006 57.7235 39.8246 12.1655 9.05539      35 60.7289 78.7718 70.9366  58.423 51.4296 41.3038  25.807
44.1814 26.0192       0  25.632 39.6989 41.5933 21.0238 24.5967 11.7686 37.2022 15.2315      29 12.0416      17 47.8853 13.8924 33.2415 51.3128   17.72 3.60555 31.6228 26.9258 20.0998 25.6125 28.0179  20.025 35.3836 7.07107 21.9317 36.2491    44.5 43.9659 14.8661  51.698 30.3645 29.4109 30.0958 20.8087 30.5941 7.81025 44.0114 46.5296 37.3363 45.5412  38.833 29.0689 22.6274  31.305 13.3417 40.3113 51.1517 41.3824 47.5079 31.1448 10.4403      26 36.8917  20.025  33.541 26.4764 14.0357 26.9258 9.05539 36.2353 59.4643 47.1699 43.6606  31.241 52.2015 16.7631
59.9416 50.9902  25.632       0 35.5106 46.2709 18.6815 18.3848 29.7069 55.5428 29.2062 29.1548 14.4222      40 51.0098 12.1655 46.5188 52.1536 15.6525 25.0599 6.08276 49.0102 45.3542 8.06226 42.3792 8.94427 59.9083 25.0799 43.9318 57.3149 58.6366 52.1728 39.8246 72.6284      53 52.6308 12.8825 28.6356 56.0446 29.1548 64.0312 63.1348 45.3542 56.6127 56.8595 54.1295 47.1699 56.8595 34.8281  64.405 49.2392 62.3258 71.0634 48.2597 36.0555 42.4382 62.1772 38.2884 24.7386 39.8246  38.833 52.5547 18.0278 11.3137 55.3624 22.6274 49.4292 33.2415 75.0067 38.2884
38.4708  61.327 39.6989 35.5106       0 15.5563 20.2485 51.6236 31.0886 76.8375 26.8328 10.8167   32.45 39.5601 17.4642 37.5899 26.9258 17.1172 24.6982 36.2353      36 65.7343 55.4617 43.1741 67.2086 28.7924 56.0357 45.2769 39.4588 45.5412 35.2456 23.3452 44.0114 56.9059 68.6003 47.0425    23.6 20.1246 63.2456 47.4236 48.3839 42.0595 19.2354 29.8329 39.8497 63.6946 47.0744 59.2284 35.4683 58.0775 13.7295 48.8723 61.8142 33.3766 46.1411      30 61.2944 31.5753      11      25 51.6236   57.28 32.6497 43.0465 20.5913 51.9711 18.7683  10.198 63.0635 36.4005
24.0416 57.6281 41.5933 46.2709 15.5563       0      28 59.5399 30.3727 76.6942 26.4197 17.1172 38.6394 34.8281 6.40312 44.5533 15.5242 10.8167 32.0624 38.0132 48.2701 64.3817 52.4023 53.0094 69.4622 38.0132 46.8402 48.3322 32.7567 34.2345 20.4267 7.81025 40.3609 43.1912 66.4831 38.2753 36.3065 21.1896 57.9828 49.2443 35.2278 27.5136 6.32456 14.4222 27.0185 59.4054 40.8167 52.3259 32.5576  47.676 13.7295 36.5034   50.01 22.8035 44.6878 21.9545  52.811 26.2488 24.5967 17.8045 50.3289 51.6236 37.3631 55.5428 22.1359 65.4599  3.3541 13.0384 50.2494 31.8904
41.8808 45.7056 21.0238 18.6815 20.2485      28       0 32.0156 16.6883 57.9828 13.9284 11.1803 12.2066 27.6586 33.2415 17.4642 28.3019  35.171 4.47214 18.0278 21.9545  47.927 39.6232   25.02 47.4236 10.0499 47.4342 25.6125 30.0832 41.6173 40.2647  33.541 30.0167 56.2555  51.264      39 12.8281 10.6301 49.0918 28.3019 47.4236 45.2217 26.6833 37.9473 39.6232 48.5077 35.6931 47.2652 22.3607 51.0784 33.3542 46.3087 56.8243 31.1127 29.6142 25.4951 51.1957 22.8254   12.53 22.0227 34.4819 44.0114 12.8062 29.0689 40.8167 39.9625 31.0363 15.0333 59.9083      25
67.6831  43.566 24.5967 18.3848 51.6236 59.5399 32.0156       0 34.5615      41 36.3456 43.1741 21.0238 41.5933 65.1153 15.0333 55.4437 67.1863 27.6586 26.5707 22.4722 37.9473 39.2046 10.8167 27.0185 22.8473 59.0339 19.2094 46.5188 60.8358 67.4036 64.0312  38.833 76.2947 42.0595 53.8516 30.9251 39.0128 49.6488 22.6274  68.542  70.342 57.0351 67.1193 62.9365 46.6476 46.6154 53.0754 37.6962 64.2028 65.1498 65.9735 71.6101 54.8179 32.6497 49.2443  59.397 43.6807 41.5933 48.3735 32.6497 48.1664 23.0868  21.587 72.0902 29.1548 62.3398 46.8722 76.5506 41.2311
33.1436 30.3727 11.7686 29.7069 31.0886 30.3727 16.6883 34.5615       0 46.6744 4.30116 20.3593 15.7003  11.068 36.7491 20.7966 21.5523 40.5278 15.8902 8.51469  34.907  34.907 24.4233  32.596 39.1472 21.5058 31.1207 18.8282 14.3003 27.7218 33.0946 32.2568 13.5831 43.1808 37.5832 23.1625 28.9665 10.9772 32.9621 19.0394  34.821 35.7841 25.7391 33.8009 28.5044 32.9014 19.0394 30.6023 5.70088 35.1639 41.0366 32.8024  41.503 20.2608 15.1162 14.7139 34.5615 9.19239 27.7218 14.7139 20.7002 27.5409 12.3491 41.0183 49.6236 52.3307 32.2064 21.5058 45.3045 8.74643
70.9366 23.3452 37.2022 55.5428 76.8375 76.6942 57.9828      41 46.6744       0 50.9117 66.0681 46.9574 43.0465 83.0963 44.5982 64.6607 87.1149 54.2033 40.6079 61.1882      13      26 50.3587 14.0357  54.231 46.1736 32.6497 46.9574 57.0088 72.9538 77.1038 37.2156 68.5382 13.0384 47.8017 64.7716 57.3149      28 29.6816 64.5368 71.7844 71.4003 76.5376 63.9062 24.0208 40.4969 36.0555 44.2041 51.0392 87.6841 60.7988 58.0086 59.4811 32.0156 56.6039 42.0119 51.0392 70.4911 59.4054 26.4008 32.3883 45.2769 62.2013 96.2081 70.0643 78.1041 67.9412 64.0078 45.4863
31.6228 34.5398 15.2315 29.2062 26.8328 26.4197 13.9284 36.3456 4.30116 50.9117       0 16.1555 16.1555 14.0357 32.7567 21.8403  19.105 36.4005 14.2127 11.7047 33.9411 39.2046 28.6356 33.1059 43.0465 20.5183 33.5261 22.1359 16.1555 28.3196 31.0846 28.8617 17.4642 43.4681 41.8808 25.0799 26.6563  6.7082 36.8782 22.8254 34.8281 34.5398 22.1359 31.0161 27.7849      37 22.0907      34 9.05539 37.1618 36.7764  33.234 43.0465 19.2354 19.4165 13.4164 37.4833 9.21954 24.0208 12.0416      25  31.257 13.3417 40.4599 45.3431 51.7397 28.4297 17.2047 46.4004 11.1803
34.6554 50.6952      29 29.1548 10.8167 17.1172 11.1803 43.1741 20.3593 66.0681 16.1555       0 22.8473 29.4279 22.0907 28.4605 21.4009 24.0416 15.5242 25.4951 31.3209 54.9181 44.7772 36.0139 56.7274 21.0238 47.1699 34.8281      30 38.2753 32.2684 23.4094 33.5261 51.3817 57.8014 38.2099 19.7677 9.48683 52.8867 36.7696 42.5441 38.2099      17 28.6531 34.1321 53.1413 37.2156  49.366      25 49.8197 22.6385 42.2907 54.4059 26.4008 35.3553 21.8403      52      22 10.2956  17.088 40.8167 47.0744 22.4722 38.6005 30.6105 48.8467 20.3039 4.12311 56.4624 26.3059
47.7598 38.0526 12.0416 14.4222   32.45 38.6394 12.2066 21.0238 15.7003 46.9574 16.1555 22.8473       0 25.6125 44.3847       6 34.9285 46.8188 7.81025 10.7703 20.1246 38.0789 32.1403      17  35.609       8 45.4863 14.3178 29.6985 43.4166 47.0558 43.0116 25.4951 58.8802 41.7732 38.2884 18.3183      18 42.5793   17.72 50.4777 50.6952 36.0139 46.2709 43.8292 41.1096 32.7567   42.72 20.5183      50 45.3927 48.5026 56.7274 35.3412 22.3607 29.5466 47.8539 24.6982 24.0832 27.8927      26 38.6005 3.60555 25.6125      53 36.8782 41.3673 26.2488 60.8112 24.0416
29.2746 22.8035      17      40 39.5601 34.8281 27.6586 41.5933  11.068 43.0465 14.0357 29.4279 25.6125       0 41.1096 29.7321 21.6333  45.607 26.9258 15.6205 45.4863 30.2324 17.6918 41.7732  38.833  32.249 20.1246 23.0868 5.09902 19.3132 30.5655 34.2053 5.83095 34.7056 31.8904 12.7279 40.0345 20.0998 23.7697 21.2132 27.2029 31.0161      29  33.541      23 24.6982 8.06226  20.025 5.38516 24.4131 47.3339 24.4233 31.1448 16.7631 12.1655 13.6015 23.5372 8.60233      38 17.0294  17.088   17.72 22.0227  51.225 56.0803  62.482 35.7106 29.4109 35.4683 3.16228
 27.074 63.8905 47.8853 51.0098 17.4642 6.40312 33.2415 65.1153 36.7491 83.0963 32.7567 22.0907 44.3847 41.1096       0 50.2195 21.0238 5.09902 37.4833 44.2945  52.469 70.7672 58.7282 58.0775 75.8024 43.1045 52.2015 54.5619  38.833 39.0512 23.1355      10 46.6905 46.3905 72.8354 43.8634 40.2139  27.313 64.0703 55.5698 39.0128 30.2655 12.2066 16.2788  31.257 65.6049 46.8722 58.1808 38.9487 52.6308 9.82344 40.7492 54.3323 28.2312 51.0882 28.0179 58.3095 32.5576 27.8927 24.0832 56.7274 57.6888 43.3244 59.6825 17.1172 69.1231 5.85235 18.2483      54 38.2099
53.4509  38.833 13.8924 12.1655 37.5899 44.5533 17.4642 15.0333 20.7966 44.5982 21.8403 28.4605       6 29.7321 50.2195       0 40.7922 52.4976      13 14.1421 18.2483 37.1214 33.2415 12.0416  32.249      10 49.0408      13 34.2053 48.2597 52.8796 49.0102 28.6007 63.7909 41.0488   42.45 20.3066      24 43.9659 17.0294 55.5698 56.3028 42.0119 52.2398 49.2443 41.9762 36.2353 45.1774      25 53.8145 50.8183 53.3901 60.8112 40.8534 24.1661 35.1141  50.774 29.9666 28.4253 33.7343 26.6833 40.7185   8.544 22.3607 58.1808 33.2866 47.3207 32.0156  65.192 28.6007
13.6015 43.8634 33.2415 46.5188 26.9258 15.5242 28.3019 55.4437 21.5523 64.6607  19.105 21.4009 34.9285 21.6333 21.0238 40.7922       0      26 30.8707 30.0666 50.2494 51.8652 39.2046 51.5461 59.4643 37.5766 31.3209 40.3113 18.3848      19 12.1758 12.7279 27.4591 30.2338 53.4135 22.8473 40.1542 17.8885 43.4166  40.025 21.5407 17.0294 9.21954 12.3693      13 45.2769 26.2488 37.2156 21.1896  32.249 29.2318 21.9659 35.1283 7.28011 33.1059 8.06226 37.3363 13.9284 31.6228 7.07107 38.4708 37.0135 32.3883 57.3062 37.6431 68.2642 15.2069 18.3576 36.1386 19.2354
32.0156 68.4105 51.3128 52.1536 17.1172 10.8167  35.171 67.1863 40.5278 87.1149 36.4005 24.0416 46.8188  45.607 5.09902 52.4976      26       0 39.5601 47.7074 53.0377 74.9533 63.1269 59.5399 79.3221 44.7214 57.2451 57.8014  43.566 44.1475 28.0401 15.0333 51.0882 51.2999 77.1557 48.8467 40.6492 30.5287 68.7968 59.0762 44.0454 35.1283      17  21.095 36.3456  70.214 51.6236 63.0635 43.1393 57.7235 5.70088 45.8312 59.4138 33.2415 55.1725 32.7567 63.3246 37.0135 28.0713 28.6007 60.8276  62.434 46.0977 60.1332 12.0416 69.0507 10.9202 20.6155 59.0085  42.638
44.2945 43.1856   17.72 15.6525 24.6982 32.0624 4.47214 27.6586 15.8902 54.2033 14.2127 15.5242 7.81025 26.9258 37.4833      13 30.8707 39.5601       0 15.1327 19.8494 44.5982 37.1214 21.2132 43.2782  6.7082 47.0106 21.6333 30.0167 42.5206 43.0029 37.2156 28.4429 57.5628 48.0833 38.9487 13.2575      13 47.0106 24.5967 48.8365 47.5079 30.2655 41.2311 41.4005 46.0977 34.7851 45.8912 21.5407      51  37.822 47.3973 57.1402 32.8024  27.074 27.0185 50.2892 23.4307 16.4012 24.1868 31.5753 42.2966 8.94427 26.6271 45.2769 37.8021 35.0036 19.2354 60.6053 24.5967
41.4367 28.0713 3.60555 25.0599 36.2353 38.0132 18.0278 26.5707 8.51469 40.6079 11.7047 25.4951 10.7703 15.6205 44.2945 14.1421 30.0666 47.7074 15.1327       0 30.8707 29.9666 22.0227 26.1725 31.6228 18.4391      35 10.4403 20.2485 34.4819 41.5482 40.5216 14.7648 50.0128 33.2415 28.3196 28.0064 17.2047 32.1403 11.4018 42.0476 43.9318 33.8378 42.2966 36.4005 31.0161 22.2036 31.9531 11.1803 39.6989 47.5657 39.6295  46.669 28.4429      12 23.0868 37.1214 17.2627 30.4631 23.1948 16.4924 27.8927 7.28011 36.0555 55.9017 47.2017 40.1155 27.6586 51.0882 14.7648
63.8122 57.0701 31.6228 6.08276      36 48.2701 21.9545 22.4722  34.907 61.1882 33.9411 31.3209 20.1246 45.4863  52.469 18.2483 50.2494 53.0377 19.8494 30.8707       0      55 51.4198 11.6619 47.8017 13.4536 65.5134 31.1448 49.2037 62.2415 62.2113 54.7083  45.618 77.3866 59.0085 58.0086    12.4   32.45 62.0967 35.2278 68.6804 67.1193 48.1041 59.6154 61.2209  60.208 52.8394 62.7694 40.2244 69.8928 49.5631 67.1751 76.4003 52.6308 42.0595 46.8615 67.9779 43.1393      25 43.8292  44.911 58.5235 23.7065 7.28011 54.9181 18.0278 51.5388 35.4401 80.1561 43.6005
57.9396 11.0454 26.9258 49.0102 65.7343 64.3817  47.927 37.9473  34.907      13 39.2046 54.9181 38.0789 30.2324 70.7672 37.1214 51.8652 74.9533 44.5982 29.9666      55       0      13 45.3982 15.8114 45.8912 34.0147 24.1868      34 44.1475 59.9604  64.405 24.4131 56.2288 4.12311 34.9285 56.3805 45.8039 16.7631 20.3961  51.788 58.8218 58.8982 63.6318 50.9215 12.6491 27.5136 24.1868 31.8277 39.1152 75.8716 48.0885 46.3897 46.5296 19.8494 43.8292 30.5941 38.4187 60.4152 46.8615 14.2127      20 35.7351 57.4282 84.5044 66.7083  65.622 56.4004  52.345 32.8024
44.9444 6.08276 20.0998 45.3542 55.4617 52.4023 39.6232 39.2046 24.4233      26 28.6356 44.7772 32.1403 17.6918 58.7282 33.2415 39.2046 63.1269 37.1214 22.0227 51.4198      13       0 43.8634  25.318 40.1123 22.8035 21.0238  21.095 31.4006 46.9707 51.8556 12.0416 44.3157 14.2127 22.2036 50.0016 35.3412 10.7703      17 39.2046 45.8803  46.669  50.774 37.9473       9 14.5602 14.4222 20.2485 28.1603 64.5174 35.5879 35.7351 33.6155 10.0499  31.241  21.095 26.1725 51.6624 34.6554  6.7082 9.43398 29.0172 55.3624 73.2393 65.7951 53.3877 45.6508 41.4849 20.5183
 64.622 49.0408 25.6125 8.06226 43.1741 53.0094   25.02 10.8167  32.596 50.3587 33.1059 36.0139      17 41.7732 58.0775 12.0416 51.5461 59.5399 21.2132 26.1725 11.6619 45.3982 43.8634       0 36.6742      15  60.959 22.8473 46.2277 60.2163 63.7201 58.4209 40.4599 75.7303 49.4975 54.4885 20.9418 33.9559  54.626 26.9258 67.4166  67.624 51.4782 62.3699 60.8276 52.2015 48.1664 56.6039 37.0135 65.7951 56.8902 65.3338 72.8354 52.3259 35.5106 46.5188  62.426 41.6773  32.573 44.5982 37.1618 51.9711 20.2485 12.0416 63.2456 21.9317 56.0558      40 77.2334 40.6079
68.0661      26 28.0179 42.3792 67.2086 69.4622 47.4236 27.0185 39.1472 14.0357 43.0465 56.7274  35.609  38.833 75.8024  32.249 59.4643 79.3221 43.2782 31.6228 47.8017 15.8114  25.318 36.6742       0   42.19 48.0521 21.9317  43.566 56.0089 69.3704 71.1758 33.3766 69.5736  19.105 47.0106 52.5467 48.8262 32.2025 20.2485      64 69.5845  64.846 71.7844 61.5224  28.178      39 38.8973 38.2753 53.3667 79.1107 60.5186 60.8769 55.5428 26.6833 51.5461 45.5412 45.5412 59.6657 53.3104 22.0907 34.2053 34.6554 48.3735 87.3212 56.0357  71.353  59.203 66.7083 40.5216
     51 46.0435  20.025 8.94427 28.7924 38.0132 10.0499 22.8473 21.5058  54.231 20.5183 21.0238       8  32.249 43.1045      10 37.5766 44.7214  6.7082 18.4391 13.4536 45.8912 40.1123      15   42.19       0 52.3546 21.8403  35.805 48.7955 49.7016  43.566 32.8938  63.985 49.6488 44.6542 10.5622 19.6977 50.4876 25.4951 55.3173 54.2033 36.6742 47.8017 48.0104 49.0918 39.8121 50.2892 26.9258 56.6039 42.3851 53.7448 63.0079 39.4081 30.2655 33.6006 55.1543 29.6985  18.868 30.8869      34 46.3249 11.1803      20 49.2443  31.241 41.0761      25 66.7083 30.2324
29.7321      23 35.3836 59.9083 56.0357 46.8402 47.4342 59.0339 31.1207 46.1736 33.5261 47.1699 45.4863 20.1246 52.2015 49.0408 31.3209 57.2451 47.0106      35 65.5134 34.0147 22.8035  60.959 48.0521 52.3546       0 39.8246 17.4642 14.2127 33.1097 42.9535 20.5183 22.3759 33.1361       9 60.0213 38.6394 18.4391 36.6197 19.7231 29.0689 40.5216 39.1152 22.8035 22.2036 12.8062  10.198 25.4951 5.38516 60.5186 15.9531      13 24.0416 26.4008 26.0768 6.40312  25.318 56.7186 31.0644 27.7308 14.0357 41.8808 71.0282 68.9638  82.201 46.3492      46 18.6815 22.4722
51.0882 26.2488 7.07107 25.0799 45.2769 48.3322 25.6125 19.2094 18.8282 32.6497 22.1359 34.8281 14.3178 23.0868 54.5619      13 40.3113 57.8014 21.6333 10.4403 31.1448 24.1868 21.0238 22.8473 21.9317 21.8403 39.8246       0 28.1603 42.3792 51.5097 50.9608 19.7231 57.6462 28.0713 34.8855 32.3938 27.2947 31.7805 4.12311 50.2892 53.3385 44.2719 52.6118 45.5412 29.4109 27.4591 34.2053 20.0998      45 57.3106 47.4605 52.4309 38.0526 13.4536 33.0151 40.3609      27 38.0132  33.541 14.3178 29.4109 12.8062 34.4819  65.437 44.7772 50.5099 37.4433 57.4543 23.3452
24.5153 25.4951 21.9317 43.9318 39.4588 32.7567 30.0832 46.5188 14.3003 46.9574 16.1555      30 29.6985 5.09902  38.833 34.2053 18.3848  43.566 30.0167 20.2485 49.2037      34  21.095 46.2277  43.566  35.805 17.4642 28.1603       0 14.3178 26.1008 31.1127  10.198 29.8007 35.2278 8.94427 42.7874 21.2132 25.2389 26.3059 22.1359 26.0768 26.6271 29.6816 18.0278 26.9072 8.06226 19.9249 9.21954 21.0238  45.853 19.4551 27.2029   12.53 17.0294 10.8167      22       8 39.3192 15.2315  21.587  18.868 26.1725 55.2268 54.5619 66.5282 33.2002 29.2746 31.1127 5.65685
15.5563 33.8378 36.2491 57.3149 45.5412 34.2345 41.6173 60.8358 27.7218 57.0088 28.3196 38.2753 43.4166 19.3132 39.0512 48.2597      19 44.1475 42.5206 34.4819 62.2415 44.1475 31.4006 60.2163 56.0089 48.7955 14.2127 42.3792 14.3178       0 18.9011 29.4109 23.3452 15.5396 44.2719 9.21954 54.4184 31.3847 30.8869 40.2616 8.06226 15.2643 28.0713 25.0599 8.60233 34.0147 17.0294 23.0217 23.3238 13.6015 47.9427 5.14782 16.2788 12.1655 30.4138 16.5529 20.6155  19.105 48.4665 21.1896 34.0147 25.0799      40 68.6222 56.0892 79.9312 33.2453 36.1386 18.3576 19.7231
4.03113 50.6779    44.5 58.6366 35.2456 20.4267 40.2647 67.4036 33.0946 72.9538 31.0846 32.2684 47.0558 30.5655 23.1355 52.8796 12.1758 28.0401 43.0029 41.5482 62.2113 59.9604 46.9707 63.7201 69.3704 49.7016 33.1097 51.5097 26.1008 18.9011       0 13.2382 36.2112 23.2622 60.8543 26.6317 51.6954 30.0042 48.8083 50.7469 16.3783 7.15891 16.1012 7.01783 10.3078 51.4514 32.6841 41.4035 31.6425 32.0039 32.8824 18.8481 32.1442 13.8293 42.6878    18.5 39.5127 24.5204 42.0743 19.1638 47.6051 42.6058 44.4213 69.3271 40.0031 80.1888 18.0693   28.64 31.1006 28.9353
17.1172 56.5862 43.9659 52.1728 23.3452 7.81025  33.541 64.0312 32.2568 77.1038 28.8617 23.4094 43.0116 34.2053      10 49.0102 12.7279 15.0333 37.2156 40.5216 54.7083  64.405 51.8556 58.4209 71.1758  43.566 42.9535 50.9608 31.1127 29.4109 13.2382       0      40 36.4428 66.0681 34.9857 43.0948   25.02 56.0803  51.264 29.0172 20.3961       7  6.7082 21.3776      58 38.9487 49.6488  33.121 43.0116 19.6596 30.8302 44.4072 19.4165 45.2769 20.6155 49.1935 26.0768 31.9061 17.8885  50.774  49.679 41.1947 61.9839  27.074 72.2357 4.92443 19.3132      44 31.6228
34.7131 17.4929 14.8661 39.8246 44.0114 40.3609 30.0167  38.833 13.5831 37.2156 17.4642 33.5261 25.4951 5.83095 46.6905 28.6007 27.4591 51.0882 28.4429 14.7648  45.618 24.4131 12.0416 40.4599 33.3766 32.8938 20.5183 19.7231  10.198 23.3452 36.2112      40       0 38.2005 26.1725 15.2315 41.6984 24.0416 19.4165  17.088 31.4006 36.2215 34.6554 39.3573 28.1603 19.6977 7.81025 17.4642   8.544 25.4951 52.5595 28.2577 32.8024 22.4722 7.07107 19.4165 22.3607 14.1421 41.3038 22.6274 11.4018      14 21.9317  50.774 61.2944 61.8547 41.3793 34.0147 37.7359 8.48528
19.3256 45.2866  51.698 72.6284 56.9059 43.1912 56.2555 76.2947 43.1808 68.5382 43.4681 51.3817 58.8802 34.7056 46.3905 63.7909 30.2338 51.2999 57.5628 50.0128 77.3866 56.2288 44.3157 75.7303 69.5736  63.985 22.3759 57.6462 29.8007 15.5396 23.2622 36.4428 38.2005       0 55.5039 23.0495 68.9107 45.7349 40.7711 55.2818 8.88144 16.2012  37.893 30.2238 17.2708 44.5789 31.0464 32.5558 38.8623 17.8572 56.1015  10.401 12.8406   25.28 45.1717 30.7617 27.3364 34.3406  61.674 34.6883 48.0883 36.2447 55.4967 83.9123 63.2383 95.2034 41.1695 48.5704 8.85889 35.2602
58.6003 10.4403 30.3645      53 68.6003 66.4831  51.264 42.0595 37.5832 13.0384 41.8808 57.8014 41.7732 31.8904 72.8354 41.0488 53.4135 77.1557 48.0833 33.2415 59.0085 4.12311 14.2127 49.4975  19.105 49.6488 33.1361 28.0713 35.2278 44.2719 60.8543 66.0681 26.1725 55.5039       0 35.1141 60.0913 48.5489 15.0333 24.1868 51.6624 59.2368 60.8276 64.8999 51.4782      11  28.178 23.0217 34.0588 38.0132  78.323 47.9009 45.0444 47.7074 22.4722 45.4533 29.0689 40.3113 63.6946 48.7955      17 19.4165 39.2938 61.5224 87.0057 70.8308 67.5518 59.0762 51.0392 34.6554
23.8537 24.6982 29.4109 52.6308 47.0425 38.2753      39 53.8516 23.1625 47.8017 25.0799 38.2099 38.2884 12.7279 43.8634   42.45 22.8473 48.8467 38.9487 28.3196 58.0086 34.9285 22.2036 54.4885 47.0106 44.6542       9 34.8855 8.94427 9.21954 26.6317 34.9857 15.2315 23.0495 35.1141       0 51.7258 29.8329 22.2036  32.311 17.0294 24.1661 31.9531 31.8904 16.6433 25.0599 8.06226 14.8661 17.8045  12.083   51.87 13.5093 18.4391 15.6525 22.1359 17.1172 14.5602 16.4924 47.8539 22.0907 25.1794 16.1245 34.7131 63.8905  60.407 75.1665 38.0296      37 22.8035 14.4222
53.7267 56.0175 30.0958 12.8825    23.6 36.3065 12.8281 30.9251 28.9665 64.7716 26.6563 19.7677 18.3183 40.0345 40.2139 20.3066 40.1542 40.6492 13.2575 28.0064    12.4 56.3805 50.0016 20.9418 52.5467 10.5622 60.0213 32.3938 42.7874 54.4184 51.6954 43.0948 41.6984 68.9107 60.0913 51.7258       0 23.1767 60.1079 35.9939 60.0496 57.1836 36.7663 48.4124 52.0707 59.0014 47.9683 59.1486 34.6606 63.8088 37.1841 59.0615 69.6417 43.6688 40.0045 38.1701 63.4883 35.6477    12.6 34.3796 44.1312 55.5226 21.0466 19.5028  42.785 29.1678 39.6234 23.8025 72.7266 37.5494
31.3847 41.2311 20.8087 28.6356 20.1246 21.1896 10.6301 39.0128 10.9772 57.3149  6.7082 9.48683      18 20.0998  27.313      24 17.8885 30.5287      13 17.2047   32.45 45.8039 35.3412 33.9559 48.8262 19.6977 38.6394 27.2947 21.2132 31.3847 30.0042   25.02 24.0416 45.7349 48.5489 29.8329 23.1767       0 43.4166 28.6007 36.8782 34.6699 18.0278 28.4429      29 43.6578 28.0179 40.1123 15.5242 41.7612 30.4385 35.9235 47.0106 20.5183 26.0768      15 43.1045 13.3417 18.1108 11.4018 31.6228 37.6563 16.2788 39.4462 38.8973 50.4777 23.6485 10.6301 49.7393 17.0294
46.0435 6.40312 30.5941 56.0446 63.2456 57.9828 49.0918 49.6488 32.9621      28 36.8782 52.8867 42.5793 23.7697 64.0703 43.9659 43.4166 68.7968 47.0106 32.1403 62.0967 16.7631 10.7703  54.626 32.2025 50.4876 18.4391 31.7805 25.2389 30.8869 48.8083 56.0803 19.4165 40.7711 15.0333 22.2036 60.1079 43.4166       0 27.7308 37.6962 46.1411 51.8652 53.7587  38.833 4.12311 17.2047 8.24621 27.8927 23.0868 70.9119 33.8895 30.0167 36.7967 20.2237 36.0555 14.0357 32.2025 60.6712 40.3113 17.4642 6.40312 39.3192 66.1287 79.6492 76.5572 58.4145 53.1413 36.0139 26.9258
  50.01 22.1359 7.81025 29.1548 47.4236 49.2443 28.3019 22.6274 19.0394 29.6816 22.8254 36.7696   17.72 21.2132 55.5698 17.0294  40.025 59.0762 24.5967 11.4018 35.2278 20.3961      17 26.9258 20.2485 25.4951 36.6197 4.12311 26.3059 40.2616 50.7469  51.264  17.088 55.2818 24.1868  32.311 35.9939 28.6007 27.7308       0 48.2701 52.0384 44.7772 52.3927 44.1022 25.2982 24.5967 30.4795  19.105 41.8808 58.9619 45.2604 49.3964  37.054 10.2956 32.3883 36.7696 26.3059 40.8167 33.5261 10.2956 25.6125 15.6525 38.6005 67.2681 48.8467 51.2079 39.0512 54.5894      22
12.3693 41.2311 44.0114 64.0312 48.3839 35.2278 47.4236  68.542  34.821 64.5368 34.8281 42.5441 50.4777 27.2029 39.0128 55.5698 21.5407 44.0454 48.8365 42.0476 68.6804  51.788 39.2046 67.4166      64 55.3173 19.7231 50.2892 22.1359 8.06226 16.3783 29.0172 31.4006 8.88144 51.6624 17.0294 60.0496 36.8782 37.6962 48.2701       0 10.2956 29.6142 23.3452   8.544 41.1096      25 29.5466 30.8707 16.9706 48.5232 3.80789 15.8114 16.4012 38.4708 21.9317  25.807  25.807 52.8394  25.807 42.0476   32.28 47.1699 75.2861 56.0803 86.5563 33.5149 39.8121 15.0333  27.313
3.60555 48.8467 46.5296 63.1348 42.0595 27.5136 45.2217  70.342 35.7841 71.7844 34.5398 38.2099 50.6952 31.0161 30.2655 56.3028 17.0294 35.1283 47.5079 43.9318 67.1193 58.8218 45.8803  67.624 69.5845 54.2033 29.0689 53.3385 26.0768 15.2643 7.15891 20.3961 36.2215 16.2012 59.2368 24.1661 57.1836 34.6699 46.1411 52.0384 10.2956       0 22.8254 14.0357 8.06226 49.1935 31.3209 38.2753 33.2415 27.0185 40.0312 13.5093      26 15.5242 43.1045 21.1896 35.3836 26.6833 48.2701 23.3238 47.5184 40.2492 47.7598 74.0945 47.0425 85.1469  25.224 34.8281 24.3311 30.0666
19.2354 51.7397 37.3363 45.3542 19.2354 6.32456 26.6833 57.0351 25.7391 71.4003 22.1359      17 36.0139      29 12.2066 42.0119 9.21954      17 30.2655 33.8378 48.1041 58.8982  46.669 51.4782  64.846 36.6742 40.5216 44.2719 26.6271 28.0713 16.1012       7 34.6554  37.893 60.8276 31.9531 36.7663 18.0278 51.8652 44.7772 29.6142 22.8254       0 11.6619 21.2132 53.4135 34.6699 46.0652 27.2029 41.4367 20.0125 30.6023 44.0114 16.4924 39.4081 15.8114 46.4866 20.5183 26.2488 12.0416      45 45.4863 34.2345 55.3624 28.4605 65.7951 6.72681 13.0384 44.5533 26.1725
11.0454      55 45.5412 56.6127 29.8329 14.4222 37.9473 67.1193 33.8009 76.5376 31.0161 28.6531 46.2709  33.541 16.2788 52.2398 12.3693  21.095 41.2311 42.2966 59.6154 63.6318  50.774 62.3699 71.7844 47.8017 39.1152 52.6118 29.6816 25.0599 7.01783  6.7082 39.3573 30.2238 64.8999 31.8904 48.4124 28.4429 53.7587 52.3927 23.3452 14.0357 11.6619       0 16.5529 56.0803 37.0135 46.7547 33.5261 38.4838 26.0864 25.6223 39.0512 17.2047   45.31 20.2485 45.4863 26.2488 37.8021  19.105 50.5668 47.4236 44.0454 66.8506 33.0151 77.3886 11.6297 24.6982 38.1182 31.3847
 7.2111 41.1461  38.833 56.8595 39.8497 27.0185 39.6232 62.9365 28.5044 63.9062 27.7849 34.1321 43.8292      23  31.257 49.2443      13 36.3456 41.4005 36.4005 61.2209 50.9215 37.9473 60.8276 61.5224 48.0104 22.8035 45.5412 18.0278 8.60233 10.3078 21.3776 28.1603 17.2708 51.4782 16.6433 52.0707      29  38.833 44.1022   8.544 8.06226 21.2132 16.5529       0 41.6773 23.4094  31.241 25.4951 21.9317 40.5278 9.51315 23.0868 8.60233 35.0571 14.4222 29.2062 19.3132 44.4185 17.6918 39.4588 32.7567 40.7185 68.0074 48.3735 79.2023 25.5783  31.305 23.3452 22.2036
48.8774 3.16228 29.0689 54.1295 63.6946 59.4054 48.5077 46.6476 32.9014 24.0208      37 53.1413 41.1096 24.6982 65.6049 41.9762 45.2769  70.214 46.0977 31.0161  60.208 12.6491       9 52.2015  28.178 49.0918 22.2036 29.4109 26.9072 34.0147 51.4514      58 19.6977 44.5789      11 25.0599 59.0014 43.6578 4.12311 25.2982 41.1096 49.1935 53.4135 56.0803 41.6773       0  19.105 12.0416 28.2312 27.0185 72.0312 37.3162 34.0588 38.9487 19.0263 37.6431 18.1108 33.2866 60.4152 41.6173 15.2971 8.94427 38.0132 63.8905 80.7775 74.0945 60.0521 53.7122   40.05 27.7849
30.4631 18.0278 22.6274 47.1699 47.0744 40.8167 35.6931 46.6154 19.0394 40.4969 22.0907 37.2156 32.7567 8.06226 46.8722 36.2353 26.2488 51.6236 34.7851 22.2036 52.8394 27.5136 14.5602 48.1664      39 39.8121 12.8062 27.4591 8.06226 17.0294 32.6841 38.9487 7.81025 31.0464  28.178 8.06226 47.9683 28.0179 17.2047 24.5967      25 31.3209 34.6699 37.0135 23.4094  19.105       0 12.1655 13.3417 17.6918 53.8934 21.5523      25 19.8494 14.3178  18.868 15.5242 15.5242 46.0109 23.2594 17.1172 10.8167 29.1548 58.2495 62.6099 69.4046 41.2098 36.8782 30.0167      11
38.4187 13.1529  31.305 56.8595 59.2284 52.3259 47.2652 53.0754 30.6023 36.0555      34  49.366   42.72  20.025 58.1808 45.1774 37.2156 63.0635 45.8912 31.9531 62.7694 24.1868 14.4222 56.6039 38.8973 50.2892  10.198 34.2053 19.9249 23.0217 41.4035 49.6488 17.4642 32.5558 23.0217 14.8661 59.1486 40.1123 8.24621 30.4795 29.5466 38.2753 46.0652 46.7547  31.241 12.0416 12.1655       0   25.02      15 65.6544 25.7391 22.2036 30.2324  21.095 30.4631  6.7082 27.6586 58.0086 35.1141 20.5183       5 39.2173 67.5352 74.3236 78.3901 52.4047 49.0306 28.1603 23.0868
31.0161 25.9422 13.3417 34.8281 35.4683 32.5576 22.3607 37.6962 5.70088 44.2041 9.05539      25 20.5183 5.38516 38.9487      25 21.1896 43.1393 21.5407 11.1803 40.2244 31.8277 20.2485 37.0135 38.2753 26.9258 25.4951 20.0998 9.21954 23.3238 31.6425  33.121   8.544 38.8623 34.0588 17.8045 34.6606 15.5242 27.8927  19.105 30.8707 33.2415 27.2029 33.5261 25.4951 28.2312 13.3417   25.02       0 29.6816 44.3001 28.4693 36.2353      18 12.2066 13.3417 28.8617 7.28011 33.0606 15.2643 17.8045 22.2036 16.9706 46.0977 53.0094 57.3847 33.9006 25.4951 40.3113 3.60555
28.3019 28.0713 40.3113  64.405 58.0775  47.676 51.0784 64.2028 35.1639 51.0392 37.1618 49.8197      50 24.4131 52.6308 53.8145  32.249 57.7235      51 39.6989 69.8928 39.1152 28.1603 65.7951 53.3667 56.6039 5.38516      45 21.0238 13.6015 32.0039 43.0116 25.4951 17.8572 38.0132  12.083 63.8088 41.7612 23.0868 41.8808 16.9706 27.0185 41.4367 38.4838 21.9317 27.0185 17.6918      15 29.6816       0 61.4044 13.5093 7.61577 25.0799 31.6228 28.1603 9.48683 28.4605 59.6657 33.1361 33.1059 19.2354 46.4004 75.6042 69.6348 86.8332 46.8108 48.2597 13.3417 26.4197
36.7764 70.0321 51.1517 49.2392 13.7295 13.7295 33.3542 65.1498 41.0366 87.6841 36.7764 22.6385 45.3927 47.3339 9.82344 50.8183 29.2318 5.70088  37.822 47.5657 49.5631 75.8716 64.5174 56.8902 79.1107 42.3851 60.5186 57.3106  45.853 47.9427 32.8824 19.6596 52.5595 56.1015  78.323   51.87 37.1841 30.4385 70.9119 58.9619 48.5232 40.0312 20.0125 26.0864 40.5278 72.0312 53.8934 65.6544 44.3001 61.4044       0   50.04 63.5964 36.5034 56.0223 35.1923 66.4267 38.7621 24.6272 30.6349 61.6644 64.6258 45.1054 56.5022 8.74643 64.9346 15.0083 19.9123 63.5492 44.2549
14.9833 37.4767 41.3824 62.3258 48.8723 36.5034 46.3087 65.9735 32.8024 60.7988  33.234 42.2907 48.5026 24.4233 40.7492 53.3901 21.9659 45.8312 47.3973 39.6295 67.1751 48.0885 35.5879 65.3338 60.5186 53.7448 15.9531 47.4605 19.4551 5.14782 18.8481 30.8302 28.2577  10.401 47.9009 13.5093 59.0615 35.9235 33.8895 45.2604 3.80789 13.5093 30.6023 25.6223 9.51315 37.3162 21.5523 25.7391 28.4693 13.5093   50.04       0 13.5831 15.8902 35.3058 20.9404  22.102  24.052 52.5595 25.2686 38.6588 28.5044 45.1054  73.624 57.8662 84.9264 35.0892  39.856 14.2302 24.8697
28.1603 35.3553 47.5079 71.0634 61.8142   50.01 56.8243 71.6101  41.503 58.0086 43.0465 54.4059 56.7274 31.1448 54.3323 60.8112 35.1283 59.4138 57.1402  46.669 76.4003 46.3897 35.7351 72.8354 60.8769 63.0079      13 52.4309 27.2029 16.2788 32.1442 44.4072 32.8024 12.8406 45.0444 18.4391 69.6417 47.0106 30.0167 49.3964 15.8114      26 44.0114 39.0512 23.0868 34.0588      25 22.2036 36.2353 7.61577 63.5964 13.5831       0 28.4429 39.1152  32.573      16      34 64.5136 37.3631 40.7185 26.6833 53.1507 82.3286 71.4493 93.6056 48.6647 52.3927       6 32.8024
13.0384 37.8021 31.1448 48.2597 33.3766 22.8035 31.1127 54.8179 20.2608 59.4811 19.2354 26.4008 35.3412 16.7631 28.2312 40.8534 7.28011 33.2415 32.8024 28.4429 52.6308 46.5296 33.6155 52.3259 55.5428 39.4081 24.0416 38.0526   12.53 12.1655 13.8293 19.4165 22.4722   25.28 47.7074 15.6525 43.6688 20.5183 36.7967  37.054 16.4012 15.5242 16.4924 17.2047 8.60233 38.9487 19.8494 30.2324      18 25.0799 36.5034 15.8902 28.4429       0 28.8617 5.83095 30.0832 11.1803 36.6742 9.43398 33.8378 30.4138  32.311 59.4054 44.9222 70.6045 22.3886 24.0416 30.0832 15.1327
41.4367 16.1245 10.4403 36.0555 46.1411 44.6878 29.6142 32.6497 15.1162 32.0156 19.4165 35.3553 22.3607 12.1655 51.0882 24.1661 33.1059 55.1725  27.074      12 42.0595 19.8494 10.0499 35.5106 26.6833 30.2655 26.4008 13.4536 17.0294 30.4138 42.6878 45.2769 7.07107 45.1717 22.4722 22.1359 40.0045 26.0768 20.2237 10.2956 38.4708 43.1045 39.4081   45.31 35.0571 19.0263 14.3178  21.095 12.2066 31.6228 56.0223 35.3058 39.1152 28.8617       0 25.0799 27.0185 19.2354 41.7612 27.4591 5.65685 16.5529  19.105 46.5188 64.6607 57.3062 46.1004 36.6197 44.2945 13.9284
18.4391 36.0694      26 42.4382      30 21.9545 25.4951 49.2443 14.7139 56.6039 13.4164 21.8403 29.5466 13.6015 28.0179 35.1141 8.06226 32.7567 27.0185 23.0868 46.8615 43.8292  31.241 46.5188 51.5461 33.6006 26.0768 33.0151 10.8167 16.5529    18.5 20.6155 19.4165 30.7617 45.4533 17.1172 38.1701      15 36.0555 32.3883 21.9317 21.1896 15.8114 20.2485 14.4222 37.6431  18.868 30.4631 13.3417 28.1603 35.1923 20.9404  32.573 5.83095 25.0799       0 31.5753 6.08276 31.9531       5 30.4138 29.6816 26.5707 53.6004 43.8634 64.8151 22.4109 20.0998 34.8855 11.1803
36.1248 19.6469 36.8917 62.1772 61.2944  52.811 51.1957  59.397 34.5615 42.0119 37.4833      52 47.8539 23.5372 58.3095  50.774 37.3363 63.3246 50.2892 37.1214 67.9779 30.5941  21.095  62.426 45.5412 55.1543 6.40312 40.3609      22 20.6155 39.5127 49.1935 22.3607 27.3364 29.0689 14.5602 63.4883 43.1045 14.0357 36.7696  25.807 35.3836 46.4866 45.4863 29.2062 18.1108 15.5242  6.7082 28.8617 9.48683 66.4267  22.102      16 30.0832 27.0185 31.5753       0      30 61.2046 36.4966 27.0185 11.6619 44.2832 73.0616 74.9466 84.0595 52.4619 51.1566      22 26.3059
24.1868 31.4006  20.025 38.2884 31.5753 26.2488 22.8254 43.6807 9.19239 51.0392 9.21954      22 24.6982 8.60233 32.5576 29.9666 13.9284 37.0135 23.4307 17.2627 43.1393 38.4187 26.1725 41.6773 45.5412 29.6985  25.318      27       8  19.105 24.5204 26.0768 14.1421 34.3406 40.3113 16.4924 35.6477 13.3417 32.2025 26.3059  25.807 26.6833 20.5183 26.2488 19.3132 33.2866 15.5242 27.6586 7.28011 28.4605 38.7621  24.052      34 11.1803 19.2354 6.08276      30       0 31.4006 8.48528 24.6982      26 21.4709 49.5782 47.5079 60.8769 27.2443 21.3776 37.2022 5.65685
44.6878 57.7235  33.541 24.7386      11 24.5967   12.53 41.5933 27.7218 70.4911 24.0208 10.2956 24.0832      38 27.8927 28.4253 31.6228 28.0713 16.4012 30.4631      25 60.4152 51.6624  32.573 59.6657  18.868 56.7186 38.0132 39.3192 48.4665 42.0743 31.9061 41.3038  61.674 63.6946 47.8539    12.6 18.1108 60.6712 40.8167 52.8394 48.2701 26.2488 37.8021 44.4185 60.4152 46.0109 58.0086 33.0606 59.6657 24.6272 52.5595 64.5136 36.6742 41.7612 31.9531 61.2046 31.4006       0  27.313 46.8188 55.2268 25.2389 32.0624 30.6757 41.2311 27.9508 13.4536 66.7083 35.0143
20.1246 39.8246 26.4764 39.8246      25 17.8045 22.0227 48.3735 14.7139 59.4054 12.0416  17.088 27.8927 17.0294 24.0832 33.7343 7.07107 28.6007 24.1868 23.1948 43.8292 46.8615 34.6554 44.5982 53.3104 30.8869 31.0644  33.541 15.2315 21.1896 19.1638 17.8885 22.6274 34.6883 48.7955 22.0907 34.3796 11.4018 40.3113 33.5261  25.807 23.3238 12.0416  19.105 17.6918 41.6173 23.2594 35.1141 15.2643 33.1361 30.6349 25.2686 37.3631 9.43398 27.4591       5 36.4966 8.48528  27.313       0 33.0151      34  25.318  50.774 39.3573 61.8547 18.7683 15.1327 39.3954 14.1421
46.0977 12.1655 14.0357  38.833 51.6236 50.3289 34.4819 32.6497 20.7002 26.4008      25 40.8167      26  17.088 56.7274 26.6833 38.4708 60.8276 31.5753 16.4924  44.911 14.2127  6.7082 37.1618 22.0907      34 27.7308 14.3178  21.587 34.0147 47.6051  50.774 11.4018 48.0883      17 25.1794 44.1312 31.6228 17.4642 10.2956 42.0476 47.5184      45 50.5668 39.4588 15.2971 17.1172 20.5183 17.8045 33.1059 61.6644 38.6588 40.7185 33.8378 5.65685 30.4138 27.0185 24.6982 46.8188 33.0151       0 15.5563 23.0868 48.7032 70.2922 59.0931 51.7035 42.2019 46.2385 19.2354
39.9625 9.05539 26.9258 52.5547   57.28 51.6236 44.0114 48.1664 27.5409 32.3883  31.257 47.0744 38.6005   17.72 57.6888 40.7185 37.0135  62.434 42.2966 27.8927 58.5235      20 9.43398 51.9711 34.2053 46.3249 14.0357 29.4109  18.868 25.0799 42.6058  49.679      14 36.2447 19.4165 16.1245 55.5226 37.6563 6.40312 25.6125   32.28 40.2492 45.4863 47.4236 32.7567 8.94427 10.8167       5 22.2036 19.2354 64.6258 28.5044 26.6833 30.4138 16.5529 29.6816 11.6619      26 55.2268      34 15.5563       0  35.171 63.0714 73.3553 73.8241 52.0216 47.1275 32.5576 20.8806
44.9222      35 9.05539 18.0278 32.6497 37.3631 12.8062 23.0868 12.3491 45.2769 13.3417 22.4722 3.60555 22.0227 43.3244   8.544 32.3883 46.0977 8.94427 7.28011 23.7065 35.7351 29.0172 20.2485 34.6554 11.1803 41.8808 12.8062 26.1725      40 44.4213 41.1947 21.9317 55.4967 39.2938 34.7131 21.0466 16.2788 39.3192 15.6525 47.1699 47.7598 34.2345 44.0454 40.7185 38.0132 29.1548 39.2173 16.9706 46.4004 45.1054 45.1054 53.1507  32.311  19.105 26.5707 44.2832 21.4709 25.2389  25.318 23.0868  35.171       0 29.2062 53.0094 40.4599 39.9155 25.4951   57.28 20.5183
70.8308 60.7289 36.2353 11.3137 43.0465 55.5428 29.0689  21.587 41.0183 62.2013 40.4599 38.6005 25.6125  51.225 59.6825 22.3607 57.3062 60.1332 26.6271 36.0555 7.28011 57.4282 55.3624 12.0416 48.3735      20 71.0282 34.4819 55.2268 68.6222 69.3271 61.9839  50.774 83.9123 61.5224 63.8905 19.5028 39.4462 66.1287 38.6005 75.2861 74.0945 55.3624 66.8506 68.0074 63.8905 58.2495 67.5352 46.0977 75.6042 56.5022  73.624 82.3286 59.4054 46.5188 53.6004 73.0616 49.5782 32.0624  50.774 48.7032 63.0714 29.2062       0 61.5224 11.3137 58.8154   42.72 86.3134 49.5782
     44 78.7718 59.4643 55.3624 20.5913 22.1359 40.8167 72.0902 49.6236 96.2081 45.3431 30.6105      53 56.0803 17.1172 58.1808 37.6431 12.0416 45.2769 55.9017 54.9181 84.5044 73.2393 63.2456 87.3212 49.2443 68.9638  65.437 54.5619 56.0892 40.0031  27.074 61.2944 63.2383 87.0057  60.407  42.785 38.8973 79.6492 67.2681 56.0803 47.0425 28.4605 33.0151 48.3735 80.7775 62.6099 74.3236 53.0094 69.6348 8.74643 57.8662 71.4493 44.9222 64.6607 43.8634 74.9466 47.5079 30.6757 39.3573 70.2922 73.3553 53.0094 61.5224       0      69 22.8528 28.2843 71.0282      53
81.8352 70.9366 47.1699 22.6274 51.9711 65.4599 39.9625 29.1548 52.3307 70.0643 51.7397 48.8467 36.8782  62.482 69.1231 33.2866 68.2642 69.0507 37.8021 47.2017 18.0278 66.7083 65.7951 21.9317 56.0357  31.241  82.201 44.7772 66.5282 79.9312 80.1888 72.2357 61.8547 95.2034 70.8308 75.1665 29.1678 50.4777 76.5572 48.8467 86.5563 85.1469 65.7951 77.3886 79.2023 74.0945 69.4046 78.3901 57.3847 86.8332 64.9346 84.9264 93.6056 70.6045 57.3062 64.8151 84.0595 60.8769 41.2311 61.8547 59.0931 73.8241 40.4599 11.3137      69       0 68.7841 52.9245 97.6217 60.8769
21.8689  58.423 43.6606 49.4292 18.7683  3.3541 31.0363 62.3398 32.2064 78.1041 28.4297 20.3039 41.3673 35.7106 5.85235 47.3207 15.2069 10.9202 35.0036 40.1155 51.5388  65.622 53.3877 56.0558  71.353 41.0761 46.3492 50.5099 33.2002 33.2453 18.0693 4.92443 41.3793 41.1695 67.5518 38.0296 39.6234 23.6485 58.4145 51.2079 33.5149  25.224 6.72681 11.6297 25.5783 60.0521 41.2098 52.4047 33.9006 46.8108 15.0083 35.0892 48.6647 22.3886 46.1004 22.4109 52.4619 27.2443 27.9508 18.7683 51.7035 52.0216 39.9155 58.8154 22.8528 68.7841       0 16.1941 48.5412 32.8976
 31.241 51.4296  31.241 33.2415  10.198 13.0384 15.0333 46.8722 21.5058 67.9412 17.2047 4.12311 26.2488 29.4109 18.2483 32.0156 18.3576 20.6155 19.2354 27.6586 35.4401 56.4004 45.6508      40  59.203      25      46 37.4433 29.2746 36.1386   28.64 19.3132 34.0147 48.5704 59.0762      37 23.8025 10.6301 53.1413 39.0512 39.8121 34.8281 13.0384 24.6982  31.305 53.7122 36.8782 49.0306 25.4951 48.2597 19.9123  39.856 52.3927 24.0416 36.6197 20.0998 51.1566 21.3776 13.4536 15.1327 42.2019 47.1275 25.4951   42.72 28.2843 52.9245 16.1941       0 54.0833 26.2488
 27.074 41.3038 52.2015 75.0067 63.0635 50.2494 59.9083 76.5506 45.3045 64.0078 46.4004 56.4624 60.8112 35.4683      54  65.192 36.1386 59.0085 60.6053 51.0882 80.1561  52.345 41.4849 77.2334 66.7083 66.7083 18.6815 57.4543 31.1127 18.3576 31.1006      44 37.7359 8.85889 51.0392 22.8035 72.7266 49.7393 36.0139 54.5894 15.0333 24.3311 44.5533 38.1182 23.3452   40.05 30.0167 28.1603 40.3113 13.3417 63.5492 14.2302       6 30.0832 44.2945 34.8855      22 37.2022 66.7083 39.3954 46.2385 32.5576   57.28 86.3134 71.0282 97.6217 48.5412 54.0833       0 36.7696
28.0179  25.807 16.7631 38.2884 36.4005 31.8904      25 41.2311 8.74643 45.4863 11.1803 26.3059 24.0416 3.16228 38.2099 28.6007 19.2354  42.638 24.5967 14.7648 43.6005 32.8024 20.5183 40.6079 40.5216 30.2324 22.4722 23.3452 5.65685 19.7231 28.9353 31.6228 8.48528 35.2602 34.6554 14.4222 37.5494 17.0294 26.9258      22  27.313 30.0666 26.1725 31.3847 22.2036 27.7849      11 23.0868 3.60555 26.4197 44.2549 24.8697 32.8024 15.1327 13.9284 11.1803 26.3059 5.65685 35.0143 14.1421 19.2354 20.8806 20.5183 49.5782      53 60.8769 32.8976 26.2488 36.7696       0


