      1e+20 2.12455e+12     128.406     133.544     116.692     151.238     162.336     107.056     110.535     166.628     149.265     104.995     112.579     134.213      121.84     161.276     102.801     183.295     141.227     152.053       1e+20 2.12455e+12
2.12455e+12       1e+20     84.5991     80.5295     101.242     61.4003     66.4831     125.363     102.942     81.2158     80.5295     108.706     108.706     109.772      103.47     71.7844     109.932     53.2353     116.387     117.478 2.12455e+12       1e+20
1.28406e+12 8.45991e+11       1e+10     7.07107     21.8403     23.2594      54.231     63.1269     25.4951     71.5612      51.225     24.1661     43.2897     67.5352     46.4866     57.7062     25.6125     70.0357     80.1311     89.3085     128.406     84.5991
1.33544e+12 8.05295e+11     7.07107       1e+10     22.0227     20.2237     56.4358     70.0643     32.5576     74.8131     55.1543     28.6007     50.1597     73.4098     52.8867     60.4649     31.1448     70.6045     85.8662     94.6678     133.544     80.5295
1.16692e+12 1.01242e+12     21.8403     22.0227       1e+10       42.19     75.9605     73.3894     34.8855     92.6607     71.8679     16.0312     55.4707     84.0238     61.6117     79.2023     22.0227     91.7824     96.8297     106.963     116.692     101.242
1.51238e+12 6.14003e+11     23.2594     20.2237       42.19       1e+10       42.45     74.9533     43.6005     62.6259     46.0977     47.4236     55.3624     70.7107     54.3323      47.634     48.5489     52.8015          82     88.8651     151.238     61.4003
1.62336e+12 6.64831e+11      54.231     56.4358     75.9605       42.45       1e+10     62.2896     55.1453     20.5913     14.8661     72.8354     50.0899      43.382     41.8808     6.08276     70.1783     21.0238     50.2195          53     162.336     66.4831
1.07056e+12 1.25363e+12     63.1269     70.0643     73.3894     74.9533     62.2896       1e+10     39.0512     60.9262     47.5079     59.0339      20.025     27.1662     21.9545      59.203     52.7731     82.6196     35.6931     47.2969     107.056     125.363
1.10535e+12 1.02942e+12     25.4951     32.5576     34.8855     43.6005     55.1453     39.0512       1e+10     66.4906     45.5412     22.6716     20.5913     50.2096     27.5862     56.0357     17.4929     75.1332     62.9365     73.6614     110.535     102.942
1.66628e+12 8.12158e+11     71.5612     74.8131     92.6607     62.6259     20.5913     60.9262     66.4906       1e+10     21.1896      86.977     55.1453      35.805     45.2769          15     83.2406     28.4605     37.4433     36.4005     166.628     81.2158
1.49265e+12 8.05295e+11      51.225     55.1543     71.8679     46.0977     14.8661     47.5079     45.5412     21.1896       1e+10     65.7875     36.6879     29.4109     27.7308      12.083     62.0967     35.2278     38.0132     43.1741     149.265     80.5295
1.04995e+12 1.08706e+12     24.1661     28.6007     16.0312     47.4236     72.8354     59.0339     22.6716      86.977     65.7875       1e+10      42.638     72.8629     50.2494     74.9533     6.32456      91.022     85.5628     96.3328     104.995     108.706
1.12579e+12 1.08706e+12     43.2897     50.1597     55.4707     55.3624     50.0899      20.025     20.5913     55.1453     36.6879      42.638       1e+10     31.0644     10.0499     48.7032     36.7967     71.1126     43.4166     54.6443     112.579     108.706
1.34213e+12 1.09772e+12     67.5352     73.4098     84.0238     70.7107      43.382     27.1662     50.2096      35.805     29.4109     72.8629     31.0644       1e+10     22.6274     38.5876     67.3573     61.2209     12.8062     23.6008     134.213     109.772
 1.2184e+12  1.0347e+12     46.4866     52.8867     61.6117     54.3323     41.8808     21.9545     27.5862     45.2769     27.7308     50.2494     10.0499     22.6274       1e+10     39.8121     44.8219     62.7694     35.3836     46.0977      121.84      103.47
1.61276e+12 7.17844e+11     57.7062     60.4649     79.2023      47.634     6.08276      59.203     56.0357          15      12.083     74.9533     48.7032     38.5876     39.8121       1e+10     71.8471     23.4307      44.643     47.0106     161.276     71.7844
1.02801e+12 1.09932e+12     25.6125     31.1448     22.0227     48.5489     70.1783     52.7731     17.4929     83.2406     62.0967     6.32456     36.7967     67.3573     44.8219     71.8471       1e+10     89.0898     79.9812     90.9065     102.801     109.932
1.83295e+12 5.32353e+11     70.0357     70.6045     91.7824     52.8015     21.0238     82.6196     75.1332     28.4605     35.2278      91.022     71.1126     61.2209     62.7694     23.4307     89.0898       1e+10     65.2993      64.846     183.295     53.2353
1.41227e+12 1.16387e+12     80.1311     85.8662     96.8297          82     50.2195     35.6931     62.9365     37.4433     38.0132     85.5628     43.4166     12.8062     35.3836      44.643     79.9812     65.2993       1e+10     11.7047     141.227     116.387
1.52053e+12 1.17478e+12     89.3085     94.6678     106.963     88.8651          53     47.2969     73.6614     36.4005     43.1741     96.3328     54.6443     23.6008     46.0977     47.0106     90.9065      64.846     11.7047       1e+10     152.053     117.478
      1e+20 2.12455e+12 1.28406e+12 1.33544e+12 1.16692e+12 1.51238e+12 1.62336e+12 1.07056e+12 1.10535e+12 1.66628e+12 1.49265e+12 1.04995e+12 1.12579e+12 1.34213e+12  1.2184e+12 1.61276e+12 1.02801e+12 1.83295e+12 1.41227e+12 1.52053e+12       1e+20 2.12455e+12
2.12455e+12       1e+20 8.45991e+11 8.05295e+11 1.01242e+12 6.14003e+11 6.64831e+11 1.25363e+12 1.02942e+12 8.12158e+11 8.05295e+11 1.08706e+12 1.08706e+12 1.09772e+12  1.0347e+12 7.17844e+11 1.09932e+12 5.32353e+11 1.16387e+12 1.17478e+12 2.12455e+12       1e+20
