1e+20 2.03961e+11     18.4011     18.3698     18.8096     15.2555     35.8276     24.2662     40.8736     27.5772     31.4836     42.3302     45.2117     35.0258     25.0186      47.009     46.1187     13.3417     51.5265      32.983    1e+20 2.03961e+21
2.03961e+11       1e+20     37.7915     31.0459     37.4833      8.3863     47.9877     3.90512      54.621     7.30068     29.9737     22.4288     26.5801     32.4039     45.1257      26.613      25.794     31.9312     39.2604     13.3222 2.03961e+21     1e+20
1.84011e+11 3.77915e+11       1e+10     14.8125     2.60768     33.6305     24.5752     41.4658     26.9007     44.5378     35.6699      58.322     59.7918     39.0877     8.24924     64.0363     62.7603     6.08276     60.4822     50.8936     18.4011     37.7915
1.83698e+11 3.10459e+11     14.8125       1e+10     12.5925     30.2476     17.8272     34.0074     23.7966     36.4424     20.9287     48.1998      48.283     24.2986     22.6592     55.0594     53.2686     10.7056     46.1854     44.2241     18.3698     31.0459
1.88096e+11 3.74833e+11     2.60768     12.5925       1e+10     33.8658     22.0966      41.063     24.7518     44.0402     33.5181     57.4913     58.6619     36.8875     10.0881     63.4606     62.0755     5.60357     58.5732     50.7054     18.8096     37.4833
1.52555e+11  8.3863e+10     33.6305     30.2476     33.8658       1e+10     47.9901      11.833     53.9881     15.1529     34.5782     30.2513     34.8622     37.4991     40.1662     33.3122      32.967      28.288     47.1399     18.3371     15.2555      8.3863
3.58276e+11 4.79877e+11     24.5752     17.8272     22.0966     47.9901       1e+10     50.5253     7.42496     52.5224     27.5136     62.2287     60.7055     29.3293     28.6575     69.8745     67.7027     24.7051     52.3546     60.7791     35.8276     47.9877
2.42662e+11 3.90512e+10     41.4658     34.0074      41.063      11.833     50.5253       1e+10     57.3322     3.41321     30.6922     18.5828     23.0489     32.7768     48.8993     22.7561     21.8916     35.5473      37.206      10.265     24.2662     3.90512
4.08736e+11  5.4621e+11     26.9007     23.7966     24.7518     53.9881     7.42496     57.3322       1e+10     59.4677     34.9017      69.545      68.117     36.6085     28.9282      77.111     74.9849     28.5806     59.4886     67.5971     40.8736      54.621
2.75772e+11 7.30068e+10     44.5378     36.4424     44.0402     15.1529     52.5224     3.41321     59.4677       1e+10     31.2474     15.1753     19.8595      33.008     52.0735     19.5328     18.5432     38.5697     35.2477      8.6406     27.5772     7.30068
3.14836e+11 2.99737e+11     35.6699     20.9287     33.5181     34.5782     27.5136     30.6922     34.9017     31.2474       1e+10     36.7642     33.9612     3.60694     43.5873      45.025     42.4647     30.8016      25.838      39.846     31.4836     29.9737
4.23302e+11 2.24288e+11      58.322     48.1998     57.4913     30.2513     62.2287     18.5828      69.545     15.1753     36.7642       1e+10      7.3736     37.0842     66.1787     8.49706     5.72014     52.2499     28.9339     15.3717     42.3302     22.4288
4.52117e+11 2.65801e+11     59.7918      48.283     58.6619     34.8622     60.7055     23.0489      68.117     19.8595     33.9612      7.3736       1e+10     33.6001     67.8844     14.5496     11.5278     53.7239     22.0327     22.1635     45.2117     26.5801
3.50258e+11 3.24039e+11     39.0877     24.2986     36.8875     37.4991     29.3293     32.7768     36.6085      33.008     3.60694     37.0842     33.6001       1e+10     46.9308     45.4876     42.8042     34.3227     23.2261     41.4986     35.0258     32.4039
2.50186e+11 4.51257e+11     8.24924     22.6592     10.0881     40.1662     28.6575     48.8993     28.9282     52.0735     43.5873     66.1787     67.8844     46.9308       1e+10     71.6063     70.4592     14.2004     68.6385     57.9773     25.0186     45.1257
 4.7009e+11  2.6613e+11     64.0363     55.0594     63.4606     33.3122     69.8745     22.7561      77.111     19.5328      45.025     8.49706     14.5496     45.4876     71.6063       1e+10     3.02655     58.0383     36.5788     15.5193      47.009      26.613
4.61187e+11  2.5794e+11     62.7603     53.2686     62.0755      32.967     67.7027     21.8916     74.9849     18.5432     42.4647     5.72014     11.5278     42.8042     70.4592     3.02655       1e+10     56.7226     33.5596     15.9176     46.1187      25.794
1.33417e+11 3.19312e+11     6.08276     10.7056     5.60357      28.288     24.7051     35.5473     28.5806     38.5697     30.8016     52.2499     53.7239     34.3227     14.2004     58.0383     56.7226       1e+10     55.0245      45.126     13.3417     31.9312
5.15265e+11 3.92604e+11     60.4822     46.1854     58.5732     47.1399     52.3546      37.206     59.4886     35.2477      25.838     28.9339     22.0327     23.2261     68.6385     36.5788     33.5596     55.0245       1e+10      41.173     51.5265     39.2604
 3.2983e+11 1.33222e+11     50.8936     44.2241     50.7054     18.3371     60.7791      10.265     67.5971      8.6406      39.846     15.3717     22.1635     41.4986     57.9773     15.5193     15.9176      45.126      41.173       1e+10      32.983     13.3222
  1e+20 2.03961e+21 1.84011e+11 1.83698e+11 1.88096e+11 1.52555e+11 3.58276e+11 2.42662e+11 4.08736e+11 2.75772e+11 3.14836e+11 4.23302e+11 4.52117e+11 3.50258e+11 2.50186e+11  4.7009e+11 4.61187e+11 1.33417e+11 5.15265e+11  3.2983e+11       1e+20 2.03961e+11
2.03961e+21    1e+20 3.77915e+11 3.10459e+11 3.74833e+11  8.3863e+10 4.79877e+11 3.90512e+10  5.4621e+11 7.30068e+10 2.99737e+11 2.24288e+11 2.65801e+11 3.24039e+11 4.51257e+11  2.6613e+11  2.5794e+11 3.19312e+11 3.92604e+11 1.33222e+11 2.03961e+11       1e+20
