      0 14.5602 37.3363 24.3311 59.1354 44.2719 30.0666 20.0998 47.1699      54 37.0135      20 45.6946 24.3311 46.0435 33.5261 52.4786      29 48.8365      12 17.2627 14.1421 12.6491       4  7.2111 14.8661 12.1655 40.2492 32.0624 45.0444 28.2312      52 18.4391 25.6125 28.8444 16.9706 52.1536 20.5183 19.3132       6 29.9666 42.4264 24.0832 59.4643      35 50.2892 33.6006 57.2713 17.4929 41.5933 41.1825 37.9473 64.4981 62.1289 35.7771 36.0555      16  34.176 54.9181 31.0483 48.0416 25.0599 23.3238      37 64.6607 50.9902 48.8774 36.8782 44.5533 29.1204
14.5602       0 22.8473 22.3607 44.5982 33.2866 16.1245 34.0588      33 40.1995 26.5707 21.2603  31.305 12.8062 32.5576 18.9737 38.6005 15.5242 34.3657 16.1245 31.0161 24.7386 27.2029 16.1245      20  6.7082 6.32456 26.0768 18.1108 31.5753 33.3017 37.5766       4      34 15.6205 8.24621  38.833 30.6757 15.6525 8.94427 23.0217 28.0713 14.1421 44.9444 34.0147 35.7351 23.7697 42.9418 5.09902 29.1548 32.5576 32.0624 50.4777 48.4149 21.6333 26.6833 24.4131 19.6977 40.4475 26.6833 34.0588 17.8885      10 31.0644 50.8035 38.6264      35 22.3607 32.7567 14.5602
37.3363 22.8473       0 32.8938 21.8403 27.8927  12.083 56.0892      15 23.0217      20 35.6931 8.60233 20.2485 13.3417 4.24264 17.2047 14.3178 13.6015 35.0143 52.9528 45.0999   49.98 38.9102 41.9762 24.1868 27.4591 5.09902 11.4018 18.0278 47.8017 14.7648 19.2354 51.4782 11.4018 23.0217 24.0416   50.01 28.4429 31.7805 26.0768 9.89949 19.6469 22.1359 41.3401 13.1529 20.5183 20.2485 20.3961 20.8806 27.4591 32.5269 28.3196 27.0185 4.24264 22.6716 45.4533 3.16228 19.2354 31.9061 17.0294  28.178 15.0333 31.8277      29 27.4591 13.8924 5.09902 19.4165 8.60233
24.3311 22.3607 32.8938       0 52.2398 53.7401 34.0588 32.5576 47.4236 55.4617 19.6469 5.65685 38.4708 34.4093 34.0588  31.305 41.1096 34.6554 46.4866 12.6491 29.6985  19.799  32.249 28.2843 22.3607 15.6525 27.2029 32.5576  35.609 48.5489 15.1327 44.1814 24.4131 20.3961 21.5407 14.4222 55.5698 21.4709  6.7082 24.0832 9.48683 42.0476 13.4164 52.1536 11.7047  44.911 16.2788      48 18.6011 48.2701      20 14.4222 52.6118 49.0306 29.1204  17.088 40.1995 30.4631  51.923  7.2111 49.1935 40.2492      20 13.6015 51.9711 57.2014 38.0132 35.7771 28.1603 28.8444
59.1354 44.5982 21.8403 52.2398       0 35.8469 31.0644 77.8781 17.4929  19.105 34.4819 56.0089 14.0357 39.4081 19.3132  25.632 13.6015 33.0151 12.8062 56.4358 74.7329 66.6108 71.7844 60.5392 63.7887 45.8912 48.7545  20.025 29.4109 23.7065 67.3647 8.06226 40.8534 72.0069 32.1403 44.5533 23.3452 71.1758 49.0102 53.4883 43.7379  19.105 40.0125       1 58.2409 8.94427 36.8782 6.40312 42.2019 30.0167 39.8121 47.1699      13 15.5242 24.1868 37.6431 66.0379      25 9.21954 49.2443 18.7883 46.0109 36.6742 46.8188 15.0333 29.6142 15.2315 22.8254  28.178 30.0832
44.2719 33.2866 27.8927 53.7401 35.8469       0      20 64.0312 18.6815 18.4391 47.0106  54.037      32 20.5913 40.1995      26 41.1096  19.105 23.7697 49.3964 61.4003 57.2713 54.9181 43.1741  51.264 39.2046  32.311 32.5576  18.868 12.3693 66.4003 34.5254      30 67.2309 34.9857 39.6989 14.1421 63.5059 47.4236 38.6264 50.2195      20 41.2311 36.7696 64.5368 29.6142 46.5296 39.2938 35.4683 7.07107  54.626 58.3095 48.0833 49.0306 31.6228 49.1935 42.0476 27.8568 26.8328 55.6058  17.088 20.0998 34.0588 57.4543 49.7293 8.94427      39 22.8035 47.2969 26.0768
30.0666 16.1245  12.083 34.0588 31.0644      20       0      50 17.1172 24.0832 27.8927 34.9857      20 8.48528 25.2982 8.24621 29.1548 2.23607 19.3132 31.6228 47.0106 40.7922 42.4264 30.5941 36.0555 20.6155 18.4391  17.088       2 15.5242 47.5079 25.4558 12.1655 49.3964 15.2315 20.5913 22.8035 46.5725 28.0179 24.0832 30.2324 12.6491 21.2603 31.6228 44.5982 22.2036 26.9258 31.1127 16.5529 14.2127 35.4401 38.4708 39.6989  38.833 14.1421 29.7321 34.9857  10.198 25.2982  35.609      18 16.1245 14.1421 37.5899 40.6079 23.3238 25.9422 8.48528 30.0167 6.32456
20.0998 34.0588 56.0892 32.5576 77.8781 64.0312      50       0 67.0298  74.027  50.774 26.9072 64.0312 44.4072 62.7694 52.6118 69.6419 49.0408 68.3593 22.3607 3.16228 12.8062      10 20.8806 14.1421 32.0156  32.249 58.2409      52  65.123  25.632  70.342 38.0526 18.4391 46.1736 33.5261 72.2496      13 31.3847 26.0768 41.4005 62.1289 39.3954 78.1025 38.5876 69.2315 47.1699 75.2861 35.6931 61.6604 52.4976 46.6905 81.7068 78.7909 53.8516 48.8262 26.9072 52.9528 74.4312  39.598      68 44.2719 41.2311 45.9674 81.5414 71.0211 66.1287 56.3205 59.1692 48.3735
47.1699      33      15 47.4236 17.4929 18.6815 17.1172 67.0298       0 8.06226 34.6554 49.6488 14.8661 24.3516 23.7697 16.1555 23.0868 18.4391 5.09902  47.676 64.0078 57.3149 59.5399  47.676      53 36.4966 35.5106 17.8045 15.1327 6.32456 62.0322 16.0312      29      65 25.9422 35.9026 9.43398 62.8013 42.3792 41.1947 41.0488 5.38516 34.0147 18.3576 56.3028 11.0454 35.4683 20.6155 32.3883   12.53 41.8688 47.4236 29.4109 30.4138 19.2094 37.4833 51.0784      17 9.21954 46.8722 2.23607 29.6816 28.1603 46.7547 31.0483 14.3178  21.587 11.7047  32.249 19.4165
     54 40.1995 23.0217 55.4617  19.105 18.4391 24.0832  74.027 8.06226       0   42.45 57.5847 21.6333 30.2655 30.5287 24.1661 28.4605      25 10.8167 55.3173 71.0634 64.7765 66.1211 54.1479 60.1332 44.1475 42.0476 25.4558 22.0907 9.21954 70.0071 20.8806 36.2215 72.8011      34 43.6807 4.47214  70.406 50.3289      48 49.0918 13.4164 42.0476 20.0998 64.3506 16.1555 43.4166 24.0832  40.025 14.7648 49.5177 55.3173 32.0624 34.0588 27.2029 45.3431 56.3205 25.0599      10 54.9181 6.32456  34.176 36.0555 54.6717 34.0147 10.7703 27.7308 19.6977 39.4081 27.2029
37.0135 26.5707      20 19.6469 34.4819 47.0106 27.8927  50.774 34.6554   42.45       0 24.6982 21.9545 33.0151 15.2971 21.0238 22.0907 29.6142 32.0156 28.6007 47.7074 38.0789 48.1041 40.2244 38.2884 22.4722 32.8938 17.0294 28.4605 38.0132 34.1321 26.5707 25.4951  40.025 13.0384 20.2485 43.9318 40.8534 19.4165 33.6155  10.198 29.8329 13.0384 34.2053 23.7697 28.6531 3.60555 29.4279 21.5407 40.2492 7.61577 13.0384 33.1361 29.4279 15.8114 3.16228 50.5371 19.2354 36.3593 15.0333 36.7967 41.0122 17.2627   12.53 32.3883 47.4342 19.4165 24.6982   8.544  21.587
     20 21.2603 35.6931 5.65685 56.0089  54.037 34.9857 26.9072 49.6488 57.5847 24.6982       0 42.0476 33.9411 38.4708 33.5261 45.5412 35.2278 49.2443       8 24.0416 14.1421 26.8328      24  17.088 14.8661 25.0599 36.0555 36.7151 50.0899   12.53      48 24.0832      16 24.3311 14.4222 57.2713 16.1555 7.28011 20.8806 14.7648 44.2719 16.1245      56      15 48.2597 21.1896 52.1536 18.6011 49.0918 25.6125      20 57.2713 53.8516  32.249 22.3607      36 32.9848 54.9181 12.8062  51.264  38.833 21.5407 19.2094 56.7539 58.3095 42.2966 37.9473 33.2415 30.4631
45.6946  31.305 8.60233 38.4708 14.0357      32      20 64.0312 14.8661 21.6333 21.9545 42.0476       0 28.4253 8.94427 12.8062 9.48683 22.2036 10.8167 42.4264 60.8769 52.6118 58.3095 47.4131      50 32.0156 36.0555       6  18.868 20.2237 53.6004 6.32456 27.7849 58.0345 18.1108 30.5941 24.1661 57.1402      35 40.2492 30.3645      12      26 14.1421   45.31  6.7082 23.7697 11.6619 28.4605   25.02 28.4253 34.9857  19.799  18.868  10.198 25.0599  54.037 11.6619 14.4222 36.0555  17.088 36.0555 22.8035 34.4819 20.6155 29.1204       7 11.6619 17.8045 17.2047
24.3311 12.8062 20.2485 34.4093 39.4081 20.5913 8.48528 44.4072 24.3516 30.2655 33.0151 33.9411 28.4253       0 33.1059 16.1245 37.4433 6.40312 27.2947 28.8444 41.5933 36.7696      36      24 31.0483  19.105 12.1655 25.0599      10  21.095 46.0977 33.9411      10 46.6476      20      20      28 42.9535 27.8029 18.4391 32.8938 20.5913 23.4094      40  45.793 30.6105  31.257  39.598 15.8114 17.2627 40.1995 41.7612 48.1664 47.2017 21.5407 34.2345 26.8328 17.8885 33.1059 37.5766 24.7386 8.24621 16.4924 40.8044 49.0408 26.6833 34.1321 16.9706 36.6742 12.6491
46.0435 32.5576 13.3417 34.0588 19.3132 40.1995 25.2982 62.7694 23.7697 30.5287 15.2971 38.4708 8.94427 33.1059       0  17.088 7.07107 27.5136 19.7231 40.4969 59.6154 50.5964 58.3095 48.4149 49.1935 31.3847 38.2099 8.24621 24.7386 28.8617      49 11.6619 29.7321 54.3323 17.2047 29.5296 33.1059 54.3415 32.0156 41.2311   25.02 20.3961 23.4094 18.9737 39.0512 14.8661 18.0278 14.1421 28.6007 33.1361 20.5913 27.8568 18.9737 16.1245 11.6619 18.4391 56.6392 15.2315 22.6274 30.2655      26 41.2311 22.8035 27.5136 18.7883 37.9473 4.12311 18.1108 9.21954 20.5913
33.5261 18.9737 4.24264  31.305  25.632      26 8.24621 52.6118 16.1555 24.1661 21.0238 33.5261 12.8062 16.1245  17.088       0 21.4009 10.4403 16.0312 32.0624 49.4975      42 46.1736 34.9285 38.4708      21 23.3238 8.94427       8 17.6918 45.8803  18.868 15.2315 49.0306      10 20.0998 24.4131 47.1699 26.2488 27.8568 25.4951 10.7703 17.8885      26 40.6079 16.7631 20.8087 24.4131 17.0294 19.2354 28.6356 32.8024 32.5576  31.241       6 23.3238 41.2311       2      22  31.241 17.8885 24.1661 12.1655 32.0156 33.2415 26.9072 18.0278 4.47214 22.0227 4.47214
52.4786 38.6005 17.2047 41.1096 13.6015 41.1096 29.1548 69.6419 23.0868 28.4605 22.0907 45.5412 9.48683 37.4433 7.07107 21.4009       0 31.3847 18.2483 47.4342 66.4831 57.5674 64.8845 54.6443 55.9464 38.0132 43.9318 12.7279  28.178      29 56.0089 7.61577 35.4683 61.4003 23.7065 36.2491 31.7805 61.3922 39.0512 47.4342      32 21.2132 30.3645 13.0384 45.7056 12.3693      25 7.61577 34.9857 34.2345 26.5707 34.2053  12.083 9.89949 17.0294 25.1794 62.2415 19.8494 19.2354 37.1214 25.1794 45.2769 29.1548 33.9559 12.2066 37.3363 3.60555 21.0238 14.8661 25.4951
     29 15.5242 14.3178 34.6554 33.0151  19.105 2.23607 49.0408 18.4391      25 29.6142 35.2278 22.2036 6.40312 27.5136 10.4403 31.3847       0 21.0238 31.3847 46.0977 40.2616 41.1947 29.2746 35.2278 20.5913 17.1172 19.3132 3.60555 16.1245 47.7074 27.5862 11.7047 49.2443 16.7631 20.8087 23.3452 46.1736 28.4253      23 31.3847 14.3178 22.2036 33.6006 45.4533 24.2074 28.4605 33.2415 16.6433 13.8924  37.108 39.8121 41.8688 41.0488 16.2788 31.3209  33.121 12.3693 26.9258 36.6197  19.105 13.8924      15 38.9102 42.8019 23.2594  28.178 10.6301 32.0624 8.06226
48.8365 34.3657 13.6015 46.4866 12.8062 23.7697 19.3132 68.3593 5.09902 10.8167 32.0156 49.2443 10.8167 27.2947 19.7231 16.0312 18.2483 21.0238       0 48.0937 65.2763 58.0086 61.3922 49.7293  54.231 37.0135 37.6431      15 17.4642 11.4018 61.4003      11 30.4138 64.9384      25 36.1248 13.6015 63.1981 41.9762 42.9535 39.3573  6.7082 33.2415 13.6015 54.5894       6 33.2866 15.5242      33 17.4642 38.8973      45 24.3516  25.318 17.4642      35 54.1202 16.2788 6.08276 45.1774       7 33.4215 28.1603 44.4072 25.9615  19.105  17.088 12.0416 28.6007  20.025
     12 16.1245 35.0143 12.6491 56.4358 49.3964 31.6228 22.3607  47.676 55.3173 28.6007       8 42.4264 28.8444 40.4969 32.0624 47.4342 31.3847 48.0937       0 19.2354  10.198      20      16      10 11.1803 18.4391 36.4966 33.5261 47.1275 17.8045 48.6621 19.6977 17.8885 24.3311      12 54.4059 15.1327 9.21954 13.4164 19.8494 42.4264  17.088 56.5685      23 48.0937      25 53.3667 15.2971 45.1885  31.241 26.8328 59.4643 56.4624  32.249 26.9072      28      32  54.037 19.6977 49.0306 32.5576      20 25.9422 59.2368  54.626 43.9659 36.2215 36.8917 28.2843
17.2627 31.0161 52.9528 29.6985 74.7329 61.4003 47.0106 3.16228 64.0078 71.0634 47.7074 24.0416 60.8769 41.5933 59.6154 49.4975 66.4831 46.0977 65.2763 19.2354       0 9.89949 8.60233 18.3848 11.0454 28.8617 29.4279 55.0818 49.0102 62.2013 23.7697 67.1863 35.0143 17.0294 43.0116 30.3645 69.3542 11.1803 28.3019 23.1948 38.4187 59.0762 36.2491 74.9533 36.2353 66.0984 44.1022 72.1249 32.5576 58.8558 49.5782 43.9318 78.5493 75.6439 50.6952 45.8039 25.4951 49.8197 71.3442 36.7967 65.0077 41.7852 38.0789 43.1856 78.3901 68.2495 62.9682 53.2353 56.0803 45.2769
14.1421 24.7386 45.0999  19.799 66.6108 57.2713 40.7922 12.8062 57.3149 64.7765 38.0789 14.1421 52.6118 36.7696 50.5964      42 57.5674 40.2616 58.0086  10.198 9.89949       0 14.1421 17.2047  7.2111      21 25.0599 46.6905 42.7551 56.2939 16.0312 58.8558 28.6356 11.6619 34.5254 22.0907  63.561 6.40312 18.7883  18.868 28.6007 52.1536 27.2029 66.7533 26.9258 58.2151 34.4819  63.561   25.02 53.7587 39.6989 34.0588 69.5701 66.4831 42.4264 36.0555 27.8568 42.0476      64 26.9072 58.5491  38.833 30.0666 33.3017 69.2892 63.2456 54.1202 46.0435 46.5296 38.0526
12.6491 27.2029   49.98  32.249 71.7844 54.9181 42.4264      10 59.5399 66.1211 48.1041 26.8328 58.3095      36 58.3095 46.1736 64.8845 41.1947 61.3922      20 8.60233 14.1421       0      12      10 26.9258 24.0832 52.8015 44.4072 57.0351 30.0167  64.622 31.0483 24.3311 41.1825 28.8444      64 18.2483 29.0689 18.4391 39.8246 54.9181  35.609  72.111 40.8044 62.9365 44.5533  69.857 29.9666 53.0848  51.225 46.6476 76.9415 74.4312 48.3322 46.6905 16.9706 46.8188 67.4685 39.4462 60.2993 34.9285 35.7771  45.793  77.026 62.2896 61.2944 49.4773 56.0803 41.7612
      4 16.1245 38.9102 28.2843 60.5392 43.1741 30.5941 20.8806  47.676 54.1479 40.2244      24 47.4131      24 48.4149 34.9285 54.6443 29.2746 49.7293      16 18.3848 17.2047      12       0      10 17.8045 12.1655   42.19 32.5576 45.0444 31.9531 53.6656 19.6977 28.8444  31.241      20      52 23.4307 23.0868  7.2111 33.6155 43.1741 27.2029 60.9262      39 51.6236 36.8917 59.0593 19.8494 41.1096 44.7214 41.7612 66.5733  64.405 37.7359 39.4462      12 35.7771 55.7853 34.9285 48.3735 23.4094 25.6125 40.8044 66.8506 50.3587 51.0392 37.9473 47.5079 30.4631
 7.2111      20 41.9762 22.3607 63.7887  51.264 36.0555 14.1421      53 60.1332 38.2884  17.088      50 31.0483 49.1935 38.4708 55.9464 35.2278  54.231      10 11.0454  7.2111      10      10       0 18.0278 18.9737 44.2719 38.0526 51.3517  22.561 56.3205      24  18.868  32.311 19.6977 58.5491 13.4536  19.105 12.6491 29.8329 48.0416 26.0768 64.0312 31.5753  55.109 34.7131 61.3514  21.587 48.2701 41.2311 36.7151 68.0294 65.2993 39.8497 36.7696 20.8806  38.833 60.2993 29.5296  54.037  32.249 27.2029 35.8469 67.9779 57.7235 52.3927   42.19 46.4004 34.2345
14.8661  6.7082 24.1868 15.6525 45.8912 39.2046 20.6155 32.0156 36.4966 44.1475 22.4722 14.8661 32.0156  19.105 31.3847      21 38.0132 20.5913 37.0135 11.1803 28.8617      21 26.9258 17.8045 18.0278       0 12.0416 26.2488 22.4722 36.0555 27.2029 38.3275 9.21954 28.7924 14.3178 2.23607 43.3244 26.3059 8.94427 11.1803 17.1172  31.257 9.43398 46.0977  27.313 37.3363 19.2354 43.3244 4.12311 34.4819 27.5136 26.0192 50.0899 47.5079 21.8403 21.9317 28.2312  21.095      43 20.2237  37.855 24.5967 9.21954   25.02 50.1199 43.8292 34.4384 25.0799 29.7321 17.1172
12.1655 6.32456 27.4591 27.2029 48.7545  32.311 18.4391  32.249 35.5106 42.0476 32.8938 25.0599 36.0555 12.1655 38.2099 23.3238 43.9318 17.1172 37.6431 18.4391 29.4279 25.0599 24.0832 12.1655 18.9737 12.0416       0  31.241 20.3961      33 36.2353   42.19 8.48528  35.609 21.6333      14   40.05 31.3847 20.6155 6.32456 29.0172 31.0483 20.3961 49.1935 38.8973 39.8121 30.0832 47.7074 11.4018 29.4279  38.833      38 55.6058 53.8145 26.9072 32.9848 18.4391 24.4131 43.6807  32.249 36.2215 14.1421 16.1245      37 56.0803  38.833 40.3609      26 38.9487  18.868
40.2492 26.0768 5.09902 32.5576  20.025 32.5576  17.088 58.2409 17.8045 25.4558 17.0294 36.0555       6 25.0599 8.24621 8.94427 12.7279 19.3132      15 36.4966 55.0818 46.6905 52.8015   42.19 44.2719 26.2488  31.241       0 16.4924 21.9317  47.676 12.1655 22.8035 52.0384 12.1655 24.7386 27.2029 51.1566      29 34.9857 24.6982 13.4164      20 20.0998 39.8121 12.3693 18.3576  17.088 22.8473 25.4951 24.0832      30 24.4131 22.6274 4.47214      20 49.5177  7.2111 19.6977 30.4631      20 33.1059  17.088 29.4109 24.8395  31.305 9.21954      10 14.8661 12.8062
32.0624 18.1108 11.4018  35.609 29.4109  18.868       2      52 15.1327 22.0907 28.4605 36.7151  18.868      10 24.7386       8  28.178 3.60555 17.4642 33.5261 49.0102 42.7551 44.4072 32.5576 38.0526 22.4722 20.3961 16.4924       0 13.6015 49.2443 24.0832 14.1421  51.264 16.1245 22.3607 20.8806 48.5077 29.6816 26.0768 31.4006 10.7703 22.6274      30 45.9674 20.6155 27.7308 29.7321 18.3848 12.7279 36.0555 39.4462 38.4187 37.7359      14 30.4631 36.7151      10 23.4094 36.8782      16 17.2047 15.6205 38.5876 39.4081 21.6333 25.0799  7.2111 30.0167  7.2111
45.0444 31.5753 18.0278 48.5489 23.7065 12.3693 15.5242  65.123 6.32456 9.21954 38.0132 50.0899 20.2237  21.095 28.8617 17.6918      29 16.1245 11.4018 47.1275 62.2013 56.2939 57.0351 45.0444 51.3517 36.0555      33 21.9317 13.6015       0 62.6099 22.2036 27.6586  64.846 27.6586 35.8469 7.28011 62.0967 42.9418 39.0512 43.1856   8.544 35.2278 24.5967  58.258 17.2627 38.2884 26.9258 31.9531 6.40312 45.4863 50.3289 35.7351 36.6742 22.2036 40.6079 47.1275  19.105      15 48.9183       5 25.0799 28.6531 49.5782 37.3631 9.43398 27.1662 13.4536 36.7696 19.7231
28.2312 33.3017 47.8017 15.1327 67.3647 66.4003 47.5079  25.632 62.0322 70.0071 34.1321   12.53 53.6004 46.0977      49 45.8803 56.0089 47.7074 61.4003 17.8045 23.7697 16.0312 30.0167 31.9531  22.561 27.2029 36.2353  47.676 49.2443 62.6099       0 59.3043 36.4005 7.81025 36.4005 26.9258 69.7782 12.6491 19.6977 31.0644 24.0208  56.648 28.1603 67.2681 14.2127 60.0167 31.0161 63.0317 31.0644 61.5873  32.573 25.0799 67.2681 63.5059 44.1475  31.257 43.4166 45.2217 66.9403 19.4165 63.6946 50.3289 34.0147 24.6982 66.4831 70.8308 53.0094 50.3289 42.4264 42.9535
     52 37.5766 14.7648 44.1814 8.06226 34.5254 25.4558  70.342 16.0312 20.8806 26.5707      48 6.32456 33.9411 11.6619  18.868 7.61577 27.5862      11 48.6621 67.1863 58.8558  64.622 53.6656 56.3205 38.3275   42.19 12.1655 24.0832 22.2036 59.3043       0      34      64 24.3311 36.8782 24.3311 63.2851 41.0488 46.5188 35.6931 15.2315 32.0624       8 50.2892       5 28.8617 5.65685 34.7851 27.8927  32.249 39.3954 14.4222 14.5602 16.4924 29.7321      60 17.8885 11.6619 41.2311      18 41.2311 29.1204      39 15.6525 30.0666 7.81025 16.9706 20.8087 23.3238
18.4391       4 19.2354 24.4131 40.8534      30 12.1655 38.0526      29 36.2215 25.4951 24.0832 27.7849      10 29.7321 15.2315 35.4683 11.7047 30.4138 19.6977 35.0143 28.6356 31.0483 19.6977      24 9.21954 8.48528 22.8035 14.1421 27.6586 36.4005      34       0 37.5766 13.4164      10 34.9285 34.4819 17.8045 12.6491 23.5372 24.0832 14.1421 41.2311 35.8469 31.9531 23.0868 39.4462 5.83095 25.4951 32.0624 32.5576 47.2017 45.3431 18.4391 26.0768 26.9072 16.1245 36.4966 27.8568 30.0666 16.4924 8.24621 31.5753  47.634 34.9285 31.8904 18.4391 30.8707 10.7703
25.6125      34 51.4782 20.3961 72.0069 67.2309 49.3964 18.4391      65 72.8011  40.025      16 58.0345 46.6476 54.3323 49.0306 61.4003 49.2443 64.9384 17.8885 17.0294 11.6619 24.3311 28.8444  18.868 28.7924  35.609 52.0384  51.264  64.846 7.81025      64 37.5766       0 40.1995 29.1204  72.111 6.08276 23.0868 29.7321 29.8329 59.6657 32.0624      72 21.9317  64.195 36.6742 68.1175 32.8938 63.0714 39.3954  32.249 72.9932 69.4262 48.1664 37.3631 39.3954 48.6621 70.7107      26 66.4831  49.679 36.8782 31.7648 72.3671 72.4983 58.2151 53.3667 48.5077  45.607
28.8444 15.6205 11.4018 21.5407 32.1403 34.9857 15.2315 46.1736 25.9422      34 13.0384 24.3311 18.1108      20 17.2047      10 23.7065 16.7631      25 24.3311 43.0116 34.5254 41.1825  31.241  32.311 14.3178 21.6333 12.1655 16.1245 27.6586 36.4005 24.3311 13.4164 40.1995       0 12.6491 34.4093 39.0512 17.1172 24.0832 15.5563 20.5913 8.24621  32.249 30.6105 24.0208 11.7047 29.1204 11.4018 28.6007 20.3961 23.3238 35.7771 33.2866       8 14.5602      40 8.94427 30.5941 21.2603 27.7849 28.0713 5.65685 22.4722 35.8469 36.7696 20.1246 14.4222 17.4642 8.94427
16.9706 8.24621 23.0217 14.4222 44.5533 39.6989 20.5913 33.5261 35.9026 43.6807 20.2485 14.4222 30.5941      20 29.5296 20.0998 36.2491 20.8087 36.1248      12 30.3645 22.0907 28.8444      20 19.6977 2.23607      14 24.7386 22.3607 35.8469 26.9258 36.8782      10 29.1204 12.6491       0 43.0813  27.074 7.81025 13.4164 15.0333 30.5941  7.2111 44.7214 25.9422 36.1248      17 41.7612 4.24264 34.6699 25.2982      24 48.3322 45.6508 20.3961 19.6977 30.4631      20 42.0476 18.4391 37.3631      26       8      23 48.3011  43.909 32.6956 24.3311 27.5862 16.4924
52.1536  38.833 24.0416 55.5698 23.3452 14.1421 22.8035 72.2496 9.43398 4.47214 43.9318 57.2713 24.1661      28 33.1059 24.4131 31.7805 23.3452 13.6015 54.4059 69.3542  63.561      64      52 58.5491 43.3244   40.05 27.2029 20.8806 7.28011 69.7782 24.3311 34.9285  72.111 34.4093 43.0813       0 69.3758 50.0899 46.1736 49.8197 14.1421   42.19 24.3311      65 19.4165 44.5533      28 39.2173 11.4018  51.225 56.5685 36.2215      38 28.2843 46.6905 53.3667 25.6125 14.1421 55.6058  7.2111 31.0483 35.7771 55.8659 38.1182 6.32456 30.6757      20 41.6773 26.8328
20.5183 30.6757   50.01 21.4709 71.1758 63.5059 46.5725      13 62.8013  70.406 40.8534 16.1555 57.1402 42.9535 54.3415 47.1699 61.3922 46.1736 63.1981 15.1327 11.1803 6.40312 18.2483 23.4307 13.4536 26.3059 31.3847 51.1566 48.5077 62.0967 12.6491 63.2851 34.4819 6.08276 39.0512  27.074 69.3758       0 22.3607 25.2389 30.8707 57.5587  31.257 71.2531  25.807 63.0079 37.3363 67.7422 30.4138  59.808 41.3401 34.8281 73.2462 69.9214 47.0425 38.4838  33.541 47.0425 69.1158 28.0179 64.1327 45.2217 35.0571 34.2053 72.8011 69.2892 58.0517 51.3517 49.3964 43.4166
19.3132 15.6525 28.4429  6.7082 49.0102 47.4236 28.0179 31.3847 42.3792 50.3289 19.4165 7.28011      35 27.8029 32.0156 26.2488 39.0512 28.4253 41.9762 9.21954 28.3019 18.7883 29.0689 23.0868  19.105 8.94427 20.6155      29 29.6816 42.9418 19.6977 41.0488 17.8045 23.0868 17.1172 7.81025 50.0899 22.3607       0 18.0278 10.8167      37       9 49.0408 18.3848 41.1096 15.8114 45.3982 12.0416 42.2019 22.2036 18.6815 50.9608 47.7598 25.0799 17.6918 34.7131 25.7099  47.676 12.0416 44.0114  33.541 14.3178   17.72 50.5964 51.3128 35.6931 30.6757 27.7849 23.2594
      6 8.94427 31.7805 24.0832 53.4883 38.6264 24.0832 26.0768 41.1947      48 33.6155 20.8806 40.2492 18.4391 41.2311 27.8568 47.4342      23 42.9535 13.4164 23.1948  18.868 18.4391  7.2111 12.6491 11.1803 6.32456 34.9857 26.0768 39.0512 31.0644 46.5188 12.6491 29.7321 24.0832 13.4164 46.1736 25.2389 18.0278       0 27.8927 36.4966 20.5913 53.8516 35.5106 44.5982 30.4138 51.8845 12.7279 35.6931 38.6264 36.4966 59.3633 57.2014 30.5287 33.1059  17.088 28.6356 49.0306 30.0666 42.0476      20 18.4391 35.5106 59.6406 45.1221 43.8292 31.0483 40.6079 23.4094
29.9666 23.0217 26.0768 9.48683 43.7379 50.2195 30.2324 41.4005 41.0488 49.0918  10.198 14.7648 30.3645 32.8938   25.02 25.4951      32 31.3847 39.3573 19.8494 38.4187 28.6007 39.8246 33.6155 29.8329 17.1172 29.0172 24.6982 31.4006 43.1856 24.0208 35.6931 23.5372 29.8329 15.5563 15.0333 49.8197 30.8707 10.8167 27.8927       0  35.805 9.48683  43.566 15.2643      37       7 39.1152 18.1108 44.0454 11.4018 9.05539 43.2897 39.6232 21.9545 7.61577 44.9222 24.2074 44.3847 5.83095 43.0116  40.025 16.5529 8.06226 42.5793 52.3259 29.0689 29.8329 18.6815 24.2074
42.4264 28.0713 9.89949 42.0476  19.105      20 12.6491 62.1289 5.38516 13.4164 29.8329 44.2719      12 20.5913 20.3961 10.7703 21.2132 14.3178  6.7082 42.4264 59.0762 52.1536 54.9181 43.1741 48.0416  31.257 31.0483 13.4164 10.7703   8.544  56.648 15.2315 24.0832 59.6657 20.5913 30.5941 14.1421 57.5587      37 36.4966  35.805       0 28.6356  19.799 51.0392 10.8167 30.4138 20.5913 27.1662 13.0384 37.2022 42.4264 29.5296 29.7321 14.1421 32.5576 47.4131 11.6619 12.6491 41.6173  7.2111 26.9072 22.8035 41.7253 30.8707 17.8885      19 6.32456 28.2312 14.1421
24.0832 14.1421 19.6469 13.4164 40.0125 41.2311 21.2603 39.3954 34.0147 42.0476 13.0384 16.1245      26 23.4094 23.4094 17.8885 30.3645 22.2036 33.2415  17.088 36.2491 27.2029  35.609 27.2029 26.0768 9.43398 20.3961      20 22.6274 35.2278 28.1603 32.0624 14.1421 32.0624 8.24621  7.2111   42.19  31.257       9 20.5913 9.48683 28.6356       0   40.05 23.3452 32.1403 9.84886 36.4966 9.05539 35.3553 18.4391 18.4391 42.3792 39.3954 16.1245 12.6491 37.5766  17.088  38.833 14.4222 35.7771 30.5941  7.2111 17.4642 42.1545 44.0454 26.9258 22.3607 20.5183 15.6205
59.4643 44.9444 22.1359 52.1536       1 36.7696 31.6228 78.1025 18.3576 20.0998 34.2053      56 14.1421      40 18.9737      26 13.0384 33.6006 13.6015 56.5685 74.9533 66.7533  72.111 60.9262 64.0312 46.0977 49.1935 20.0998      30 24.5967 67.2681       8 41.2311      72  32.249 44.7214 24.3311 71.2531 49.0408 53.8516  43.566  19.799   40.05       0 57.9741 9.43398 36.6742 5.65685   42.45 30.8869 39.3954 46.8188      12 14.5602 24.3311 37.3631 66.5733 25.2982  10.198 49.0306 19.6977 46.6905 36.8782 46.4866 14.0357 30.5941 14.8661 23.3238 27.7308 30.4631
     35 34.0147 41.3401 11.7047 58.2409 64.5368 44.5982 38.5876 56.3028 64.3506 23.7697      15   45.31  45.793 39.0512 40.6079 45.7056 45.4533 54.5894      23 36.2353 26.9258 40.8044      39 31.5753  27.313 38.8973 39.8121 45.9674  58.258 14.2127 50.2892 35.8469 21.9317 30.6105 25.9422      65  25.807 18.3848 35.5106 15.2643 51.0392 23.3452 57.9741       0      52 21.5407 53.1507 30.0167 58.6941  20.025 12.0416 56.0803 52.0096 37.2156 20.6155      51 39.4081 59.5063 9.43398 58.2495 51.8941 30.4795      12 55.0091 67.2681 43.1741      45 31.1448 38.8973
50.2892 35.7351 13.1529  44.911 8.94427 29.6142 22.2036 69.2315 11.0454 16.1555 28.6531 48.2597  6.7082 30.6105 14.8661 16.7631 12.3693 24.2074       6 48.0937 66.0984 58.2151 62.9365 51.6236  55.109 37.3363 39.8121 12.3693 20.6155 17.2627 60.0167       5 31.9531  64.195 24.0208 36.1248 19.4165 63.0079 41.1096 44.5982      37 10.8167 32.1403 9.43398      52       0 30.4631 9.84886  33.541 23.0868      35 41.6773 18.7883 19.4165 16.0312 31.7648 57.1402 16.2788 7.81025   42.72      13 37.4833 28.1603 41.1825 20.2485 25.0799 11.6619 13.8924 24.0416 21.1896
33.6006 23.7697 20.5183 16.2788 36.8782 46.5296 26.9258 47.1699 35.4683 43.4166 3.60555 21.1896 23.7697  31.257 18.0278 20.8087      25 28.4605 33.2866      25 44.1022 34.4819 44.5533 36.8917 34.7131 19.2354 30.0832 18.3576 27.7308 38.2884 31.0161 28.8617 23.0868 36.6742 11.7047      17 44.5533 37.3363 15.8114 30.4138       7 30.4138 9.84886 36.6742 21.5407 30.4631       0 32.1403 18.6815 39.9625       9 12.0416 36.3456 32.7567 16.2788       3 47.4236 19.2094 38.0132 12.3693 37.5366 39.0512      15 11.3137 35.6931  47.634 22.0907 24.8395  12.083 20.6155
57.2713 42.9418 20.2485      48 6.40312 39.2938 31.1127 75.2861 20.6155 24.0832 29.4279 52.1536 11.6619  39.598 14.1421 24.4131 7.61577 33.2415 15.5242 53.3667 72.1249  63.561  69.857 59.0593 61.3514 43.3244 47.7074  17.088 29.7321 26.9258 63.0317 5.65685 39.4462 68.1175 29.1204 41.7612      28 67.7422 45.3982 51.8845 39.1152 20.5913 36.4966 5.65685 53.1507 9.84886 32.1403       0 39.9249 32.8938  34.176 41.7612 8.94427      10 21.5407 32.5576 65.6049 23.3238 14.1421 44.4072 22.3607 46.8615  34.176 41.4849 10.4403 34.0588 10.0499 22.6274 22.4722 28.8444
17.4929 5.09902 20.3961 18.6011 42.2019 35.4683 16.5529 35.6931 32.3883  40.025 21.5407 18.6011 28.4605 15.8114 28.6007 17.0294 34.9857 16.6433      33 15.2971 32.5576   25.02 29.9666 19.8494  21.587 4.12311 11.4018 22.8473 18.3848 31.9531 31.0644 34.7851 5.83095 32.8938 11.4018 4.24264 39.2173 30.4138 12.0416 12.7279 18.1108 27.1662 9.05539   42.45 30.0167  33.541 18.6815 39.9249       0 30.5287 27.4591 27.1662 47.0106 44.6542 18.3848  21.587 29.1548 17.2627 39.0128 22.1359 33.7343 22.1359 5.83095 26.1725 47.1699 39.8246 31.3847 21.0238 28.0179 13.0384
41.5933 29.1548 20.8806 48.2701 30.0167 7.07107 14.2127 61.6604   12.53 14.7648 40.2492 49.0918   25.02 17.2627 33.1361 19.2354 34.2345 13.8924 17.4642 45.1885 58.8558 53.7587 53.0848 41.1096 48.2701 34.4819 29.4279 25.4951 12.7279 6.40312 61.5873 27.8927 25.4951 63.0714 28.6007 34.6699 11.4018  59.808 42.2019 35.6931 44.0454 13.0384 35.3553 30.8869 58.6941 23.0868 39.9625 32.8938 30.5287       0 47.8539 51.8652 41.7852   42.45 24.6982 42.5441 41.9762 21.0238 21.4009 49.5782 11.4018 19.6469 28.3196 51.0392 43.3244 9.48683 32.0156 15.8114 40.2616 19.8494
41.1825 32.5576 27.4591      20 39.8121  54.626 35.4401 52.4976 41.8688 49.5177 7.61577 25.6125 28.4253 40.1995 20.5913 28.6356 26.5707  37.108 38.8973  31.241 49.5782 39.6989  51.225 44.7214 41.2311 27.5136  38.833 24.0832 36.0555 45.4863  32.573  32.249 32.0624 39.3954 20.3961 25.2982  51.225 41.3401 22.2036 38.6264 11.4018 37.2022 18.4391 39.3954  20.025      35       9  34.176 27.4591 47.8539       0       8 36.2215 32.0624 23.3238       6 55.7136 26.8328 42.8019 13.4164 44.0454 48.0416      24 8.06226 35.0571 54.9181 24.5967  32.249 11.7047 29.1204
37.9473 32.0624 32.5269 14.4222 47.1699 58.3095 38.4708 46.6905 47.4236 55.3173 13.0384      20 34.9857 41.7612 27.8568 32.8024 34.2053 39.8121      45 26.8328 43.9318 34.0588 46.6476 41.7612 36.7151 26.0192      38      30 39.4462 50.3289 25.0799 39.3954 32.5576  32.249 23.3238      24 56.5685 34.8281 18.6815 36.4966 9.05539 42.4264 18.4391 46.8188 12.0416 41.6773 12.0416 41.7612 27.1662 51.8652       8       0 44.1814   40.05 28.2843      10 53.3667  31.241 49.3964  7.2111 49.5177 49.0306 25.2982       1 43.0465 59.6657 31.9531 36.8782 19.4165  32.249
64.4981 50.4777 28.3196 52.6118      13 48.0833 39.6989 81.7068 29.4109 32.0624 33.1361 57.2713  19.799 48.1664 18.9737 32.5576  12.083 41.8688 24.3516 59.4643 78.5493 69.5701 76.9415 66.5733 68.0294 50.0899 55.6058 24.4131 38.4187 35.7351 67.2681 14.4222 47.2017 72.9932 35.7771 48.3322 36.2215 73.2462 50.9608 59.3633 43.2897 29.5296 42.3792      12 56.0803 18.7883 36.3456 8.94427 47.0106 41.7852 36.2215 44.1814       0 4.47214 28.8444 36.0555 73.7564  31.241 22.0907 48.0416 31.0483 55.6058 41.1825 44.1022 2.23607 42.4264 15.6525  31.241      25 36.8782
62.1289 48.4149 27.0185 49.0306 15.5242 49.0306  38.833 78.7909 30.4138 34.0588 29.4279 53.8516  18.868 47.2017 16.1245  31.241 9.89949 41.0488  25.318 56.4624 75.6439 66.4831 74.4312  64.405 65.2993 47.5079 53.8145 22.6274 37.7359 36.6742 63.5059 14.5602 45.3431 69.4262 33.2866 45.6508      38 69.9214 47.7598 57.2014 39.6232 29.7321 39.3954 14.5602 52.0096 19.4165 32.7567      10 44.6542   42.45 32.0624   40.05 4.47214       0 26.9072  32.249 72.1388 29.7321 24.0832 44.1814  32.249 54.9181  38.833 40.0125       3 44.0454 13.4536 30.5287  21.095 35.3836
35.7771 21.6333 4.24264 29.1204 24.1868 31.6228 14.1421 53.8516 19.2094 27.2029 15.8114  32.249  10.198 21.5407 11.6619       6 17.0294 16.2788 17.4642  32.249 50.6952 42.4264 48.3322 37.7359 39.8497 21.8403 26.9072 4.47214      14 22.2036 44.1475 16.4924 18.4391 48.1664       8 20.3961 28.2843 47.0425 25.0799 30.5287 21.9545 14.1421 16.1245 24.3311 37.2156 16.0312 16.2788 21.5407 18.3848 24.6982 23.3238 28.2843 28.8444 26.9072       0 18.4391 45.2548       4 22.8035 27.7849 21.2603 29.7321 12.6491 27.5862 29.2062 31.6228 13.4536 8.94427 16.0312 8.94427
36.0555 26.6833 22.6716  17.088 37.6431 49.1935 29.7321 48.8262 37.4833 45.3431 3.16228 22.3607 25.0599 34.2345 18.4391 23.3238 25.1794 31.3209      35 26.9072 45.8039 36.0555 46.6905 39.4462 36.7696 21.9317 32.9848      20 30.4631 40.6079  31.257 29.7321 26.0768 37.3631 14.5602 19.6977 46.6905 38.4838 17.6918 33.1059 7.61577 32.5576 12.6491 37.3631 20.6155 31.7648       3 32.5576  21.587 42.5441       6      10 36.0555  32.249 18.4391       0 50.1597 21.6333 39.4462      12  39.598 42.0476      18 9.43398 35.2278      50  22.561 27.2029 11.1803 23.4094
     16 24.4131 45.4533 40.1995 66.0379 42.0476 34.9857 26.9072 51.0784 56.3205 50.5371      36  54.037 26.8328 56.6392 41.2311 62.2415  33.121 54.1202      28 25.4951 27.8568 16.9706      12 20.8806 28.2312 18.4391 49.5177 36.7151 47.1275 43.4166      60 26.9072 39.3954      40 30.4631 53.3667  33.541 34.7131  17.088 44.9222 47.4131 37.5766 66.5733      51 57.1402 47.4236 65.6049 29.1548 41.9762 55.7136 53.3667 73.7564 72.1388 45.2548 50.1597       0 42.5206 59.9333 46.6905  51.264 22.3607 34.4093 52.3927 74.3303 50.3587 58.6941 43.2666 57.1402 36.8782
 34.176 19.6977 3.16228 30.4631      25 27.8568  10.198 52.9528      17 25.0599 19.2354 32.9848 11.6619 17.8885 15.2315       2 19.8494 12.3693 16.2788      32 49.8197 42.0476 46.8188 35.7771  38.833  21.095 24.4131  7.2111      10  19.105 45.2217 17.8885 16.1245 48.6621 8.94427      20 25.6125 47.0425 25.7099 28.6356 24.2074 11.6619  17.088 25.2982 39.4081 16.2788 19.2094 23.3238 17.2627 21.0238 26.8328  31.241  31.241 29.7321       4 21.6333 42.5206       0 22.0907      30  18.868      26      12 30.4795 31.8277 28.4253 16.4012 5.65685  20.025 5.65685
54.9181 40.4475 19.2354  51.923 9.21954 26.8328 25.2982 74.4312 9.21954      10 36.3593 54.9181 14.4222 33.1059 22.6274      22 19.2354 26.9258 6.08276  54.037 71.3442      64 67.4685 55.7853 60.2993      43 43.6807 19.6977 23.4094      15 66.9403 11.6619 36.4966 70.7107 30.5941 42.0476 14.1421 69.1158  47.676 49.0306 44.3847 12.6491  38.833  10.198 59.5063 7.81025 38.0132 14.1421 39.0128 21.4009 42.8019 49.3964 22.0907 24.0832 22.8035 39.4462 59.9333 22.0907       0 50.1597      10  38.833 34.0588 48.8774 24.0208 20.3961 19.2094 18.1108 31.8277 26.0768
31.0483 26.6833 31.9061  7.2111 49.2443 55.6058  35.609  39.598 46.8722 54.9181 15.0333 12.8062 36.0555 37.5766 30.2655  31.241 37.1214 36.6197 45.1774 19.6977 36.7967 26.9072 39.4462 34.9285 29.5296 20.2237  32.249 30.4631 36.8782 48.9183 19.4165 41.2311 27.8568      26 21.2603 18.4391 55.6058 28.0179 12.0416 30.0666 5.83095 41.6173 14.4222 49.0306 9.43398   42.72 12.3693 44.4072 22.1359 49.5782 13.4164  7.2111 48.0416 44.1814 27.7849      12 46.6905      30 50.1597       0 48.8262 44.2719 21.6333 6.40312 47.1699      58 34.3657  35.609 23.0868 29.7321
48.0416 34.0588 17.0294 49.1935 18.7883  17.088      18      68 2.23607 6.32456 36.7967  51.264  17.088 24.7386      26 17.8885 25.1794  19.105       7 49.0306 65.0077 58.5491 60.2993 48.3735  54.037  37.855 36.2215      20      16       5 63.6946      18 30.0666 66.4831 27.7849 37.3631  7.2111 64.1327 44.0114 42.0476 43.0116  7.2111 35.7771 19.6977 58.2495      13 37.5366 22.3607 33.7343 11.4018 44.0454 49.5177 31.0483  32.249 21.2603  39.598  51.264  18.868      10 48.8262       0 29.5296 29.7321 48.8365 32.7567 12.1655 23.7697 13.4164 34.4819 20.8806
25.0599 17.8885  28.178 40.2492 46.0109 20.0998 16.1245 44.2719 29.6816  34.176 41.0122  38.833 36.0555 8.24621 41.2311 24.1661 45.2769 13.8924 33.4215 32.5576 41.7852  38.833 34.9285 23.4094  32.249 24.5967 14.1421 33.1059 17.2047 25.0799 50.3289 41.2311 16.4924  49.679 28.0713      26 31.0483 45.2217  33.541      20  40.025 26.9072 30.5941 46.6905 51.8941 37.4833 39.0512 46.8615 22.1359 19.6469 48.0416 49.0306 55.6058 54.9181 29.7321 42.0476 22.3607      26  38.833 44.2719 29.5296       0 24.0832 48.0521 56.6127 28.0713 42.0595 24.4131  44.911 20.8806
23.3238      10 15.0333      20 36.6742 34.0588 14.1421 41.2311 28.1603 36.0555 17.2627 21.5407 22.8035 16.4924 22.8035 12.1655 29.1548      15 28.1603      20 38.0789 30.0666 35.7771 25.6125 27.2029 9.21954 16.1245  17.088 15.6205 28.6531 34.0147 29.1204 8.24621 36.8782 5.65685       8 35.7771 35.0571 14.3178 18.4391 16.5529 22.8035  7.2111 36.8782 30.4795 28.1603      15  34.176 5.83095 28.3196      24 25.2982 41.1825  38.833 12.6491      18 34.4093      12 34.0588 21.6333 29.7321 24.0832       0 24.3516 41.3401 37.2022 25.5539 16.4924 22.8254 8.94427
     37 31.0644 31.8277 13.6015 46.8188 57.4543 37.5899 45.9674 46.7547 54.6717   12.53 19.2094 34.4819 40.8044 27.5136 32.0156 33.9559 38.9102 44.4072 25.9422 43.1856 33.3017  45.793 40.8044 35.8469   25.02      37 29.4109 38.5876 49.5782 24.6982      39 31.5753 31.7648 22.4722      23 55.8659 34.2053   17.72 35.5106 8.06226 41.7253 17.4642 46.4866      12 41.1825 11.3137 41.4849 26.1725 51.0392 8.06226       1 44.1022 40.0125 27.5862 9.43398 52.3927 30.4795 48.8774 6.40312 48.8365 48.0521 24.3516       0 43.0116 58.8982 31.6228 36.1248 19.2354 31.3847
64.6607 50.8035      29 51.9711 15.0333 49.7293 40.6079 81.5414 31.0483 34.0147 32.3883 56.7539 20.6155 49.0408 18.7883 33.2415 12.2066 42.8019 25.9615 59.2368 78.3901 69.2892  77.026 66.8506 67.9779 50.1199 56.0803 24.8395 39.4081 37.3631 66.4831 15.6525  47.634 72.3671 35.8469 48.3011 38.1182 72.8011 50.5964 59.6406 42.5793 30.8707 42.1545 14.0357 55.0091 20.2485 35.6931 10.4403 47.1699 43.3244 35.0571 43.0465 2.23607       3 29.2062 35.2278 74.3303 31.8277 24.0208 47.1699 32.7567 56.6127 41.3401 43.0116       0 44.2832 15.8114 32.2025 24.0832 37.4833
50.9902 38.6264 27.4591 57.2014 29.6142 8.94427 23.3238 71.0211 14.3178 10.7703 47.4342 58.3095 29.1204 26.6833 37.9473 26.9072 37.3363 23.2594  19.105  54.626 68.2495 63.2456 62.2896 50.3587 57.7235 43.8292  38.833  31.305 21.6333 9.43398 70.8308 30.0666 34.9285 72.4983 36.7696  43.909 6.32456 69.2892 51.3128 45.1221 52.3259 17.8885 44.0454 30.5941 67.2681 25.0799  47.634 34.0588 39.8246 9.48683 54.9181 59.6657 42.4264 44.0454 31.6228      50 50.3587 28.4253 20.3961      58 12.1655 28.0713 37.2022 58.8982 44.2832       0 35.9026 22.8035 46.0977 28.4253
48.8774      35 13.8924 38.0132 15.2315      39 25.9422 66.1287  21.587 27.7308 19.4165 42.2966       7 34.1321 4.12311 18.0278 3.60555  28.178  17.088 43.9659 62.9682 54.1202 61.2944 51.0392 52.3927 34.4384 40.3609 9.21954 25.0799 27.1662 53.0094 7.81025 31.8904 58.2151 20.1246 32.6956 30.6757 58.0517 35.6931 43.8292 29.0689      19 26.9258 14.8661 43.1741 11.6619 22.0907 10.0499 31.3847 32.0156 24.5967 31.9531 15.6525 13.4536 13.4536  22.561 58.6941 16.4012 19.2094 34.3657 23.7697 42.0595 25.5539 31.6228 15.8114 35.9026       0 18.0278 13.0384 22.0227
36.8782 22.3607 5.09902 35.7771 22.8254 22.8035 8.48528 56.3205 11.7047 19.6977 24.6982 37.9473 11.6619 16.9706 18.1108 4.47214 21.0238 10.6301 12.0416 36.2215 53.2353 46.0435 49.4773 37.9473   42.19 25.0799      26      10  7.2111 13.4536 50.3289 16.9706 18.4391 53.3667 14.4222 24.3311      20 51.3517 30.6757 31.0483 29.8329 6.32456 22.3607 23.3238      45 13.8924 24.8395 22.6274 21.0238 15.8114  32.249 36.8782  31.241 30.5287 8.94427 27.2029 43.2666 5.65685 18.1108  35.609 13.4164 24.4131 16.4924 36.1248 32.2025 22.8035 18.0278       0 24.5153       8
44.5533 32.7567 19.4165 28.1603  28.178 47.2969 30.0167 59.1692  32.249 39.4081   8.544 33.2415 17.8045 36.6742 9.21954 22.0227 14.8661 32.0624 28.6007 36.8917 56.0803 46.5296 56.0803 47.5079 46.4004 29.7321 38.9487 14.8661 30.0167 36.7696 42.4264 20.8087 30.8707 48.5077 17.4642 27.5862 41.6773 49.3964 27.7849 40.6079 18.6815 28.2312 20.5183 27.7308 31.1448 24.0416  12.083 22.4722 28.0179 40.2616 11.7047 19.4165      25  21.095 16.0312 11.1803 57.1402  20.025 31.8277 23.0868 34.4819  44.911 22.8254 19.2354 24.0832 46.0977 13.0384 24.5153       0 24.1868
29.1204 14.5602 8.60233 28.8444 30.0832 26.0768 6.32456 48.3735 19.4165 27.2029  21.587 30.4631 17.2047 12.6491 20.5913 4.47214 25.4951 8.06226  20.025 28.2843 45.2769 38.0526 41.7612 30.4631 34.2345 17.1172  18.868 12.8062  7.2111 19.7231 42.9535 23.3238 10.7703  45.607 8.94427 16.4924 26.8328 43.4166 23.2594 23.4094 24.2074 14.1421 15.6205 30.4631 38.8973 21.1896 20.6155 28.8444 13.0384 19.8494 29.1204  32.249 36.8782 35.3836 8.94427 23.4094 36.8782 5.65685 26.0768 29.7321 20.8806 20.8806 8.94427 31.3847 37.4833 28.4253 22.0227       8 24.1868       0

