      0 53.2259  21.095 19.7231 24.2074 14.8661 39.5601 16.7631 40.1622 8.06226 24.5153 10.6301 34.9285  27.313 44.5533 31.0161      47 47.0106 53.0377 34.4819 35.3836 48.8774 16.0312 33.8378 48.3839 27.8029 22.3607      15
53.2259       0 34.2053 38.4708 53.4135 43.9318 36.7696 42.5206 14.1421 46.6476      30 51.4004 20.5183 41.0488 16.4924 29.4109 53.6656 22.0227 17.2047 43.8634 24.1868 6.32456  38.833 37.5766 8.24621 26.6833 44.0114 61.2209
 21.095 34.2053       0 18.6011 21.8403      20 35.6931 8.60233 20.2485 13.3417 4.24264 17.2047 14.3178 13.6015 23.5372 10.4403 49.6588 26.0192 38.9102 21.0238 24.1868 31.1448 5.09902 17.0294  28.178 15.0333 26.2488 27.0185
19.7231 38.4708 18.6011       0 36.3456 5.83095 20.3961 22.8035 28.2843 18.1108 18.4391 25.1794  25.632 31.7648 35.4401 27.6586 31.6228 40.3113 34.4093 39.4462 16.6433 32.9848  17.088  35.609 36.0555      12 7.81025 33.5261
24.2074 53.4135 21.8403 36.3456       0 34.4819 56.0089 14.0357 39.4081 19.3132  25.632 13.6015 33.0151 12.8062 38.9487 24.0832 67.6831 37.7359 60.5392 15.1327 45.8912 51.6236  20.025 18.7883 46.0109 36.6742   42.45 15.5242
14.8661 43.9318      20 5.83095 34.4819       0 24.6982 21.9545 33.0151 15.2971 21.0238 22.0907 29.6142 32.0156 39.6232 30.0167 33.3766 43.9659 40.2244 39.8246 22.4722 38.6005 17.0294 36.7967 41.0122 17.2627 8.06226 29.4279
39.5601 36.7696 35.6931 20.3961 56.0089 24.6982       0 42.0476 33.9411 38.4708 33.5261 45.5412 35.2278 49.2443 42.4264 41.6293 17.2047 48.8365      24 56.3205 14.8661 30.4631 36.0555  51.264  38.833 21.5407 18.0278 53.8516
16.7631 42.5206 8.60233 22.8035 14.0357 21.9545 42.0476       0 28.4253 8.94427 12.8062 9.48683 22.2036 10.8167 30.4631 15.5242 54.4059 31.5753 47.4131 18.4391 32.0156 39.6989       6  17.088 36.0555 22.8035 29.5466  18.868
40.1622 14.1421 20.2485 28.2843 39.4081 33.0151 33.9411 28.4253       0 33.1059 16.1245 37.4433 6.40312 27.2947 8.48528 15.6525 50.9902      15      24 31.0483  19.105 12.6491 25.0599 24.7386 8.24621 16.4924  35.171 47.2017
8.06226 46.6476 13.3417 18.1108 19.3132 15.2971 38.4708 8.94427 33.1059       0  17.088 7.07107 27.5136 19.7231 36.8782      23 48.6621 39.0512 48.4149 27.2029 31.3847 42.8019 8.24621      26 41.2311 22.8035 23.3452 16.1245
24.5153      30 4.24264 18.4391  25.632 21.0238 33.5261 12.8062 16.1245  17.088       0 21.4009 10.4403 16.0312 20.0998 9.21954 48.3735 23.3452 34.9285 22.8035      21 26.9072 8.94427 17.8885 24.1661 12.1655 26.2488  31.241
10.6301 51.4004 17.2047 25.1794 13.6015 22.0907 45.5412 9.48683 37.4433 7.07107 21.4009       0 31.3847 18.2483 39.9249      25 55.4437      41 54.6443 24.6982 38.0132 48.1041 12.7279 25.1794 45.2769 29.1548 30.1496 9.89949
34.9285 20.5183 14.3178  25.632 33.0151 29.6142 35.2278 22.2036 6.40312 27.5136 10.4403 31.3847       0 21.0238 10.0499 9.48683 51.7397 14.7648 29.2746  25.318 20.5913 18.7883 19.3132  19.105 13.8924      15 33.1059 41.0488
 27.313 41.0488 13.6015 31.7648 12.8062 32.0156 49.2443 10.8167 27.2947 19.7231 16.0312 18.2483 21.0238       0 26.1725 11.6619 63.1585 25.0599 49.7293 7.81025 37.0135 39.8121      15       7 33.4215 28.1603 39.1152  25.318
44.5533 16.4924 23.5372 35.4401 38.9487 39.6232 42.4264 30.4631 8.48528 36.8782 20.0998 39.9249 10.0499 26.1725       0 15.2643 59.4643  6.7082 30.5941 27.7849 27.5862 18.1108 28.6356 21.6333 8.24621 24.1661   42.72 49.1935
31.0161 29.4109 10.4403 27.6586 24.0832 30.0167 41.6293 15.5242 15.6525      23 9.21954      25 9.48683 11.6619 15.2643       0 57.1402 16.1245 38.6394 16.0312 27.8927 28.2312 15.1327 10.0499 21.9317 20.1246 35.4683 34.0147
     47 53.6656 49.6588 31.6228 67.6831 33.3766 17.2047 54.4059 50.9902 48.6621 48.3735 55.4437 51.7397 63.1585 59.4643 57.1402       0 65.7647 39.2938 70.6824 31.8904 47.4131 48.7032  66.242 56.0357 37.2022  25.318      62
47.0106 22.0227 26.0192 40.3113 37.7359 43.9659 48.8365 31.5753      15 39.0512 23.3452      41 14.7648 25.0599  6.7082 16.1245 65.7647       0  37.108 24.7588 33.9706 24.5153      31 19.2094 14.0357 29.6816 47.8539 49.6488
53.0377 17.2047 38.9102 34.4093 60.5392 40.2244      24 47.4131      24 48.4149 34.9285 54.6443 29.2746 49.7293 30.5941 38.6394 39.2938  37.108       0 54.5894 17.8045 12.6491   42.19 48.3735 23.4094 25.6125 37.1618  64.405
34.4819 43.8634 21.0238 39.4462 15.1327 39.8246 56.3205 18.4391 31.0483 27.2029 22.8035 24.6982  25.318 7.81025 27.7849 16.0312 70.6824 24.7588 54.5894       0 43.4166 43.6807 22.8035 6.32456 35.7771 34.9285 46.8722 30.0666
35.3836 24.1868 24.1868 16.6433 45.8912 22.4722 14.8661 32.0156  19.105 31.3847      21 38.0132 20.5913 37.0135 27.5862 27.8927 31.8904 33.9706 17.8045 43.4166       0 18.0278 26.2488  37.855 24.5967 9.21954 20.3961 47.5079
48.8774 6.32456 31.1448 32.9848 51.6236 38.6005 30.4631 39.6989 12.6491 42.8019 26.9072 48.1041 18.7883 39.8121 18.1108 28.2312 47.4131 24.5153 12.6491 43.6807 18.0278       0 35.3836 37.3631 10.7703 21.5407 38.1182      58
16.0312  38.833 5.09902  17.088  20.025 17.0294 36.0555       6 25.0599 8.24621 8.94427 12.7279 19.3132      15 28.6356 15.1327 48.7032      31   42.19 22.8035 26.2488 35.3836       0      20 33.1059  17.088 24.1868 22.6274
33.8378 37.5766 17.0294  35.609 18.7883 36.7967  51.264  17.088 24.7386      26 17.8885 25.1794  19.105       7 21.6333 10.0499  66.242 19.2094 48.3735 6.32456  37.855 37.3631      20       0 29.5296 29.7321 43.2782  32.249
48.3839 8.24621  28.178 36.0555 46.0109 41.0122  38.833 36.0555 8.24621 41.2311 24.1661 45.2769 13.8924 33.4215 8.24621 21.9317 56.0357 14.0357 23.4094 35.7771 24.5967 10.7703 33.1059 29.5296       0 24.0832 42.5793 54.9181
27.8029 26.6833 15.0333      12 36.6742 17.2627 21.5407 22.8035 16.4924 22.8035 12.1655 29.1548      15 28.1603 24.1661 20.1246 37.2022 29.6816 25.6125 34.9285 9.21954 21.5407  17.088 29.7321 24.0832       0 18.6815  38.833
22.3607 44.0114 26.2488 7.81025   42.45 8.06226 18.0278 29.5466  35.171 23.3452 26.2488 30.1496 33.1059 39.1152   42.72 35.4683  25.318 47.8539 37.1618 46.8722 20.3961 38.1182 24.1868 43.2782 42.5793 18.6815       0 37.2156
     15 61.2209 27.0185 33.5261 15.5242 29.4279 53.8516  18.868 47.2017 16.1245  31.241 9.89949 41.0488  25.318 49.1935 34.0147      62 49.6488  64.405 30.0666 47.5079      58 22.6274  32.249 54.9181  38.833 37.2156       0


