      0 53.2259  21.095 19.7231 24.2074 14.5602  32.249 16.7631 40.1622 8.06226 33.8378 48.3839 27.8029 25.7099      18
53.2259       0 34.2053 38.4708 53.4135  44.911 21.1896 42.5206 14.1421 46.6476 37.5766 8.24621 26.6833 42.0476 63.1269
 21.095 34.2053       0 18.6011 21.8403 20.8087 15.6525 8.60233 20.2485 13.3417 17.0294  28.178 15.0333 27.4591      29
19.7231 38.4708 18.6011       0 36.3456  6.7082 18.0278 22.8035 28.2843 18.1108  35.609 36.0555      12 8.94427 36.4005
24.2074 53.4135 21.8403 36.3456       0 34.7851 37.3363 14.0357 39.4081 19.3132 18.7883 46.0109 36.6742  44.911 15.0333
14.5602  44.911 20.8087  6.7082 34.7851       0 24.0832 22.4722 34.0147 15.5242 37.5366 42.0119 18.2483 11.1803  32.249
 32.249 21.1896 15.6525 18.0278 37.3363 24.0832       0 24.1868 10.4403 26.2488 27.2947 18.0278 6.08276 23.7697 44.0454
16.7631 42.5206 8.60233 22.8035 14.0357 22.4722 24.1868       0 28.4253 8.94427  17.088 36.0555 22.8035 31.6228 20.6155
40.1622 14.1421 20.2485 28.2843 39.4081 34.0147 10.4403 28.4253       0 33.1059 24.7386 8.24621 16.4924  34.176 49.0408
8.06226 46.6476 13.3417 18.1108 19.3132 15.5242 26.2488 8.94427 33.1059       0      26 41.2311 22.8035 26.0768 18.7883
33.8378 37.5766 17.0294  35.609 18.7883 37.5366 27.2947  17.088 24.7386      26       0 29.5296 29.7321 44.4072 32.7567
48.3839 8.24621  28.178 36.0555 46.0109 42.0119 18.0278 36.0555 8.24621 41.2311 29.5296       0 24.0832 41.2311 56.6127
27.8029 26.6833 15.0333      12 36.6742 18.2483 6.08276 22.8035 16.4924 22.8035 29.7321 24.0832       0 17.8885 41.3401
25.7099 42.0476 27.4591 8.94427  44.911 11.1803 23.7697 31.6228  34.176 26.0768 44.4072 41.2311 17.8885       0 43.4166
     18 63.1269      29 36.4005 15.0333  32.249 44.0454 20.6155 49.0408 18.7883 32.7567 56.6127 41.3401 43.4166       0

