      0 14.5602 37.3363 24.3311 59.1354 44.2719 30.0666 37.0135      20 45.6946 24.3311 46.0435 33.5261 52.4786      29 48.8365      12 17.2627 14.1421 12.6491       4  7.2111 14.8661 12.1655 40.2492 48.0416 25.0599 23.3238      37 64.6607 50.9902 48.8774
14.5602       0 22.8473 22.3607 44.5982 33.2866 16.1245 26.5707 21.2603  31.305 12.8062 32.5576 18.9737 38.6005 15.5242 34.3657 16.1245 31.0161 24.7386 27.2029 16.1245      20  6.7082 6.32456 26.0768 34.0588 17.8885      10 31.0644 50.8035 38.6264      35
37.3363 22.8473       0 32.8938 21.8403 27.8927  12.083      20 35.6931 8.60233 20.2485 13.3417 4.24264 17.2047 14.3178 13.6015 35.0143 52.9528 45.0999   49.98 38.9102 41.9762 24.1868 27.4591 5.09902 17.0294  28.178 15.0333 31.8277      29 27.4591 13.8924
24.3311 22.3607 32.8938       0 52.2398 53.7401 34.0588 19.6469 5.65685 38.4708 34.4093 34.0588  31.305 41.1096 34.6554 46.4866 12.6491 29.6985  19.799  32.249 28.2843 22.3607 15.6525 27.2029 32.5576 49.1935 40.2492      20 13.6015 51.9711 57.2014 38.0132
59.1354 44.5982 21.8403 52.2398       0 35.8469 31.0644 34.4819 56.0089 14.0357 39.4081 19.3132  25.632 13.6015 33.0151 12.8062 56.4358 74.7329 66.6108 71.7844 60.5392 63.7887 45.8912 48.7545  20.025 18.7883 46.0109 36.6742 46.8188 15.0333 29.6142 15.2315
44.2719 33.2866 27.8927 53.7401 35.8469       0      20 47.0106  54.037      32 20.5913 40.1995      26 41.1096  19.105 23.7697 49.3964 61.4003 57.2713 54.9181 43.1741  51.264 39.2046  32.311 32.5576  17.088 20.0998 34.0588 57.4543 49.7293 8.94427      39
30.0666 16.1245  12.083 34.0588 31.0644      20       0 27.8927 34.9857      20 8.48528 25.2982 8.24621 29.1548 2.23607 19.3132 31.6228 47.0106 40.7922 42.4264 30.5941 36.0555 20.6155 18.4391  17.088      18 16.1245 14.1421 37.5899 40.6079 23.3238 25.9422
37.0135 26.5707      20 19.6469 34.4819 47.0106 27.8927       0 24.6982 21.9545 33.0151 15.2971 21.0238 22.0907 29.6142 32.0156 28.6007 47.7074 38.0789 48.1041 40.2244 38.2884 22.4722 32.8938 17.0294 36.7967 41.0122 17.2627   12.53 32.3883 47.4342 19.4165
     20 21.2603 35.6931 5.65685 56.0089  54.037 34.9857 24.6982       0 42.0476 33.9411 38.4708 33.5261 45.5412 35.2278 49.2443       8 24.0416 14.1421 26.8328      24  17.088 14.8661 25.0599 36.0555  51.264  38.833 21.5407 19.2094 56.7539 58.3095 42.2966
45.6946  31.305 8.60233 38.4708 14.0357      32      20 21.9545 42.0476       0 28.4253 8.94427 12.8062 9.48683 22.2036 10.8167 42.4264 60.8769 52.6118 58.3095 47.4131      50 32.0156 36.0555       6  17.088 36.0555 22.8035 34.4819 20.6155 29.1204       7
24.3311 12.8062 20.2485 34.4093 39.4081 20.5913 8.48528 33.0151 33.9411 28.4253       0 33.1059 16.1245 37.4433 6.40312 27.2947 28.8444 41.5933 36.7696      36      24 31.0483  19.105 12.1655 25.0599 24.7386 8.24621 16.4924 40.8044 49.0408 26.6833 34.1321
46.0435 32.5576 13.3417 34.0588 19.3132 40.1995 25.2982 15.2971 38.4708 8.94427 33.1059       0  17.088 7.07107 27.5136 19.7231 40.4969 59.6154 50.5964 58.3095 48.4149 49.1935 31.3847 38.2099 8.24621      26 41.2311 22.8035 27.5136 18.7883 37.9473 4.12311
33.5261 18.9737 4.24264  31.305  25.632      26 8.24621 21.0238 33.5261 12.8062 16.1245  17.088       0 21.4009 10.4403 16.0312 32.0624 49.4975      42 46.1736 34.9285 38.4708      21 23.3238 8.94427 17.8885 24.1661 12.1655 32.0156 33.2415 26.9072 18.0278
52.4786 38.6005 17.2047 41.1096 13.6015 41.1096 29.1548 22.0907 45.5412 9.48683 37.4433 7.07107 21.4009       0 31.3847 18.2483 47.4342 66.4831 57.5674 64.8845 54.6443 55.9464 38.0132 43.9318 12.7279 25.1794 45.2769 29.1548 33.9559 12.2066 37.3363 3.60555
     29 15.5242 14.3178 34.6554 33.0151  19.105 2.23607 29.6142 35.2278 22.2036 6.40312 27.5136 10.4403 31.3847       0 21.0238 31.3847 46.0977 40.2616 41.1947 29.2746 35.2278 20.5913 17.1172 19.3132  19.105 13.8924      15 38.9102 42.8019 23.2594  28.178
48.8365 34.3657 13.6015 46.4866 12.8062 23.7697 19.3132 32.0156 49.2443 10.8167 27.2947 19.7231 16.0312 18.2483 21.0238       0 48.0937 65.2763 58.0086 61.3922 49.7293  54.231 37.0135 37.6431      15       7 33.4215 28.1603 44.4072 25.9615  19.105  17.088
     12 16.1245 35.0143 12.6491 56.4358 49.3964 31.6228 28.6007       8 42.4264 28.8444 40.4969 32.0624 47.4342 31.3847 48.0937       0 19.2354  10.198      20      16      10 11.1803 18.4391 36.4966 49.0306 32.5576      20 25.9422 59.2368  54.626 43.9659
17.2627 31.0161 52.9528 29.6985 74.7329 61.4003 47.0106 47.7074 24.0416 60.8769 41.5933 59.6154 49.4975 66.4831 46.0977 65.2763 19.2354       0 9.89949 8.60233 18.3848 11.0454 28.8617 29.4279 55.0818 65.0077 41.7852 38.0789 43.1856 78.3901 68.2495 62.9682
14.1421 24.7386 45.0999  19.799 66.6108 57.2713 40.7922 38.0789 14.1421 52.6118 36.7696 50.5964      42 57.5674 40.2616 58.0086  10.198 9.89949       0 14.1421 17.2047  7.2111      21 25.0599 46.6905 58.5491  38.833 30.0666 33.3017 69.2892 63.2456 54.1202
12.6491 27.2029   49.98  32.249 71.7844 54.9181 42.4264 48.1041 26.8328 58.3095      36 58.3095 46.1736 64.8845 41.1947 61.3922      20 8.60233 14.1421       0      12      10 26.9258 24.0832 52.8015 60.2993 34.9285 35.7771  45.793  77.026 62.2896 61.2944
      4 16.1245 38.9102 28.2843 60.5392 43.1741 30.5941 40.2244      24 47.4131      24 48.4149 34.9285 54.6443 29.2746 49.7293      16 18.3848 17.2047      12       0      10 17.8045 12.1655   42.19 48.3735 23.4094 25.6125 40.8044 66.8506 50.3587 51.0392
 7.2111      20 41.9762 22.3607 63.7887  51.264 36.0555 38.2884  17.088      50 31.0483 49.1935 38.4708 55.9464 35.2278  54.231      10 11.0454  7.2111      10      10       0 18.0278 18.9737 44.2719  54.037  32.249 27.2029 35.8469 67.9779 57.7235 52.3927
14.8661  6.7082 24.1868 15.6525 45.8912 39.2046 20.6155 22.4722 14.8661 32.0156  19.105 31.3847      21 38.0132 20.5913 37.0135 11.1803 28.8617      21 26.9258 17.8045 18.0278       0 12.0416 26.2488  37.855 24.5967 9.21954   25.02 50.1199 43.8292 34.4384
12.1655 6.32456 27.4591 27.2029 48.7545  32.311 18.4391 32.8938 25.0599 36.0555 12.1655 38.2099 23.3238 43.9318 17.1172 37.6431 18.4391 29.4279 25.0599 24.0832 12.1655 18.9737 12.0416       0  31.241 36.2215 14.1421 16.1245      37 56.0803  38.833 40.3609
40.2492 26.0768 5.09902 32.5576  20.025 32.5576  17.088 17.0294 36.0555       6 25.0599 8.24621 8.94427 12.7279 19.3132      15 36.4966 55.0818 46.6905 52.8015   42.19 44.2719 26.2488  31.241       0      20 33.1059  17.088 29.4109 24.8395  31.305 9.21954
48.0416 34.0588 17.0294 49.1935 18.7883  17.088      18 36.7967  51.264  17.088 24.7386      26 17.8885 25.1794  19.105       7 49.0306 65.0077 58.5491 60.2993 48.3735  54.037  37.855 36.2215      20       0 29.5296 29.7321 48.8365 32.7567 12.1655 23.7697
25.0599 17.8885  28.178 40.2492 46.0109 20.0998 16.1245 41.0122  38.833 36.0555 8.24621 41.2311 24.1661 45.2769 13.8924 33.4215 32.5576 41.7852  38.833 34.9285 23.4094  32.249 24.5967 14.1421 33.1059 29.5296       0 24.0832 48.0521 56.6127 28.0713 42.0595
23.3238      10 15.0333      20 36.6742 34.0588 14.1421 17.2627 21.5407 22.8035 16.4924 22.8035 12.1655 29.1548      15 28.1603      20 38.0789 30.0666 35.7771 25.6125 27.2029 9.21954 16.1245  17.088 29.7321 24.0832       0 24.3516 41.3401 37.2022 25.5539
     37 31.0644 31.8277 13.6015 46.8188 57.4543 37.5899   12.53 19.2094 34.4819 40.8044 27.5136 32.0156 33.9559 38.9102 44.4072 25.9422 43.1856 33.3017  45.793 40.8044 35.8469   25.02      37 29.4109 48.8365 48.0521 24.3516       0 43.0116 58.8982 31.6228
64.6607 50.8035      29 51.9711 15.0333 49.7293 40.6079 32.3883 56.7539 20.6155 49.0408 18.7883 33.2415 12.2066 42.8019 25.9615 59.2368 78.3901 69.2892  77.026 66.8506 67.9779 50.1199 56.0803 24.8395 32.7567 56.6127 41.3401 43.0116       0 44.2832 15.8114
50.9902 38.6264 27.4591 57.2014 29.6142 8.94427 23.3238 47.4342 58.3095 29.1204 26.6833 37.9473 26.9072 37.3363 23.2594  19.105  54.626 68.2495 63.2456 62.2896 50.3587 57.7235 43.8292  38.833  31.305 12.1655 28.0713 37.2022 58.8982 44.2832       0 35.9026
48.8774      35 13.8924 38.0132 15.2315      39 25.9422 19.4165 42.2966       7 34.1321 4.12311 18.0278 3.60555  28.178  17.088 43.9659 62.9682 54.1202 61.2944 51.0392 52.3927 34.4384 40.3609 9.21954 23.7697 42.0595 25.5539 31.6228 15.8114 35.9026       0

