      0 14.5602 37.3363 24.3311 59.1354 44.2719 30.0666 37.0135      20 45.6946 24.3311 46.0435 33.5261 52.4786 48.0416 25.0599 23.3238      37 64.6607 50.9902 48.8774
14.5602       0 22.8473 22.3607 44.5982 33.2866 16.1245 26.5707 21.2603  31.305 12.8062 32.5576 18.9737 38.6005 34.0588 17.8885      10 31.0644 50.8035 38.6264      35
37.3363 22.8473       0 32.8938 21.8403 27.8927  12.083      20 35.6931 8.60233 20.2485 13.3417 4.24264 17.2047 17.0294  28.178 15.0333 31.8277      29 27.4591 13.8924
24.3311 22.3607 32.8938       0 52.2398 53.7401 34.0588 19.6469 5.65685 38.4708 34.4093 34.0588  31.305 41.1096 49.1935 40.2492      20 13.6015 51.9711 57.2014 38.0132
59.1354 44.5982 21.8403 52.2398       0 35.8469 31.0644 34.4819 56.0089 14.0357 39.4081 19.3132  25.632 13.6015 18.7883 46.0109 36.6742 46.8188 15.0333 29.6142 15.2315
44.2719 33.2866 27.8927 53.7401 35.8469       0      20 47.0106  54.037      32 20.5913 40.1995      26 41.1096  17.088 20.0998 34.0588 57.4543 49.7293 8.94427      39
30.0666 16.1245  12.083 34.0588 31.0644      20       0 27.8927 34.9857      20 8.48528 25.2982 8.24621 29.1548      18 16.1245 14.1421 37.5899 40.6079 23.3238 25.9422
37.0135 26.5707      20 19.6469 34.4819 47.0106 27.8927       0 24.6982 21.9545 33.0151 15.2971 21.0238 22.0907 36.7967 41.0122 17.2627   12.53 32.3883 47.4342 19.4165
     20 21.2603 35.6931 5.65685 56.0089  54.037 34.9857 24.6982       0 42.0476 33.9411 38.4708 33.5261 45.5412  51.264  38.833 21.5407 19.2094 56.7539 58.3095 42.2966
45.6946  31.305 8.60233 38.4708 14.0357      32      20 21.9545 42.0476       0 28.4253 8.94427 12.8062 9.48683  17.088 36.0555 22.8035 34.4819 20.6155 29.1204       7
24.3311 12.8062 20.2485 34.4093 39.4081 20.5913 8.48528 33.0151 33.9411 28.4253       0 33.1059 16.1245 37.4433 24.7386 8.24621 16.4924 40.8044 49.0408 26.6833 34.1321
46.0435 32.5576 13.3417 34.0588 19.3132 40.1995 25.2982 15.2971 38.4708 8.94427 33.1059       0  17.088 7.07107      26 41.2311 22.8035 27.5136 18.7883 37.9473 4.12311
33.5261 18.9737 4.24264  31.305  25.632      26 8.24621 21.0238 33.5261 12.8062 16.1245  17.088       0 21.4009 17.8885 24.1661 12.1655 32.0156 33.2415 26.9072 18.0278
52.4786 38.6005 17.2047 41.1096 13.6015 41.1096 29.1548 22.0907 45.5412 9.48683 37.4433 7.07107 21.4009       0 25.1794 45.2769 29.1548 33.9559 12.2066 37.3363 3.60555
48.0416 34.0588 17.0294 49.1935 18.7883  17.088      18 36.7967  51.264  17.088 24.7386      26 17.8885 25.1794       0 29.5296 29.7321 48.8365 32.7567 12.1655 23.7697
25.0599 17.8885  28.178 40.2492 46.0109 20.0998 16.1245 41.0122  38.833 36.0555 8.24621 41.2311 24.1661 45.2769 29.5296       0 24.0832 48.0521 56.6127 28.0713 42.0595
23.3238      10 15.0333      20 36.6742 34.0588 14.1421 17.2627 21.5407 22.8035 16.4924 22.8035 12.1655 29.1548 29.7321 24.0832       0 24.3516 41.3401 37.2022 25.5539
     37 31.0644 31.8277 13.6015 46.8188 57.4543 37.5899   12.53 19.2094 34.4819 40.8044 27.5136 32.0156 33.9559 48.8365 48.0521 24.3516       0 43.0116 58.8982 31.6228
64.6607 50.8035      29 51.9711 15.0333 49.7293 40.6079 32.3883 56.7539 20.6155 49.0408 18.7883 33.2415 12.2066 32.7567 56.6127 41.3401 43.0116       0 44.2832 15.8114
50.9902 38.6264 27.4591 57.2014 29.6142 8.94427 23.3238 47.4342 58.3095 29.1204 26.6833 37.9473 26.9072 37.3363 12.1655 28.0713 37.2022 58.8982 44.2832       0 35.9026
48.8774      35 13.8924 38.0132 15.2315      39 25.9422 19.4165 42.2966       7 34.1321 4.12311 18.0278 3.60555 23.7697 42.0595 25.5539 31.6228 15.8114 35.9026       0

