      0 31.0644  27.313 12.0416 19.2354 15.8114 8.94427 27.5726      13 13.4164       7 9.21954 14.1421 9.05539 21.9317 7.07107 21.4709 23.1948 32.7567 16.1555 25.6125 18.0278   8.544 10.8167 27.8029  19.105 20.0998 21.0238
31.0644       0 28.0179 19.6977 48.7955 35.2278 33.3017 15.0748  21.587 43.1856 27.8568 40.2244 17.4642 36.0694      10 24.8395 36.0555 14.3178 34.0588 37.7359  33.541 17.8885 36.7696 32.8024       4 28.0713 19.9249 39.8121
 27.313 28.0179       0 26.2488 34.5254 41.6173 21.2132 13.2382 30.4795 31.0161 30.8058 32.3883  25.807 24.0832 20.6155 21.6333 46.0977 14.1421  6.7082 19.4165 7.07107 13.8924 35.8469  19.105 28.1603 40.3609 10.2956 17.8885
12.0416 19.6977 26.2488       0 31.0644 17.4642 17.4642 20.7183 4.24264 25.2389 8.24621 21.2132 2.23607 19.3132      12 8.06226 20.5913 16.1555 32.8024 24.0832 27.7308 12.8062  17.088 18.1108 16.1245 14.1421 16.2788 28.0179
19.2354 48.7955 34.5254 31.0644       0      30 15.8114 41.1491 32.2025 5.83095  25.632 11.1803 33.0151 12.8062 38.9487 24.0832 36.0139 37.7359      37 15.1327 29.0172   32.45  20.025      17 46.0109 36.6742 32.6497 18.1108
15.8114 35.2278 41.6173 17.4642      30       0 24.6982 38.1215 14.0357 25.1794 10.8167  19.105 19.2354 24.1661 29.2746      20 6.08276 33.5261  47.634 31.7648 41.0122 29.5466 10.0499 26.6271  31.257 9.21954 32.6497 36.7151
8.94427 33.3017 21.2132 17.4642 15.8114 24.6982       0 25.5392  20.025 10.7703 15.5242 11.1803 18.9737 3.16228 23.3452 9.48683 30.4138 21.9545  25.632 7.28011 17.8885 16.6433 16.2788 2.23607 30.8058 27.6586  17.088  12.083
27.5726 15.0748 13.2382 20.7183 41.1491 38.1215 25.5392       0 24.6221 36.3077 27.9508 35.4154 19.2419 28.6923 10.2591 20.5244 41.1734 4.60977 19.0066 27.4089    19.5 9.55249 35.5141 24.1506 15.9765 34.0478     8.5 27.9866
     13  21.587 30.4795 4.24264 32.2025 14.0357  20.025 24.6221       0 26.4008 7.07107 21.6333 5.38516 21.3776 15.2971 11.1803 16.5529 20.1246 37.0135 27.0185 31.7648 17.0294 15.8114 21.0238   17.72 9.89949 20.5183  31.257
13.4164 43.1856 31.0161 25.2389 5.83095 25.1794 10.7703 36.3077 26.4008       0 19.9249 6.08276 27.2029 7.61577 33.4215 18.3848  31.257 32.6497 34.3657 12.3693 26.3059 27.2947 15.1327 12.3693 40.3113  31.257 27.8568 16.5529
      7 27.8568 30.8058 8.24621  25.632 10.8167 15.5242 27.9508 7.07107 19.9249       0 14.7648 10.4403 16.0312 20.0998 9.21954 15.6205 23.3452 36.8782 22.8035 30.4795 18.9737 8.94427  17.088 24.1661 12.1655 21.9317 27.5136
9.21954 40.2244 32.3883 21.2132 11.1803  19.105 11.1803 35.4154 21.6333 6.08276 14.7648       0 23.3452   8.544 30.8869 15.6525 25.1794 31.3209 36.6879 15.8114 28.7924 25.9615 9.05539 13.3417 37.0135 25.4951 27.2947 20.6155
14.1421 17.4642  25.807 2.23607 33.0151 19.2354 18.9737 19.2419 5.38516 27.2029 10.4403 23.3452       0 21.0238 10.0499 9.48683 21.9317 14.7648   32.45  25.318 27.8568 12.0416 19.3132 19.4165 13.8924      15 15.6205 29.0172
9.05539 36.0694 24.0832 19.3132 12.8062 24.1661 3.16228 28.6923 21.3776 7.61577 16.0312   8.544 21.0238       0 26.1725 11.6619 30.0832 25.0599 28.1603 7.81025 20.2485 19.7231      15       5 33.4215 28.1603 20.2485 12.8062
21.9317      10 20.6155      12 38.9487 29.2746 23.3452 10.2591 15.2971 33.4215 20.0998 30.8869 10.0499 26.1725       0 15.2643 31.6228  6.7082 27.2029 27.7849      25 8.24621 28.6356 22.8035 8.24621 24.1661      11 30.0832
7.07107 24.8395 21.6333 8.06226 24.0832      20 9.48683 20.5244 11.1803 18.3848 9.21954 15.6525 9.48683 11.6619 15.2643       0 24.7588 16.1245 27.6586 16.0312 21.4009      11 15.1327 10.0499 21.9317 20.1246 13.3417 20.0998
21.4709 36.0555 46.0977 20.5913 36.0139 6.08276 30.4138 41.1734 16.5529  31.257 15.6205 25.1794 21.9317 30.0832 31.6228 24.7588       0 36.6742  52.345 37.5766 46.0977 33.2866 16.1245  32.249 32.0624       8 36.6197 42.4853
23.1948 14.3178 14.1421 16.1555 37.7359 33.5261 21.9545 4.60977 20.1246 32.6497 23.3452 31.3209 14.7648 25.0599  6.7082 16.1245 36.6742       0 20.6155 24.7588 19.2354 5.38516      31 20.8087 14.0357 29.6816 5.83095 26.0768
32.7567 34.0588  6.7082 32.8024      37  47.634  25.632 19.0066 37.0135 34.3657 36.8782 36.6879   32.45 28.1603 27.2029 27.6586  52.345 20.6155       0 22.0907 8.06226 20.5913 41.1825 23.4094 34.5254 46.8615      17  19.105
16.1555 37.7359 19.4165 24.0832 15.1327 31.7648 7.28011 27.4089 27.0185 12.3693 22.8035 15.8114  25.318 7.81025 27.7849 16.0312 37.5766 24.7588 22.0907       0 14.0357      20 22.8035       6 35.7771 34.9285  19.105       5
25.6125  33.541 7.07107 27.7308 29.0172 41.0122 17.8885    19.5 31.7648 26.3059 30.4795 28.7924 27.8568 20.2485      25 21.4009 46.0977 19.2354 8.06226 14.0357       0 17.1172 33.8378 15.6525 33.0606 41.3401      14 11.4018
18.0278 17.8885 13.8924 12.8062   32.45 29.5466 16.6433 9.55249 17.0294 27.2947 18.9737 25.9615 12.0416 19.7231 8.24621      11 33.2866 5.38516 20.5913      20 17.1172       0 26.0768 15.6205 16.4924 26.9072 3.60555 21.9317
  8.544 36.7696 35.8469  17.088  20.025 10.0499 16.2788 35.5141 15.8114 15.1327 8.94427 9.05539 19.3132      15 28.6356 15.1327 16.1245      31 41.1825 22.8035 33.8378 26.0768       0 18.4391 33.1059  17.088 28.4429 27.8029
10.8167 32.8024  19.105 18.1108      17 26.6271 2.23607 24.1506 21.0238 12.3693  17.088 13.3417 19.4165       5 22.8035 10.0499  32.249 20.8087 23.4094       6 15.6525 15.6205 18.4391       0 30.5287 29.1204 15.6525 10.4403
27.8029       4 28.1603 16.1245 46.0109  31.257 30.8058 15.9765   17.72 40.3113 24.1661 37.0135 13.8924 33.4215 8.24621 21.9317 32.0624 14.0357 34.5254 35.7771 33.0606 16.4924 33.1059 30.5287       0 24.0832  19.105 38.2753
 19.105 28.0713 40.3609 14.1421 36.6742 9.21954 27.6586 34.0478 9.89949  31.257 12.1655 25.4951      15 28.1603 24.1661 20.1246       8 29.6816 46.8615 34.9285 41.3401 26.9072  17.088 29.1204 24.0832       0 30.4138 39.5601
20.0998 19.9249 10.2956 16.2788 32.6497 32.6497  17.088     8.5 20.5183 27.8568 21.9317 27.2947 15.6205 20.2485      11 13.3417 36.6197 5.83095      17  19.105      14 3.60555 28.4429 15.6525  19.105 30.4138       0 20.2485
21.0238 39.8121 17.8885 28.0179 18.1108 36.7151  12.083 27.9866  31.257 16.5529 27.5136 20.6155 29.0172 12.8062 30.0832 20.0998 42.4853 26.0768  19.105       5 11.4018 21.9317 27.8029 10.4403 38.2753 39.5601 20.2485       0

