      0  17.088 20.3961 24.7257  12.083 24.7588 10.2611 10.7355 15.5563 23.7539      18 20.8087 4.52769 17.2409  6.0208 13.1529 9.84886 19.9249      26 26.8328 25.5143       4   25.02 13.0384 11.1803 20.0998  31.241 27.5136
 17.088       0 28.6356 13.0599 20.2485 24.0208 7.04911 11.5434 7.07107  18.554 28.8444 23.3452  16.568 14.5344 20.4022 26.1725 12.2066       3 8.94427 19.6977 9.68401 13.4164 11.4018 5.83095 21.3776 8.94427 27.2029 18.0278
20.3961 28.6356       0  25.926 9.05539 13.1529 23.0931 29.5169 31.7805 18.3371 4.47214   8.544 24.9098 15.9138 14.7054 9.21954 16.7631 30.0167 36.0555 21.5407 31.5687      20 28.3196 22.8473 31.3209 24.0832      20 24.5967
24.7257 13.0599  25.926       0 20.6243 15.8354 15.7178 23.6349 20.1137     8.9 28.1311 17.9655 26.3108 10.4216 24.9802 27.8919    15.4 11.3649 14.0057 8.00999 7.35527 20.7885 3.05941 12.4483 32.5632 4.83322  16.005 5.24976
 12.083 20.2485 9.05539 20.6243       0 13.8924 14.2088    20.5 22.8035 15.5322 8.60233 9.21954 16.4469 10.3078 7.43303 7.28011 8.06226 22.0227 28.3196 19.0263  24.831 11.0454 22.3607 14.4222 23.2594 17.4929 21.0238  21.095
24.7588 24.0208 13.1529 15.8354 13.8924       0  21.473 30.0042 29.6142 6.94622      17 5.09902 28.5044 9.70824 21.2191 19.6469 16.1245 24.0832 28.8617 9.21954   22.86 22.2036 18.7883 19.4165  35.609 16.2788 7.28011 12.7279
10.2611 7.04911 23.0931 15.7178 14.2088  21.473       0 8.76584 8.75728 17.7409 22.6294 19.4034  10.728 11.9013 13.3843 19.4445 6.37887 9.73088 15.9778 20.0122 15.3326 6.42573 15.3587 3.26956 16.8609 10.8853 26.3304  19.588
10.7355 11.5434 29.5169 23.6349    20.5 30.0042 8.76584       0 6.18466 26.5047 27.9508 27.4089 7.43303 20.5913 16.4469 23.5637 14.0801 14.4309 19.0066 28.6923 21.2257 9.55249 22.5887 11.6726 10.0125 18.9011 35.0892 27.9866
15.5563 7.07107 31.7805 20.1137 22.8035 29.6142 8.75728 6.18466       0 24.8847 31.0161 28.0179 13.2098  19.906 20.5244 27.2947 15.1327 9.43398 13.0384 26.4197 16.2413 13.0384 18.4391  10.198 16.0312 15.8114 33.6155      25
23.7539  18.554 18.3371     8.9 15.5322 6.94622 17.7409 26.5047 24.8847       0   21.36 9.86154 26.7067  6.5192 21.8403 22.5222 14.0089 18.0624 22.2767     3.5 16.0353 20.4022 11.8849 15.0083 33.6786 10.0125 8.73212 6.26498
     18 28.8444 4.47214 28.1311 8.60233      17 22.6294 27.9508 31.0161   21.36       0 12.0416 22.5056 17.7553 12.0104 5.38516 16.6433 30.6105 36.8782 24.7386 33.0723 18.4391 30.2324 23.0217 28.4429 25.6125 24.0832 27.5136
20.8087 23.3452   8.544 17.9655 9.21954 5.09902 19.4034 27.4089 28.0179 9.86154 12.0416       0 24.8697 9.01388 16.6508 14.5602 13.3417 24.0416 29.5466      13 24.2689 18.7883 20.6155 18.0278 31.9061      17 12.3693 16.1245
4.52769  16.568 24.9098 26.3108 16.4469 28.5044  10.728 7.43303 13.2098 26.7067 22.5056 24.8697       0 20.2299    10.5 17.5642 12.7475 19.5576 25.1098 29.5381 25.8279 6.36396 26.0864 13.9463 7.10634 21.5058 34.6482 29.7405
17.2409 14.5344 15.9138 10.4216 10.3078 9.70824 11.9013 20.5913  19.906  6.5192 17.7553 9.01388 20.2299       0 15.7003 17.5855     7.5 15.0416  20.573  9.6566  15.663 13.9014    12.5 9.70824 27.2443 8.20061 14.6031 11.0114
 6.0208 20.4022 14.7054 24.9802 7.43303 21.2191 13.3843 16.4469 20.5244 21.8403 12.0104 16.6508    10.5 15.7003       0 7.15891 9.70824 22.8965 29.2617  25.224  27.425     7.5 25.9856 15.2069 16.6208 20.8866 28.2179 26.6693
13.1529 26.1725 9.21954 27.8919 7.28011 19.6469 19.4445 23.5637 27.2947 22.5222 5.38516 14.5602 17.5642 17.5855 7.15891       0 14.2127 28.3196 34.7131 26.0192 31.7959 14.3178 29.5466 20.5183 23.1948 24.5967 26.9258 28.2843
9.84886 12.2066 16.7631    15.4 8.06226 16.1245 6.37887 14.0801 15.1327 14.0089 16.6433 13.3417 12.7475     7.5 9.70824 14.2127       0 14.1421 20.5183      17   17.86 6.40312 16.2788 6.40312  19.799 11.1803 21.9317   17.72
19.9249       3 30.0167 11.3649 22.0227 24.0832 9.73088 14.4309 9.43398 18.0624 30.6105 24.0416 19.5576 15.0416 22.8965 28.3196 14.1421       0 6.40312 18.6815  6.8542 16.1555 9.21954 7.81025 24.3311 8.06226 26.4764 16.5529
     26 8.94427 36.0555 14.0057 28.3196 28.8617 15.9778 19.0066 13.0384 22.2767 36.8782 29.5466 25.1098  20.573 29.2617 34.7131 20.5183 6.40312       0      22 6.82495 22.3607 11.0454 14.2127      29 12.6491      30  19.105
26.8328 19.6977 21.5407 8.00999 19.0263 9.21954 20.0122 28.6923 26.4197     3.5 24.7386      13 29.5381  9.6566  25.224 26.0192      17 18.6815      22       0 15.3551 23.3238 11.0454 17.0294 36.4005 10.7703       8 3.60555
25.5143 9.68401 31.5687 7.35527  24.831   22.86 15.3326 21.2257 16.2413 16.0353 33.0723 24.2689 25.8279  15.663  27.425 31.7959   17.86  6.8542 6.82495 15.3551       0 21.5541 4.31045 12.5132 31.0319 7.49533 23.3362 12.3199
      4 13.4164      20 20.7885 11.0454 22.2036 6.42573 9.55249 13.0384 20.4022 18.4391 18.7883 6.36396 13.9014     7.5 14.3178 6.40312 16.1555 22.3607 23.3238 21.5541       0 21.0238 9.05539 13.4536 16.1245 28.2843 23.7697
  25.02 11.4018 28.3196 3.05941 22.3607 18.7883 15.3587 22.5887 18.4391 11.8849 30.2324 20.6155 26.0864    12.5 25.9856 29.5466 16.2788 9.21954 11.0454 11.0454 4.31045 21.0238       0 12.1655 31.9531 5.09902 19.0263 8.06226
13.0384 5.83095 22.8473 12.4483 14.4222 19.4165 3.26956 11.6726  10.198 15.0083 23.0217 18.0278 13.9463 9.70824 15.2069 20.5183 6.40312 7.81025 14.2127 17.0294 12.5132 9.05539 12.1655       0 20.1246 7.61577 23.7065 16.4012
11.1803 21.3776 31.3209 32.5632 23.2594  35.609 16.8609 10.0125 16.0312 33.6786 28.4429 31.9061 7.10634 27.2443 16.6208 23.1948  19.799 24.3311      29 36.4005 31.0319 13.4536 31.9531 20.1246       0 27.7308 41.7253 36.3593
20.0998 8.94427 24.0832 4.83322 17.4929 16.2788 10.8853 18.9011 15.8114 10.0125 25.6125      17 21.5058 8.20061 20.8866 24.5967 11.1803 8.06226 12.6491 10.7703 7.49533 16.1245 5.09902 7.61577 27.7308       0 18.4391 9.21954
 31.241 27.2029      20  16.005 21.0238 7.28011 26.3304 35.0892 33.6155 8.73212 24.0832 12.3693 34.6482 14.6031 28.2179 26.9258 21.9317 26.4764      30       8 23.3362 28.2843 19.0263 23.7065 41.7253 18.4391       0 11.1803
27.5136 18.0278 24.5967 5.24976  21.095 12.7279  19.588 27.9866      25 6.26498 27.5136 16.1245 29.7405 11.0114 26.6693 28.2843   17.72 16.5529  19.105 3.60555 12.3199 23.7697 8.06226 16.4012 36.3593 9.21954 11.1803       0

