      0  50.774 30.8707 11.0454  42.107 12.0416 19.0263 48.7878 8.06226 30.1496 22.6716 29.7321 29.5466 14.1421 39.8497 25.1794 24.0832 53.2635 45.0444  43.566 13.8924 38.0526 31.1448 45.8039  45.607 8.06226 39.1152 43.4166
 50.774       0 30.0167 41.2311 30.0167 39.3573 35.3836 7.15891 43.8292 46.0977 28.6356 33.0151 21.9317 46.8402 15.8114 34.9857 45.0999 7.28011 25.0799 22.3607 46.0109 25.4951 26.8328       6 15.0333 51.7397 41.7612 17.4642
30.8707 30.0167       0  27.074   42.45 19.6469 27.6586    32.5 22.8473 16.1245 13.6015       3 21.2603 20.5183 29.6816 33.2415 15.5242 28.6356 41.2311 13.4536 35.0143 36.0694 30.8058 24.0208 34.8855 36.1386 14.8661 15.2315
11.0454 41.2311  27.074       0  31.257   8.544       8  38.513 9.21954 32.2025 15.2315 27.0185 19.4165 18.3848 29.1548 14.5602 26.4197 44.5982 34.0147 37.9473 8.06226 27.0185 20.0998 36.7696 34.7851 10.6301  38.833 36.6742
 42.107 30.0167   42.45  31.257       0 36.0555 23.3452 23.1355 39.2938 55.8032 30.8058 44.5533 21.2132 47.1699 15.5242      17 51.6236 37.0135 5.83095 44.2832 30.2655 6.40312   12.53 30.4138 15.1327 38.2099 57.3149 39.9249
12.0416 39.3573 19.6469   8.544 36.0555       0 13.6015 38.1215 4.47214 23.7065 10.8167  19.105 19.2354 11.1803 30.1496 20.8087 18.0278 41.4005 37.6563 31.7648 16.4924 30.8058 23.7697 34.1321 36.1248 16.4924 30.4138 31.4006
19.0263 35.3836 27.6586       8 23.3452 13.6015       0 31.8002 16.1555 36.4005 14.1421 28.4605 13.6015 24.6982 21.9545  7.2111 31.1448 39.6611 26.0192 36.2215 10.6301 19.0263 12.1655 31.6228  27.313      17 41.2311 33.9559
48.7878 7.15891    32.5  38.513 23.1355 38.1215 31.8002       0 42.5353 48.5412 27.9508 35.4154 19.2419 46.8855 10.3078 30.1538 46.6717 14.4309 18.0069 27.4089 42.2522 19.1377 21.7083 10.2591 8.01561 48.6749 45.6426 22.4109
8.06226 43.8292 22.8473 9.21954 39.2938 4.47214 16.1555 42.5353       0 24.0416 15.2643 21.8403 23.5372 9.21954 34.3657 23.2594 18.0278 45.8039 41.3038 35.5106 16.1245 34.3657 27.2947 38.5876 40.3113      14 32.0156 35.4683
30.1496 46.0977 16.1245 32.2025 55.8032 23.7065 36.4005 48.5412 24.0416       0      25 13.1529 34.9857 16.0312 44.7772 43.2782 6.08276 44.1814 55.5698 26.9258 39.9249 49.6488 43.4166 40.1123 50.3289 37.6563 10.8167 30.2655
22.6716 28.6356 13.6015 15.2315 30.8058 10.8167 14.1421 27.9508 15.2643      25       0 14.7648 10.4403 19.0263 21.2132 19.6977 21.0238 30.6105 30.8707 22.8035  22.561 24.6982 18.4391 23.3238 27.1662 25.5539 27.7849 21.4709
29.7321 33.0151       3 27.0185 44.5533  19.105 28.4605 35.4154 21.8403 13.1529 14.7648       0 23.3452 18.4391  32.249 34.4384 12.6491 31.5753 43.6005 15.8114 35.0571 38.2099 32.6497 27.0185 37.5766 35.5106 13.0384 18.0278
29.5466 21.9317 21.2603 19.4165 21.2132 19.2354 13.6015 19.2419 23.5372 34.9857 10.4403 23.3452       0 29.0689      11 15.1327 31.3847 26.0768 20.5913  25.318 24.2074 14.8661 9.84886 18.0278      17 29.8329 36.1248      22
14.1421 46.8402 20.5183 18.3848 47.1699 11.1803 24.6982 46.8855 9.21954 16.0312 19.0263 18.4391 29.0689       0   40.05 31.9061      10 47.4236 48.5077 33.9706 25.2389 41.7612 34.7851 41.1096 46.0435 21.8403 25.4951 35.2278
39.8497 15.8114 29.6816 29.1548 15.5242 30.1496 21.9545 10.3078 34.3657 44.7772 21.2132  32.249      11   40.05       0 19.8494 41.7612 22.2036 12.2066 29.1548 32.2025      10 11.4018 15.0333       6 38.9487 44.2041 24.5967
25.1794 34.9857 33.2415 14.5602      17 20.8087  7.2111 30.1538 23.2594 43.2782 19.6977 34.4384 15.1327 31.9061 19.8494       0 38.1838 40.3113 20.6155   40.05 13.6015 13.9284 8.48528  32.311 24.2074 21.3776 47.4131  37.054
24.0832 45.0999 15.5242 26.4197 51.6236 18.0278 31.1448 46.6717 18.0278 6.08276 21.0238 12.6491 31.3847      10 41.7612 38.1838       0 44.1475 51.8941  28.178 34.0147 45.6508 39.1152 39.1152 47.5395 31.5753 15.8114 30.6757
53.2635 7.28011 28.6356 44.5982 37.0135 41.4005 39.6611 14.4309 45.8039 44.1814 30.6105 31.5753 26.0768 47.4236 22.2036 40.3113 44.1475       0  32.249 18.2483 50.2195 32.1403  32.573 8.06226 22.2036 55.2268 38.3275      14
45.0444 25.0799 41.2311 34.0147 5.83095 37.6563 26.0192 18.0069 41.3038 55.5698 30.8707 43.6005 20.5913 48.5077 12.2066 20.6155 51.8941  32.249       0 41.3401 34.2053       7 14.0357 26.2488 10.0499 41.9762 55.9732 36.7151
 43.566 22.3607 13.4536 37.9473 44.2832 31.7648 36.2215 27.4089 35.5106 26.9258 22.8035 15.8114  25.318 33.9706 29.1548   40.05  28.178 18.2483 41.3401       0 45.3542 38.0789 34.9285 17.2047 32.6497  47.927 20.0998       5
13.8924 46.0109 35.0143 8.06226 30.2655 16.4924 10.6301 42.2522 16.1245 39.9249  22.561 35.0571 24.2074 25.2389 32.2025 13.6015 34.0147 50.2195 34.2053 45.3542       0 27.5136 21.4709 42.2019 37.2156       8 46.8722 43.6578
38.0526 25.4951 36.0694 27.0185 6.40312 30.8058 19.0263 19.1377 34.3657 49.6488 24.6982 38.2099 14.8661 41.7612      10 13.9284 45.6508 32.1403       7 38.0789 27.5136       0 7.07107   25.02 11.6619  35.171 50.9313 33.8378
31.1448 26.8328 30.8058 20.0998   12.53 23.7697 12.1655 21.7083 27.2947 43.4166 18.4391 32.6497 9.84886 34.7851 11.4018 8.48528 39.1152  32.573 14.0357 34.9285 21.4709 7.07107       0 24.7386 15.8114 28.7924  45.607  31.257
45.8039       6 24.0208 36.7696 30.4138 34.1321 31.6228 10.2591 38.5876 40.1123 23.3238 27.0185 18.0278 41.1096 15.0333  32.311 39.1152 8.06226 26.2488 17.2047 42.2019   25.02 24.7386       0 16.5529 47.3814 36.0555 12.2066
 45.607 15.0333 34.8855 34.7851 15.1327 36.1248  27.313 8.01561 40.3113 50.3289 27.1662 37.5766      17 46.0435       6 24.2074 47.5395 22.2036 10.0499 32.6497 37.2156 11.6619 15.8114 16.5529       0 44.2832 49.0918 27.8029
8.06226 51.7397 36.1386 10.6301 38.2099 16.4924      17 48.6749      14 37.6563 25.5539 35.5106 29.8329 21.8403 38.9487 21.3776 31.5753 55.2268 41.9762  47.927       8  35.171 28.7924 47.3814 44.2832       0 46.0109 47.0106
39.1152 41.7612 14.8661  38.833 57.3149 30.4138 41.2311 45.6426 32.0156 10.8167 27.7849 13.0384 36.1248 25.4951 44.2041 47.4131 15.8114 38.3275 55.9732 20.0998 46.8722 50.9313  45.607 36.0555 49.0918 46.0109       0 24.5153
43.4166 17.4642 15.2315 36.6742 39.9249 31.4006 33.9559 22.4109 35.4683 30.2655 21.4709 18.0278      22 35.2278 24.5967  37.054 30.6757      14 36.7151       5 43.6578 33.8378  31.257 12.2066 27.8029 47.0106 24.5153       0

