      0 32.5576 23.7697 12.0416 16.2788  21.095 3.60555 26.4433  18.868 10.6301 12.1655 9.05539 17.6918 4.12311 23.8537 7.81025 26.8328 22.4722 28.6356 10.7703 12.7279 20.2237 15.6205 10.2956 29.7321 24.3311 21.3776 15.6525
32.5576       0 28.0179 25.0799 48.7955 35.2278 33.3017 15.0748 15.2315 43.1856 27.8568 40.2244      15 36.0694 9.84886 24.8395 36.0555 14.3178 34.0588 37.7359 19.8494  25.318 48.0833   42.45       4 28.0713 18.2483 39.8121
23.7697 28.0179       0 28.4253 34.5254 41.6173 21.2132 13.2382 25.5539 31.0161 30.8058 32.3883 21.9545 24.0832 19.2354 21.6333 46.0977 14.1421  6.7082 19.4165 20.5183 4.24264  33.541 28.1603 28.1603 40.3609  10.198 17.8885
12.0416 25.0799 28.4253       0 26.8328 13.4164 15.0333  25.005 9.84886 21.0238       3 16.4012 11.0454 16.1245 19.0263  7.2111 17.6918 20.3961 34.6554 22.2036   8.544 24.2074 26.4008 21.8403 21.4709      13 21.5407 26.6833
16.2788 48.7955 34.5254 26.8328       0      30 15.8114 41.1491      35 5.83095  25.632 11.1803 33.9706 12.8062 39.8246 24.0832 36.0139 37.7359      37 15.1327      29   32.28       1  6.7082 46.0109 36.6742 35.7771 18.1108
 21.095 35.2278 41.6173 13.4164      30       0 24.6982 38.1215  21.095 25.1794 10.8167  19.105 23.5372 24.1661 31.4006      20 6.08276 33.5261  47.634 31.7648 21.9317 37.4433 30.0167 27.6586  31.257 9.21954 34.9285 36.7151
3.60555 33.3017 21.2132 15.0333 15.8114 24.6982       0 25.5392 20.6155 10.7703 15.5242 11.1803  18.868 3.16228 24.0832 9.48683 30.4138 21.9545  25.632 7.28011 13.8924      18      15 9.21954 30.8058 27.6586 20.2485  12.083
26.4433 15.0748 13.2382  25.005 41.1491 38.1215 25.5392       0 17.9234 36.3077 27.9508 35.4154 14.7733 28.6923 8.13941 20.5244 41.1734 4.60977 19.0066 27.4089 16.6208 11.4127 40.2647  34.442 15.9765 34.0478 5.40833 27.9866
 18.868 15.2315 25.5539 9.84886      35  21.095 20.6155 17.9234       0 29.2062 12.6491 25.4951 3.60555 22.8254 10.4403 11.1803 23.4094 13.6015  32.249 26.6833 7.07107 21.4709 34.4093 29.1548 11.6619 16.1245 16.2788 30.1496
10.6301 43.1856 31.0161 21.0238 5.83095 25.1794 10.7703 36.3077 29.2062       0 19.9249 6.08276 28.2843 7.61577 34.4093 18.3848  31.257 32.6497 34.3657 12.3693 23.3452 28.2843 5.38516 3.60555 40.3113  31.257 31.0161 16.5529
12.1655 27.8568 30.8058       3  25.632 10.8167 15.5242 27.9508 12.6491 19.9249       0 14.7648 14.0357 16.0312 22.0227 9.21954 15.6205 23.3452 36.8782 22.8035 11.4018 26.6271 25.2982 21.2132 24.1661 12.1655 24.3516 27.5136
9.05539 40.2244 32.3883 16.4012 11.1803  19.105 11.1803 35.4154 25.4951 6.08276 14.7648       0 25.2389   8.544 32.2025 15.6525 25.1794 31.3209 36.6879 15.8114 20.5913 29.0689 11.0454 8.94427 37.0135 25.4951 30.4138 20.6155
17.6918      15 21.9545 11.0454 33.9706 23.5372  18.868 14.7733 3.60555 28.2843 14.0357 25.2389       0 21.4009       8 9.89949 26.4008 10.2956 28.6531 24.3516       5 17.8885 33.3017 27.8029 12.0416 19.4165 12.7279 27.4591
4.12311 36.0694 24.0832 16.1245 12.8062 24.1661 3.16228 28.6923 22.8254 7.61577 16.0312   8.544 21.4009       0 27.0185 11.6619 30.0832 25.0599 28.1603 7.81025 16.4012 21.0238 12.0416 6.40312 33.4215 28.1603 23.4094 12.8062
23.8537 9.84886 19.2354 19.0263 39.8246 31.4006 24.0832 8.13941 10.4403 34.4093 22.0227 32.2025       8 27.0185       0 16.5529 33.8378 5.09902 25.7099 28.0179 11.7047      16 39.0512 33.3017       9 26.4008 9.05539 29.9666
7.81025 24.8395 21.6333  7.2111 24.0832      20 9.48683 20.5244 11.1803 18.3848 9.21954 15.6525 9.89949 11.6619 16.5529       0 24.7588 16.1245 27.6586 16.0312       5 17.4929 23.4307 18.0278 21.9317 20.1246 16.1245 20.0998
26.8328 36.0555 46.0977 17.6918 36.0139 6.08276 30.4138 41.1734 23.4094  31.257 15.6205 25.1794 26.4008 30.0832 33.8378 24.7588       0 36.6742  52.345 37.5766  25.807 41.8688 36.0555 33.7343 32.0624       8 38.5876 42.4853
22.4722 14.3178 14.1421 20.3961 37.7359 33.5261 21.9545 4.60977 13.6015 32.6497 23.3452 31.3209 10.2956 25.0599 5.09902 16.1245 36.6742       0 20.6155 24.7588 12.0416 11.0454 36.8917 31.0644 14.0357 29.6816       4 26.0768
28.6356 34.0588  6.7082 34.6554      37  47.634  25.632 19.0066  32.249 34.3657 36.8782 36.6879 28.6531 28.1603 25.7099 27.6586  52.345 20.6155       0 22.0907 27.0185 10.8167      36 31.1448 34.5254 46.8615 16.7631  19.105
10.7703 37.7359 19.4165 22.2036 15.1327 31.7648 7.28011 27.4089 26.6833 12.3693 22.8035 15.8114 24.3516 7.81025 28.0179 16.0312 37.5766 24.7588 22.0907       0 19.6469 17.4642 14.1421 9.05539 35.7771 34.9285 22.0227       5
12.7279 19.8494 20.5183   8.544      29 21.9317 13.8924 16.6208 7.07107 23.3452 11.4018 20.5913       5 16.4012 11.7047       5  25.807 12.0416 27.0185 19.6469       0 16.2788 28.3196 22.8035 17.0294 19.8494      13 23.0868
20.2237  25.318 4.24264 24.2074   32.28 37.4433      18 11.4127 21.4709 28.2843 26.6271 29.0689 17.8885 21.0238      16 17.4929 41.8688 11.0454 10.8167 17.4642 16.2788       0 31.3209 25.7099      25 36.1248 7.07107 17.0294
15.6205 48.0833  33.541 26.4008       1 30.0167      15 40.2647 34.4093 5.38516 25.2982 11.0454 33.3017 12.0416 39.0512 23.4307 36.0555 36.8917      36 14.1421 28.3196 31.3209       0 5.83095 45.3431 36.4966 34.8855 17.1172
10.2956   42.45 28.1603 21.8403  6.7082 27.6586 9.21954  34.442 29.1548 3.60555 21.2132 8.94427 27.8029 6.40312 33.3017 18.0278 33.7343 31.0644 31.1448 9.05539 22.8035 25.7099 5.83095       0 39.8246 33.0151 29.0689      13
29.7321       4 28.1603 21.4709 46.0109  31.257 30.8058 15.9765 11.6619 40.3113 24.1661 37.0135 12.0416 33.4215       9 21.9317 32.0624 14.0357 34.5254 35.7771 17.0294      25 45.3431 39.8246       0 24.0832 18.0278 38.2753
24.3311 28.0713 40.3609      13 36.6742 9.21954 27.6586 34.0478 16.1245  31.257 12.1655 25.4951 19.4165 28.1603 26.4008 20.1246       8 29.6816 46.8615 34.9285 19.8494 36.1248 36.4966 33.0151 24.0832       0 32.0156 39.5601
21.3776 18.2483  10.198 21.5407 35.7771 34.9285 20.2485 5.40833 16.2788 31.0161 24.3516 30.4138 12.7279 23.4094 9.05539 16.1245 38.5876       4 16.7631 22.0227      13 7.07107 34.8855 29.0689 18.0278 32.0156       0 22.8035
15.6525 39.8121 17.8885 26.6833 18.1108 36.7151  12.083 27.9866 30.1496 16.5529 27.5136 20.6155 27.4591 12.8062 29.9666 20.0998 42.4853 26.0768  19.105       5 23.0868 17.0294 17.1172      13 38.2753 39.5601 22.8035       0


