      0 38.9487 27.1662 37.3631 24.7386 15.8114 31.7805 31.7648      13 21.5407 40.7185 9.21954 34.8855 29.7321 24.5153 36.0694 37.6563 30.2324 45.2217 37.3363 36.2353 18.0278 23.0868 30.0832 43.8292 28.6356 40.3609 16.5529
38.9487       0 29.0689 36.6742 61.0328 38.4838 67.4166 41.0122 27.0185 59.0339 43.7379 48.1041 72.6223 46.5296 31.4006 52.1536 33.9559 9.84886 52.6118 22.4722 49.0102 29.1204 33.7343 15.0333 7.07107 38.1182 56.0357      55
27.1662 29.0689       0 11.4018 39.1152 15.2315 44.0454 12.0416      17 38.9102 17.2047 33.2415 51.3128   17.72 3.60555 23.0868 10.7703 20.0998 25.0799 12.8062  20.025 33.4215 6.40312 14.0357 29.4109 9.05539      27   42.19
37.3631 36.6742 11.4018       0 44.2719 23.0217 47.8539 9.43398 28.3019 45.1221 7.07107  42.107 56.0803 17.2047      13 19.4165 3.16228 29.1548 16.0312 15.0333 15.2643 44.8219 14.3178 22.4722      35  10.198 21.9317 51.0882
24.7386 61.0328 39.1152 44.2719       0 24.2074 7.07107  35.171 34.1321 4.47214  43.566      17 12.2066 28.2843 35.5106 31.0644 46.2385 51.4004 43.0465 51.8652 34.0147 42.5793 32.7567 48.7955 64.5368  34.176  33.541 19.2354
15.8114 38.4838 15.2315 23.0217 24.2074       0 29.7321 16.1555 14.0357 23.7065 25.2982  19.105 36.4005 14.2127 11.7047 20.8087 24.0832 28.6356 29.4109 27.7849 20.5183 29.5466 9.21954      25 41.0488 13.3417 25.2389 28.0713
31.7805 67.4166 44.0454 47.8539 7.07107 29.7321       0 38.4838 40.7063 11.0454 46.1736 24.0208       9 31.0161 40.4599 32.3883 50.1199 57.6888 44.2832 56.8507 35.9026 49.6488 37.6431 54.6717 70.6045 38.0789 34.0147 25.2982
31.7648 41.0122 12.0416 9.43398  35.171 16.1555 38.4838       0 25.6125 36.3456 9.21954 34.9285 46.8188 7.81025 10.7703 11.4018 12.0416 32.1403 14.2127 21.9317       8  42.638      10      26 40.7922 3.60555 15.0333 43.7379
     13 27.0185      17 28.3019 34.1321 14.0357 40.7063 25.6125       0 32.0156 33.3017 21.6333  45.607 26.9258 15.6205 33.6155 27.7308 17.6918 39.8246      25  32.249 17.0294 15.6205  17.088  31.241 22.0227 38.0789 29.5466
21.5407 59.0339 38.9102 45.1221 4.47214 23.7065 11.0454 36.3456 32.0156       0 45.0999 13.1529 13.6015      30 35.3412  33.541 46.8402 49.5782 45.3982 51.4782 36.1248 39.0512 32.6956 47.5079 62.9365 34.9285 36.4005 14.7648
40.7185 43.7379 17.2047 7.07107  43.566 25.2982 46.1736 9.21954 33.3017 45.0999       0 44.1475 54.8179 15.2971 17.6918      15      10 36.0555       9      22 10.8167 50.2096 18.0278 29.4109 42.0119  12.083 16.4012 52.9528
9.21954 48.1041 33.2415  42.107      17  19.105 24.0208 34.9285 21.6333 13.1529 44.1475       0      26 30.8707 30.0666 36.3593      43 39.2046 47.0106  44.643 37.5766 25.9615      28 38.4708 52.8015 32.3883 40.2244       9
34.8855 72.6223 51.3128 56.0803 12.2066 36.4005       9 46.8188  45.607 13.6015 54.8179      26       0 39.5601 47.7074 41.3038 58.1808 63.1269 53.2353 64.0703 44.7214 51.8652 44.9444 60.8276 76.4199 46.0977 43.0116 24.0208
29.7321 46.5296   17.72 17.2047 28.2843 14.2127 31.0161 7.81025 26.9258      30 15.2971 30.8707 39.5601       0 15.1327  6.7082 19.8494 37.1214 16.1555 29.1548  6.7082 43.4166      13 31.5753 47.1275 8.94427 11.1803 39.2173
24.5153 31.4006 3.60555      13 35.5106 11.7047 40.4599 10.7703 15.6205 35.3412 17.6918 30.0666 47.7074 15.1327       0 21.0238 13.1529 22.0227 24.6982 16.4012 18.4391 32.5269 2.82843 16.4924  32.311 7.28011 25.1794 39.0512
36.0694 52.1536 23.0868 19.4165 31.0644 20.8087 32.3883 11.4018 33.6155  33.541      15 36.3593 41.3038  6.7082 21.0238       0 22.4722      43      12 33.2415 4.24264 50.1199 19.2354 37.1214 52.1728 14.0357 4.47214 44.2832
37.6563 33.9559 10.7703 3.16228 46.2385 24.0832 50.1199 12.0416 27.7308 46.8402      10      43 58.1808 19.8494 13.1529 22.4722       0 26.8328      19      12 18.3576 43.8292      15 20.1246 32.0156  12.083 25.0799      52
30.2324 9.84886 20.0998 29.1548 51.4004 28.6356 57.6888 32.1403 17.6918 49.5782 36.0555 39.2046 63.1269 37.1214 22.0227      43 26.8328       0  44.643 16.9706 40.1123 24.0208 24.1868  6.7082 13.6015 29.0172 47.0425 46.6476
45.2217 52.6118 25.0799 16.0312 43.0465 29.4109 44.2832 14.2127 39.8246 45.3982       9 47.0106 53.2353 16.1555 24.6982      12      19  44.643       0      31 9.48683 56.8507 24.2074 38.0789 51.0098 17.8045 10.7703 55.3624
37.3363 22.4722 12.8062 15.0333 51.8652 27.7849 56.8507 21.9317      25 51.4782      22  44.643 64.0703 29.1548 16.4012 33.2415      12 16.9706      31       0 29.4109 38.2753 19.2094 10.8167  20.025 20.2485 36.4005 53.3667
36.2353 49.0102  20.025 15.2643 34.0147 20.5183 35.9026       8  32.249 36.1248 10.8167 37.5766 44.7214  6.7082 18.4391 4.24264 18.3576 40.1123 9.48683 29.4109       0 49.0918  17.088      34 48.6621 11.1803 7.07107 45.8803
18.0278 29.1204 33.4215 44.8219 42.5793 29.5466 49.6488  42.638 17.0294 39.0512 50.2096 25.9615 51.8652 43.4166 32.5269 50.1199 43.8292 24.0208 56.8507 38.2753 49.0918       0 32.6497 27.8927 35.6931 39.0512 54.5894 29.6816
23.0868 33.7343 6.40312 14.3178 32.7567 9.21954 37.6431      10 15.6205 32.6956 18.0278      28 44.9444      13 2.82843 19.2354      15 24.1868 24.2074 19.2094  17.088 32.6497       0 18.9737 34.9285 6.40312 23.5372      37
30.0832 15.0333 14.0357 22.4722 48.7955      25 54.6717      26  17.088 47.5079 29.4109 38.4708 60.8276 31.5753 16.4924 37.1214 20.1246  6.7082 38.0789 10.8167      34 27.8927 18.9737       0 16.1245 23.0868 41.0122 46.6154
43.8292 7.07107 29.4109      35 64.5368 41.0488 70.6045 40.7922  31.241 62.9365 42.0119 52.8015 76.4199 47.1275  32.311 52.1728 32.0156 13.6015 51.0098  20.025 48.6621 35.6931 34.9285 16.1245       0 38.3275 55.7315  60.208
28.6356 38.1182 9.05539  10.198  34.176 13.3417 38.0789 3.60555 22.0227 34.9285  12.083 32.3883 46.0977 8.94427 7.28011 14.0357  12.083 29.0172 17.8045 20.2485 11.1803 39.0512 6.40312 23.0868 38.3275       0 18.0278 41.3038
40.3609 56.0357      27 21.9317  33.541 25.2389 34.0147 15.0333 38.0789 36.4005 16.4012 40.2244 43.0116 11.1803 25.1794 4.47214 25.0799 47.0425 10.7703 36.4005 7.07107 54.5894 23.5372 41.0122 55.7315 18.0278       0 47.8853
16.5529      55   42.19 51.0882 19.2354 28.0713 25.2982 43.7379 29.5466 14.7648 52.9528       9 24.0208 39.2173 39.0512 44.2832      52 46.6476 55.3624 53.3667 45.8803 29.6816      37 46.6154  60.208 41.3038 47.8853       0

