      0 34.7131 27.1662 12.0416 19.2354 24.1661 28.4253 15.8114      25 27.5726      13 21.5407       7 9.21954 14.1421 29.7321 21.9317 7.07107 21.4709 30.2324 32.7567 16.1555 36.2353 18.0278 26.0768 9.21954 13.4164 17.7553 13.4536 18.7883 19.7231 31.6228 14.3178 23.6008 14.8661 34.2053 28.2843  19.105 19.4165 17.8885 20.5913  12.083 36.0694 17.0294 26.2488 15.0333 17.1172 30.0832 27.8029 28.6356 25.4558 21.0238 13.0384 24.0052
34.7131       0 26.0192 22.6716 53.6004 57.6281 45.7056 34.5398 50.6952 24.4182 22.8035 54.8179 29.8329 43.8634 20.6155 43.1856 17.2627 29.6816 33.7343 6.08276 43.2897 44.3847 46.0435 25.4951      21 25.4951 33.8378 50.6779 48.1041 17.4929 44.9222 44.1022 24.6982 40.1995 36.2491 6.40312  6.7082 41.2311 48.8467 51.7397      55 41.1461 3.16228 18.0278 18.1108 24.5967 28.6356 12.1655 9.05539      35 41.7732 47.1275 26.9258 58.3631
27.1662 26.0192       0  21.095 44.4072 41.5933 21.0238 15.2315      29 39.4367      17 38.9102 20.2237 33.2415 21.4009   17.72 29.2062 27.8568 10.6301 20.0998 53.8238 42.9535  20.025 33.4215 5.09902 21.9317 36.2491    44.5 36.6742 14.8661 45.8803  53.535 29.4109 46.5296 17.4642 30.5941 24.0416 44.0114 46.5296 37.3363 45.5412  38.833 29.0689 22.6274 33.8378 12.6491 35.2278 14.0357 26.9258 9.05539 17.4929 47.5395 30.5287 44.1956
12.0416 22.6716  21.095       0 31.0644 35.5106 31.3209 17.4642 32.0624 20.7183 4.24264 32.7567 8.24621 21.2132 2.23607 30.8707      12 8.06226 20.5913 18.3576 32.8024 24.0832 36.3593 12.8062 18.0278 2.82843 15.5242 28.6923 25.4558       8 26.0768   32.45 8.48528 25.4951 18.1108 22.4722 16.2788 23.5372 28.2843 29.4109   32.45 20.2237 24.0832 5.38516 17.0294 9.21954 14.2127 19.2354 16.1245 26.2488 27.5136 28.0179 9.43398 35.8504
19.2354 53.6004 44.4072 31.0644       0 14.7648 37.3363      30 28.3019 41.1491 32.2025 14.2127  25.632 11.1803 33.0151 40.5216 38.9487 24.0832 36.0139 49.3964      37 15.1327 47.1275   32.45 44.3847 28.3019 23.7065  6.0208 8.06226 38.0132      19 35.0143 30.4795 28.1603 28.0179  52.345 47.0106 22.2036 13.1529 11.4018 1.41421 15.2315 54.6717  35.609 42.2019 33.5261 30.0167 49.2443 46.0109 43.1045 36.1386 18.1108 28.4253 10.9202
24.1661 57.6281 41.5933 35.5106 14.7648       0      28 26.4197 17.1172 50.9338 34.8281 2.82843 27.8029 15.5242 37.7359 32.0624 46.0977 31.0161 31.3847 52.4023 50.4876 28.4429 38.0132 41.4849 43.2666 32.7567 34.2345 20.4267 12.0416 40.3609 32.7567 48.6621 38.2753 41.1947 24.1868 57.9828  51.614 35.2278 27.5136 6.32456 14.4222 27.0185 59.4054 40.8167 50.3289 33.9706 39.8121 50.3289 51.6236 37.3631 28.2843   32.28 36.6879 4.71699
28.4253 45.7056 21.0238 31.3209 37.3363      28       0 13.9284 11.1803 52.0216 27.6586 26.0768 24.5967 28.3019 32.9848 4.47214 42.9535 33.6155 12.0416 39.6232 61.0328 43.2782 10.0499 43.4626 25.2982 30.0832 41.6173 40.2647 29.5466 30.0167 47.4236      60      39 52.0096 13.8924 49.0918 42.0476 47.4236 45.2217 26.6833 37.9473 39.6232 48.5077 35.6931 48.0521 23.1948 43.8292 34.4819 44.0114 12.8062       4 48.2701 38.9102 32.0975
15.8114 34.5398 15.2315 17.4642      30 26.4197 13.9284       0 16.1555 38.1215 14.0357 23.7065 10.8167  19.105 19.2354 14.2127 29.2746      20 6.08276 28.6356  47.634 31.7648 20.5183 29.5466 17.0294 16.1555 28.3196 31.0846 22.0227 17.4642 35.5106 46.7547 25.0799 38.8973 2.23607 36.8782 29.8329 34.8281 34.5398 22.1359 31.0161 27.7849      37 22.0907 34.3657  10.198 30.0167      25  31.257 13.3417 10.2956 36.7151 25.0599 28.9698
     25 50.6952      29 32.0624 28.3019 17.1172 11.1803 16.1555       0 51.7421 29.4279 15.5242      24 21.4009 34.1321 15.5242 44.0454 31.5753 18.4391 44.7772 57.2713 37.2022 21.0238 42.4264 32.2025      30 38.2753 32.2684 21.2603 33.5261 41.6173 55.9017 38.2099 47.8539 14.5602 52.8867 45.8803 42.5441 38.2099      17 28.6531 34.1321 53.1413 37.2156 49.0102 26.2488 41.9762 40.8167 47.0744 22.4722   12.53 42.0119 37.4833 21.4767
27.5726 24.4182 39.4367 20.7183 41.1491 50.9338 52.0216 38.1215 51.7421       0 24.6221 48.5412 27.9508 35.4154 19.2419 51.5388 10.2591 20.5244 41.1734 25.2834 19.0066 27.4089 56.8001 9.55249 35.0179 22.0737 17.4428 36.2008   39.08 24.6018 25.8312 20.0562  13.537 18.1177 38.5649 19.0066    19.5 21.5928 31.5159 44.6346    42.5 25.9856 23.0489  17.066     6.5 29.5169 11.2361 30.7937 15.9765 46.2196 48.2312 27.9866 14.5344 49.6488
     13 22.8035      17 4.24264 32.2025 34.8281 27.6586 14.0357 29.4279 24.6221       0 32.0156 7.07107 21.6333 5.38516 26.9258 15.2971 11.1803 16.5529 17.6918 37.0135 27.0185  32.249 17.0294 14.3178 5.09902 19.3132 30.5655  25.807 5.83095 29.4279 36.6197 12.7279 29.5296 15.0333 23.7697      17 27.2029 31.0161      29  33.541      23 24.6982 8.06226 20.3961       5 18.4391  17.088   17.72 22.0227 23.7697  31.257 13.6015 35.7246
21.5407 54.8179 38.9102 32.7567 14.2127 2.82843 26.0768 23.7065 15.5242 48.5412 32.0156       0      25 13.1529 34.9857      30 43.4626 28.4605 28.7924 49.5782 48.8365 26.9258 36.1248 39.0512 40.4969 30.0167 32.0624 19.4743 10.0499 37.5366 31.3209 47.0744 35.7351 39.4588 21.4709 55.2268 48.8262  33.541 26.4008       4 14.1421 25.1794 56.6127 38.0789 47.7598 31.1448 37.4833 47.5079 48.8774 34.9285 26.0768 31.0161 34.2053  6.0208
      7 29.8329 20.2237 8.24621  25.632 27.8029 24.5967 10.8167      24 27.9508 7.07107      25       0 14.7648 10.4403      25 20.0998 9.21954 15.6205 24.7588 36.8782 22.8035 31.1448 18.9737  19.105       6 17.6918  24.683  18.868 12.8062      26 36.0694 14.5602 28.3196 10.7703 30.4138 23.8537 24.6982 26.3059 21.9317 26.9258 18.6815 31.6228 13.6015   25.02 8.06226 19.2354 23.7065 24.1661 22.4722  21.095 27.5136 14.3178 28.6575
9.21954 43.8634 33.2415 21.2132 11.1803 15.5242 28.3019  19.105 21.4009 35.4154 21.6333 13.1529 14.7648       0 23.3452 30.8707 30.8869 15.6525 25.1794 39.2046 36.6879 15.8114 37.5766 25.9615 33.2415 18.3848      19 12.1758 4.24264 27.4591 20.2485 35.1141 22.8473 27.2029 17.2627 43.4166 37.4833 21.5407 17.0294 9.21954 12.3693      13 45.2769 26.2488 34.9285 22.4722 24.3311 38.4708 37.0135 32.3883 26.4008 20.6155 21.1896 14.8408
14.1421 20.6155 21.4009 2.23607 33.0151 37.7359 32.9848 19.2354 34.1321 19.2419 5.38516 34.9857 10.4403 23.3452       0  32.311 10.0499 9.48683 21.9317 16.5529   32.45  25.318 37.5899 12.0416 17.8885       5 16.1245 30.4179 27.5862 7.28011      27  32.249 8.06226  25.632  20.025 20.2485 14.1421 24.1868 29.6142 31.6228 34.4093  21.587 21.9317 3.16228 15.1327 10.2956 13.8924 18.0278 13.8924 27.2029 29.1204 29.0172 9.48683 38.0296
29.7321 43.1856   17.72 30.8707 40.5216 32.0624 4.47214 14.2127 15.5242 51.5388 26.9258      30      25 30.8707  32.311       0 42.0595 34.2053 10.4403 37.1214 61.8466 45.2217  6.7082 43.4166 22.3607 30.0167 42.5206 43.0029  32.573 28.4429 49.2037  60.959 38.9487 53.0754 14.8661 47.0106   40.05 48.8365 47.5079 30.2655 41.2311 41.4005 46.0977 34.7851 47.1275 22.1359 44.1022 31.5753 42.2966 8.94427 4.47214 50.2195 39.1152 36.0035
21.9317 17.2627 29.2062      12 38.9487 46.0977 42.9535 29.2746 44.0454 10.2591 15.2971 43.4626 20.0998 30.8869 10.0499 42.0595       0 15.2643 31.6228 16.2788 27.2029 27.7849 47.0106 8.24621 24.7588 14.1421      17 35.0892 34.9857 14.4222 27.8568 27.6586 8.48528 23.0217 30.0666 13.8924      11 24.0416  32.249 39.8121 40.3609      25  17.088 7.28011 5.09902 19.9249 11.4018 21.0238 8.24621 36.2353 39.0512 30.0832 10.6301 45.7083
7.07107 29.6816 27.8568 8.06226 24.0832 31.0161 33.6155      20 31.5753 20.5244 11.1803 28.4605 9.21954 15.6525 9.48683 34.2053 15.2643       0 24.7588      26 27.6586 16.0312 40.3609      11 25.4951 6.08276 8.60233 21.0297 19.7231 16.0312 18.2483 26.8701 7.28011 19.2094 19.7231 28.2843 23.0217 16.1555 20.2237 24.6982 25.4951 12.1655 30.6105 11.6619 19.3132 15.2315 10.4403 27.2947 21.9317 31.4006 30.2324 20.0998       6 30.4508
21.4709 33.7343 10.6301 20.5913 36.0139 31.3847 12.0416 6.08276 18.4391 41.1734 16.5529 28.7924 15.6205 25.1794 21.9317 10.4403 31.6228 24.7588       0 27.6586  52.345 37.5766 15.8114 33.2866 13.8924      20 33.3017 37.1652      28 18.1108 41.1825 51.6236 28.8444 43.9318       8  37.054 30.0167 40.2244 40.4969 27.6586      37  33.541 36.4966 24.3516 36.6879 11.7047 34.2053 22.8473 32.0624 7.28011 8.06226 42.4853 29.2062 34.3402
30.2324 6.08276 20.0998 18.3576 49.3964 52.4023 39.6232 28.6356 44.7772 25.2834 17.6918 49.5782 24.7588 39.2046 16.5529 37.1214 16.2788      26 27.6586       0 43.4166 41.4849 40.1123 24.0208 15.0333  21.095 31.4006 46.9707 43.4166 12.0416 42.5793 43.9318 22.2036 39.0512 30.4138 10.7703 5.83095 39.2046 45.8803  46.669  50.774 37.9473       9 14.5602 18.7883  18.868      27  6.7082 9.43398 29.0172 35.6931 44.7214 24.3311 53.4158
32.7567 43.2897 53.8238 32.8024      37 50.4876 61.0328  47.634 57.2713 19.0066 37.0135 48.8365 36.8782 36.6879   32.45 61.8466 27.2029 27.6586  52.345 43.4166       0 22.0907 68.0147 20.5913 50.2494 32.5576 19.4165  31.004  38.833 39.4462      18 2.23607 24.4131 9.48683 47.2017 38.0132  37.855 15.2971 24.0832  44.911 38.0132 23.7697 42.0476 31.7648 25.1794 41.8688 18.6011 48.1041 34.5254 58.7282 57.8014  19.105 23.4307 47.5946
16.1555 44.3847 42.9535 24.0832 15.1327 28.4429 43.2782 31.7648 37.2022 27.4089 27.0185 26.9258 22.8035 15.8114  25.318 45.2217 27.7849 16.0312 37.5766 41.4849 22.0907       0 51.8652      20 41.1947      22 10.8167 9.34077  17.088 32.0624 4.47214 20.2237 19.6977 13.0384 30.5287 41.6773 37.6962 7.07107 4.47214 23.0868 16.2788 4.12311 44.7214 26.9258 29.8329 30.4138 17.0294 43.2897 35.7771 44.7772 40.8044       5 17.4642 25.5196
36.2353 46.0435  20.025 36.3593 47.1275 38.0132 10.0499 20.5183 21.0238 56.8001  32.249 36.1248 31.1448 37.5766 37.5899  6.7082 47.0106 40.3609 15.8114 40.1123 68.0147 51.8652       0 49.0918 25.0799  35.805 48.7955 49.7016 39.2173 32.8938 55.8032 67.2086 44.6542  59.397 21.4009 50.4876 43.7379 55.3173 54.2033 36.6742 47.8017 48.0104 49.0918 39.8121      52 27.2947      50      34 46.3249 11.1803 11.1803 56.8595      45 42.1456
18.0278 25.4951 33.4215 12.8062   32.45 41.4849 43.4626 29.5466 42.4264 9.55249 17.0294 39.0512 18.9737 25.9615 12.0416 43.4166 8.24621      11 33.2866 24.0208 20.5913      20 49.0918       0 29.6816 13.4164 9.21954 27.9866 29.7321  18.868 19.6977 20.6155 4.47214 15.0333 29.7321 21.9317  19.105 15.8114 24.4131  35.171 33.8378 17.6918 25.2982 11.1803 9.89949 22.0227 3.16228 27.8927 16.4924 39.0512 39.8121 21.9317       5 40.3887
26.0768      21 5.09902 18.0278 44.3847 43.2666 25.2982 17.0294 32.2025 35.0179 14.3178 40.4969  19.105 33.2415 17.8885 22.3607 24.7588 25.4951 13.8924 15.0333 50.2494 41.1947 25.0799 29.6816       0 19.4165 33.5261 43.7864      37 10.8167 43.7379 50.1199 25.9422 43.4626 19.2094 25.4951 18.9737 41.4849 45.0444 38.4708  45.607 37.1214 24.0208 18.6011 29.2062 11.0454 31.7648 9.21954 21.9317      14 21.5407 45.5412  27.313  45.412
9.21954 25.4951 21.9317 2.82843 28.3019 32.7567 30.0832 16.1555      30 22.0737 5.09902 30.0167       6 18.3848       5 30.0167 14.1421 6.08276      20  21.095 32.5576      22  35.805 13.4164 19.4165       0 14.3178 26.1008 22.6274  10.198 24.3311 32.0156 8.94427 24.6982 16.4924 25.2389  19.105 22.1359 26.0768 26.6271 29.6816 18.0278 26.9072 8.06226 19.0263 9.43398 14.2127  21.587  18.868 26.1725 26.4008 26.1725 9.21954 33.0341
13.4164 33.8378 36.2491 15.5242 23.7065 34.2345 41.6173 28.3196 38.2753 17.4428 19.3132 32.0624 17.6918      19 16.1245 42.5206      17 8.60233 33.3017 31.4006 19.4165 10.8167 48.7955 9.21954 33.5261 14.3178       0 18.9011 22.2036 23.3452 11.1803 18.4391 9.21954 10.6301 27.8029 30.8869 27.2029 8.06226 15.2643 28.0713 25.0599 8.60233 34.0147 17.0294  19.105 23.7065 6.40312 34.0147 25.0799      40 38.4187 13.3417 7.07107    32.5
17.7553 50.6779    44.5 28.6923  6.0208 20.4267 40.2647 31.0846 32.2684 36.2008 30.5655 19.4743  24.683 12.1758 30.4179 43.0029 35.0892 21.0297 37.1652 46.9707  31.004 9.34077 49.7016 27.9866 43.7864 26.1008 18.9011       0 11.0114 36.2112 13.0096 29.0043 26.6317 22.2767 29.3471 48.8083 43.9915 16.3783 7.15891 16.1012 7.01783 10.3078 51.4514 32.6841 37.8715 32.7452 25.3032 47.6051 42.6058 44.4213 38.5389 12.0934 24.4591 16.8671
13.4536 48.1041 36.6742 25.4558 8.06226 12.0416 29.5466 22.0227 21.2603   39.08  25.807 10.0499  18.868 4.24264 27.5862  32.573 34.9857 19.7231      28 43.4166  38.833  17.088 39.2173 29.7321      37 22.6274 22.2036 11.0114       0 31.6228 21.5407  37.108 26.8328 29.4279      20  47.634 41.7253 23.5372 17.2047 6.08276       9 15.1327 49.5177 30.4795 38.9102 26.4008 27.8927 42.5441 41.2311 35.0571 28.1603 21.4709 25.0799 10.7355
18.7883 17.4929 14.8661       8 38.0132 40.3609 30.0167 17.4642 33.5261 24.6018 5.83095 37.5366 12.8062 27.4591 7.28011 28.4429 14.4222 16.0312 18.1108 12.0416 39.4462 32.0624 32.8938  18.868 10.8167  10.198 23.3452 36.2112 31.6228       0 34.0588 39.3573 15.2315 32.8938 18.9737 19.4165 12.3693 31.4006 36.2215 34.6554 39.3573 28.1603 19.6977 7.81025 19.2354 7.28011 21.0238 11.4018      14 21.9317 26.0192 36.0139 16.7631 41.4397
19.7231 44.9222 45.8803 26.0768      19 32.7567 47.4236 35.5106 41.6173 25.8312 29.4279 31.3209      26 20.2485      27 49.2037 27.8568 18.2483 41.1825 42.5793      18 4.47214 55.8032 19.6977 43.7379 24.3311 11.1803 13.0096 21.5407 34.0588       0 16.0312 20.3961 9.48683 34.4093 41.6293 38.3275 4.24264 6.32456 27.5136  20.025 7.81025 44.9444 28.1603 29.1548 33.2415 16.5529 45.0111 36.0555 48.3011 44.8219 2.23607 18.2483 29.6522
31.6228 44.1022  53.535   32.45 35.0143 48.6621      60 46.7547 55.9017 20.0562 36.6197 47.0744 36.0694 35.1141  32.249  60.959 27.6586 26.8701 51.6236 43.9318 2.23607 20.2237 67.2086 20.6155 50.1199 32.0156 18.4391 29.0043  37.108 39.3573 16.0312       0 24.1868 8.06226 46.2277 39.0128 38.4708 13.6015 22.0227 43.1741      36 22.1359      43 31.7805 26.0192 41.4005 18.3576 48.3839 35.2278 58.1378 56.8507 17.0294 23.0217 45.6755
14.3178 24.6982 29.4109 8.48528 30.4795 38.2753      39 25.0799 38.2099  13.537 12.7279 35.7351 14.5602 22.8473 8.06226 38.9487 8.48528 7.28011 28.8444 22.2036 24.4131 19.6977 44.6542 4.47214 25.9422 8.94427 9.21954 26.6317 26.8328 15.2315 20.3961 24.1868       0   17.72 25.2982 22.2036 18.0278 17.0294 24.1661 31.9531 31.8904 16.6433 25.0599 8.06226  12.083 17.6918 5.83095 25.1794 16.1245 34.7131 35.3412  22.561 2.23607 37.5666
23.6008 40.1995 46.5296 25.4951 28.1603 41.1947 52.0096 38.8973 47.8539 18.1177 29.5296 39.4588 28.3196 27.2029  25.632 53.0754 23.0217 19.2094 43.9318 39.0512 9.48683 13.0384  59.397 15.0333 43.4626 24.6982 10.6301 22.2767 29.4279 32.8938 9.48683 8.06226   17.72       0 38.2884 35.9026 34.0147       6 15.8114 35.5106 29.2746 14.3178 39.6232 25.7099 22.8035 34.1321 12.1655 42.7551 31.1448 50.6063 48.9183 11.1803 16.1555    38.5
14.8661 36.2491 17.4642 18.1108 28.0179 24.1868 13.8924 2.23607 14.5602 38.5649 15.0333 21.4709 10.7703 17.2627  20.025 14.8661 30.0666 19.7231       8 30.4138 47.2017 30.5287 21.4009 29.7321 19.2094 16.4924 27.8029 29.3471      20 18.9737 34.4093 46.2277 25.2982 38.2884       0 38.3275 31.3209 33.9706 33.1059 19.9249      29 26.6271 38.6264      23 35.1283 11.7047 29.9666 27.0185 32.5576 15.1327 10.6301 35.5106 25.0799 26.7442
34.2053 6.40312 30.5941 22.4722  52.345 57.9828 49.0918 36.8782 52.8867 19.0066 23.7697 55.2268 30.4138 43.4166 20.2485 47.0106 13.8924 28.2843  37.054 10.7703 38.0132 41.6773 50.4876 21.9317 25.4951 25.2389 30.8869 48.8083  47.634 19.4165 41.6293 39.0128 22.2036 35.9026 38.3275       0 7.07107 37.6962 46.1411 51.8652 53.7587  38.833 4.12311 17.2047 13.1529 26.6833 25.0799 17.4642 6.40312 39.3192 45.0999 43.8634 24.4131 58.2001
28.2843  6.7082 24.0416 16.2788 47.0106  51.614 42.0476 29.8329 45.8803    19.5      17 48.8262 23.8537 37.4833 14.1421   40.05      11 23.0217 30.0167 5.83095  37.855 37.6962 43.7379  19.105 18.9737  19.105 27.2029 43.9915 41.7253 12.3693 38.3275 38.4708 18.0278 34.0147 31.3209 7.07107       0 34.7131 42.1545  45.607 48.4149 34.4384 7.81025 11.4018      13 19.6469 22.2036 12.0416 3.60555 32.5576 38.0526 40.5216 20.2485 52.1177
 19.105 41.2311 44.0114 23.5372 22.2036 35.2278 47.4236 34.8281 42.5441 21.5928 27.2029  33.541 24.6982 21.5407 24.1868 48.8365 24.0416 16.1555 40.2244 39.2046 15.2971 7.07107 55.3173 15.8114 41.4849 22.1359 8.06226 16.3783 23.5372 31.4006 4.24264 13.6015 17.0294       6 33.9706 37.6962 34.7131       0 10.2956 29.6142 23.3452   8.544 41.1096      25 25.0599 31.3847 12.6491 42.0476   32.28 47.1699 44.5533 6.40312      15    32.5
19.4165 48.8467 46.5296 28.2843 13.1529 27.5136 45.2217 34.5398 38.2099 31.5159 31.0161 26.4008 26.3059 17.0294 29.6142 47.5079  32.249 20.2237 40.4969 45.8803 24.0832 4.47214 54.2033 24.4131 45.0444 26.0768 15.2643 7.15891 17.2047 36.2215 6.32456 22.0227 24.1661 15.8114 33.1059 46.1411 42.1545 10.2956       0 22.8254 14.0357 8.06226 49.1935 31.3209 34.2053 34.1321 21.4009 47.5184 40.2492 47.7598 43.0465       5 21.9317  24.026
17.8885 51.7397 37.3363 29.4109 11.4018 6.32456 26.6833 22.1359      17 44.6346      29       4 21.9317 9.21954 31.6228 30.2655 39.8121 24.6982 27.6586  46.669  44.911 23.0868 36.6742  35.171 38.4708 26.6271 28.0713 16.1012 6.08276 34.6554 27.5136 43.1741 31.9531 35.5106 19.9249 51.8652  45.607 29.6142 22.8254       0 11.6619 21.2132 53.4135 34.6699 44.0114 28.6007  33.541      45 45.4863 34.2345 26.0768  27.313 30.3645 6.94622
20.5913      55 45.5412   32.45 1.41421 14.4222 37.9473 31.0161 28.6531    42.5  33.541 14.1421 26.9258 12.3693 34.4093 41.2311 40.3609 25.4951      37  50.774 38.0132 16.2788 47.8017 33.8378  45.607 29.6816 25.0599 7.01783       9 39.3573  20.025      36 31.8904 29.2746      29 53.7587 48.4149 23.3452 14.0357 11.6619       0 16.5529 56.0803 37.0135 43.6005 34.7851 31.3847 50.5668 47.4236 44.0454 36.8782 19.0263 29.8329 10.3078
 12.083 41.1461  38.833 20.2237 15.2315 27.0185 39.6232 27.7849 34.1321 25.9856      23 25.1794 18.6815      13  21.587 41.4005      25 12.1655  33.541 37.9473 23.7697 4.12311 48.0104 17.6918 37.1214 18.0278 8.60233 10.3078 15.1327 28.1603 7.81025 22.1359 16.6433 14.3178 26.6271  38.833 34.4384   8.544 8.06226 21.2132 16.5529       0 41.6773 23.4094 27.5862 26.3059      15 39.4588 32.7567 40.7185 37.0135 8.94427 14.4222  24.683
36.0694 3.16228 29.0689 24.0832 54.6717 59.4054 48.5077      37 53.1413 23.0489 24.6982 56.6127 31.6228 45.2769 21.9317 46.0977  17.088 30.6105 36.4966       9 42.0476 44.7214 49.0918 25.2982 24.0208 26.9072 34.0147 51.4514 49.5177 19.6977 44.9444      43 25.0599 39.6232 38.6264 4.12311 7.81025 41.1096 49.1935 53.4135 56.0803 41.6773       0  19.105 17.0294 26.9258 28.4605 15.2971 8.94427 38.0132 44.5533 47.1699 27.2947  59.927
17.0294 18.0278 22.6274 5.38516  35.609 40.8167 35.6931 22.0907 37.2156  17.066 8.06226 38.0789 13.6015 26.2488 3.16228 34.7851 7.28011 11.6619 24.3516 14.5602 31.7648 26.9258 39.8121 11.1803 18.6011 8.06226 17.0294 32.6841 30.4795 7.81025 28.1603 31.7805 8.06226 25.7099      23 17.2047 11.4018      25 31.3209 34.6699 37.0135 23.4094  19.105       0 12.3693 12.6491 13.6015 17.1172 10.8167 29.1548 31.7805 30.2655      10  41.003
26.2488 18.1108 33.8378 17.0294 42.2019 50.3289 48.0521 34.3657 49.0102     6.5 20.3961 47.7598   25.02 34.9285 15.1327 47.1275 5.09902 19.3132 36.6879 18.7883 25.1794 29.8329      52 9.89949 29.2062 19.0263  19.105 37.8715 38.9102 19.2354 29.1548 26.0192  12.083 22.8035 35.1283 13.1529      13 25.0599 34.2053 44.0114 43.6005 27.5862 17.0294 12.3693       0      25 12.8062 24.4131 9.48683 41.1461 44.1475 31.3847 13.8924 49.6412
15.0333 24.5967 12.6491 9.21954 33.5261 33.9706 23.1948  10.198 26.2488 29.5169       5 31.1448 8.06226 22.4722 10.2956 22.1359 19.9249 15.2315 11.7047  18.868 41.8688 30.4138 27.2947 22.0227 11.0454 9.43398 23.7065 32.7452 26.4008 7.28011 33.2415 41.4005 17.6918 34.1321 11.7047 26.6833 19.6469 31.3847 34.1321 28.6007 34.7851 26.3059 26.9258 12.6491      25       0 23.3452 16.4012  21.095 17.0294 19.2354 34.9285 18.4391 35.5141
17.1172 28.6356 35.2278 14.2127 30.0167 39.8121 43.8292 30.0167 41.9762 11.2361 18.4391 37.4833 19.2354 24.3311 13.8924 44.1022 11.4018 10.4403 34.2053      27 18.6011 17.0294      50 3.16228 31.7648 14.2127 6.40312 25.3032 27.8927 21.0238 16.5529 18.3576 5.83095 12.1655 29.9666 25.0799 22.2036 12.6491 21.4009  33.541 31.3847      15 28.4605 13.6015 12.8062 23.3452       0 30.5941 19.6469 40.3113 40.3113 18.7883       5  38.422
30.0832 12.1655 14.0357 19.2354 49.2443 50.3289 34.4819      25 40.8167 30.7937  17.088 47.5079 23.7065 38.4708 18.0278 31.5753 21.0238 27.2947 22.8473  6.7082 48.1041 43.2897      34 27.8927 9.21954  21.587 34.0147 47.6051 42.5441 11.4018 45.0111 48.3839 25.1794 42.7551 27.0185 17.4642 12.0416 42.0476 47.5184      45 50.5668 39.4588 15.2971 17.1172 24.4131 16.4012 30.5941       0 15.5563 23.0868 30.6757 47.0425  27.074 51.9062
27.8029 9.05539 26.9258 16.1245 46.0109 51.6236 44.0114  31.257 47.0744 15.9765   17.72 48.8774 24.1661 37.0135 13.8924 42.2966 8.24621 21.9317 32.0624 9.43398 34.5254 35.7771 46.3249 16.4924 21.9317  18.868 25.0799 42.6058 41.2311      14 36.0555 35.2278 16.1245 31.1448 32.5576 6.40312 3.60555   32.28 40.2492 45.4863 47.4236 32.7567 8.94427 10.8167 9.48683  21.095 19.6469 15.5563       0  35.171 40.0125 38.2753 18.3576 51.8001
28.6356      35 9.05539 26.2488 43.1045 37.3631 12.8062 13.3417 22.4722 46.2196 22.0227 34.9285 22.4722 32.3883 27.2029 8.94427 36.2353 31.4006 7.28011 29.0172 58.7282 44.7772 11.1803 39.0512      14 26.1725      40 44.4213 35.0571 21.9317 48.3011 58.1378 34.7131 50.6063 15.1327 39.3192 32.5576 47.1699 47.7598 34.2345 44.0454 40.7185 38.0132 29.1548 41.1461 17.0294 40.3113 23.0868  35.171       0      10 49.6588 35.3553 40.6971
25.4558 41.7732 17.4929 27.5136 36.1386 28.2843       4 10.2956   12.53 48.2312 23.7697 26.0768  21.095 26.4008 29.1204 4.47214 39.0512 30.2324 8.06226 35.6931 57.8014 40.8044 11.1803 39.8121 21.5407 26.4008 38.4187 38.5389 28.1603 26.0192 44.8219 56.8507 35.3412 48.9183 10.6301 45.0999 38.0526 44.5533 43.0465 26.0768 36.8782 37.0135 44.5533 31.7805 44.1475 19.2354 40.3113 30.6757 40.0125      10       0 45.8039 35.3553 32.0351
21.0238 47.1275 47.5395 28.0179 18.1108   32.28 48.2701 36.7151 42.0119 27.9866  31.257 31.0161 27.5136 20.6155 29.0172 50.2195 30.0832 20.0998 42.4853 44.7214  19.105       5 56.8595 21.9317 45.5412 26.1725 13.3417 12.0934 21.4709 36.0139 2.23607 17.0294  22.561 11.1803 35.5106 43.8634 40.5216 6.40312       5  27.313 19.0263 8.94427 47.1699 30.2655 31.3847 34.9285 18.7883 47.0425 38.2753 49.6588 45.8039       0 20.3961 28.9353
13.0384 26.9258 30.5287 9.43398 28.4253 36.6879 38.9102 25.0599 37.4833 14.5344 13.6015 34.2053 14.3178 21.1896 9.48683 39.1152 10.6301       6 29.2062 24.3311 23.4307 17.4642      45       5  27.313 9.21954 7.07107 24.4591 25.0799 16.7631 18.2483 23.0217 2.23607 16.1555 25.0799 24.4131 20.2485      15 21.9317 30.3645 29.8329 14.4222 27.2947      10 13.8924 18.4391       5  27.074 18.3576 35.3553 35.3553 20.3961       0 35.7946
24.0052 58.3631 44.1956 35.8504 10.9202 4.71699 32.0975 28.9698 21.4767 49.6488 35.7246  6.0208 28.6575 14.8408 38.0296 36.0035 45.7083 30.4508 34.3402 53.4158 47.5946 25.5196 42.1456 40.3887  45.412 33.0341    32.5 16.8671 10.7355 41.4397 29.6522 45.6755 37.5666    38.5 26.7442 58.2001 52.1177    32.5  24.026 6.94622 10.3078  24.683  59.927  41.003 49.6412 35.5141  38.422 51.9062 51.8001 40.6971 32.0351 28.9353 35.7946       0


