      0 38.9487 27.1662 37.3631 24.7386 29.6816 28.4253 15.8114 31.7805 31.7648      13 21.5407 40.7185 9.21954 34.8855 29.7321 24.5153 36.0694 37.6563 30.2324 45.2217 37.3363 36.2353 18.0278 23.0868 5.83095 13.4164 17.7553 10.4403 18.7883 19.7231 39.8121 14.3178  32.311 18.0278 20.6155 20.6155  19.105 15.0333 17.8885 20.6155 9.05539 36.0694 17.0294  28.178 15.0333 18.3848 30.0832 43.8292 28.6356 40.3609 16.5529 13.0384 24.2745
38.9487       0 29.0689 36.6742 61.0328 68.0147 49.2443 38.4838 67.4166 41.0122 27.0185 59.0339 43.7379 48.1041 72.6223 46.5296 31.4006 52.1536 33.9559 9.84886 52.6118 22.4722 49.0102 29.1204 33.7343 33.4215 37.6962 54.8019 48.1664 21.6333 48.7032 11.4018 28.6356 58.5235 45.1885 22.8473 41.1096 44.9222 50.6063 55.9732 59.5483 45.4863       4 22.2036 16.0312 28.6531  37.108 15.0333 7.07107 38.1182 56.0357      55 30.8707 62.6598
27.1662 29.0689       0 11.4018 39.1152 48.3011 21.0238 15.2315 44.0454 12.0416      17 38.9102 17.2047 33.2415 51.3128   17.72 3.60555 23.0868 10.7703 20.0998 25.0799 12.8062  20.025 33.4215 6.40312 25.2982 36.2491    44.5 30.8058 14.8661 45.8803 21.9317 29.4109 30.8869 20.8087 10.6301 14.8661 44.0114   42.19 37.3363 44.1475 36.2215 29.0689 22.6274  31.305 12.6491 39.4462 14.0357 29.4109 9.05539      27   42.19 30.5287 43.6606
37.3631 36.6742 11.4018       0 44.2719 54.1202 21.6333 23.0217 47.8539 9.43398 28.3019 45.1221 7.07107  42.107 56.0803 17.2047      13 19.4165 3.16228 29.1548 16.0312 15.0333 15.2643 44.8219 14.3178 36.2491 47.4131  53.956      39 26.1725  56.648      27 40.8044  31.241 26.4764 21.9317 20.2237 55.0364 52.1728 44.4072 52.0865 46.3249 37.6431 33.9706 41.8808 23.7065  50.774 22.4722      35  10.198 21.9317 51.0882 41.8808 50.1124
24.7386 61.0328 39.1152 44.2719       0 10.0499 24.0832 24.2074 7.07107  35.171 34.1321 4.47214  43.566      17 12.2066 28.2843 35.5106 31.0644 46.2385 51.4004 43.0465 51.8652 34.0147 42.5793 32.7567 30.3645      36 23.9426 14.3178 39.4081 35.7351 58.6941 39.0512 18.9737 18.3576 38.9487 24.5967  37.855 26.5707 8.24621 14.8661 25.1794 58.8303 40.7185 52.5547 32.6497 41.0122 48.7955 64.5368  34.176  33.541 19.2354 37.6563 7.82624
29.6816 68.0147 48.3011 54.1202 10.0499       0 34.1321  33.121 10.8167 45.1221 41.0366 9.43398 53.6004 20.5913       6 38.3275 44.7214 41.0122 55.9732 58.6941 53.0094 60.9016 44.0454 46.2385 42.0476 35.5106 38.3275 22.0511 19.8494  46.669 35.0143 66.8431  43.382 28.4429 27.8568 46.8615  34.176 38.0526 26.0192 12.0416      12 26.9258  65.437 46.6154 57.8014 40.4599 42.9535 56.8507 72.1388 43.9659 43.2897 18.0278 41.6293 5.40833
28.4253 49.2443 21.0238 21.6333 24.0832 34.1321       0 13.9284 26.5707 12.2066 27.6586 26.0768 19.6469 28.3019  35.171 4.47214 18.0278 8.06226 24.2074 39.6232 19.4165 33.0151 10.0499 43.4626 15.5242 30.8869 41.6173 40.2647 24.1868 30.0167 47.4236 42.9535      39      10 10.6301  27.074 9.21954 47.4236 40.2244 26.6833  35.171 35.4683 48.5077 35.6931 47.2652 23.1948 46.3249 34.4819 50.3289 12.8062 12.0416 36.2491 38.9102 31.0363
15.8114 38.4838 15.2315 23.0217 24.2074  33.121 13.9284       0 29.7321 16.1555 14.0357 23.7065 25.2982  19.105 36.4005 14.2127 11.7047 20.8087 24.0832 28.6356 29.4109 27.7849 20.5183 29.5466 9.21954 17.2047 28.3196 31.0846 16.0312 17.4642 35.5106 34.7131 25.0799 21.0238  6.7082 15.6525       5 34.8281 29.7321 22.1359 29.2746 24.1661      37 22.0907      34  10.198 32.8024      25 41.0488 13.3417 25.2389 28.0713 25.0599 28.4297
31.7805 67.4166 44.0454 47.8539 7.07107 10.8167 26.5707 29.7321       0 38.4838 40.7063 11.0454 46.1736 24.0208       9 31.0161 40.4599 32.3883 50.1199 57.6888 44.2832 56.8507 35.9026 49.6488 37.6431 37.3631 43.0116  29.904 21.3776  45.793 42.2019 64.4438 46.0977 19.0263 23.3452      45 29.2062 44.5533 32.9848 15.0333 20.1246 32.0624 65.3682 47.5395 59.4643  38.833      48 54.6717 70.6045 38.0789 34.0147 25.2982 44.7214 12.0934
31.7648 41.0122 12.0416 9.43398  35.171 45.1221 12.2066 16.1555 38.4838       0 25.6125 36.3456 9.21954 34.9285 46.8188 7.81025 10.7703 11.4018 12.0416 32.1403 14.2127 21.9317       8  42.638      10 32.0156 43.4166 47.0558 31.4006 25.4951 51.4782 32.9848 38.2884 21.9317      18 21.5407 12.1655 50.4777 45.8803 36.0139 44.0454 40.3113 41.1096 32.7567   42.72 20.6155 47.4236      26 40.7922 3.60555 15.0333 43.7379 38.8973 41.3673
     13 27.0185      17 28.3019 34.1321 41.0366 27.6586 14.0357 40.7063 25.6125       0 32.0156 33.3017 21.6333  45.607 26.9258 15.6205 33.6155 27.7308 17.6918 39.8246      25  32.249 17.0294 15.6205       9 19.3132 30.5655 21.2132 5.83095 29.4279 26.8328 12.7279      35 20.0998       8 18.4391 27.2029 27.2947      29 33.2866 21.3776 24.6982 8.06226  20.025       5 22.4722  17.088  31.241 22.0227 38.0789 29.5466 13.6015 35.7106
21.5407 59.0339 38.9102 45.1221 4.47214 9.43398 26.0768 23.7065 11.0454 36.3456 32.0156       0 45.0999 13.1529 13.6015      30 35.3412  33.541 46.8402 49.5782 45.3982 51.4782 36.1248 39.0512 32.6956  27.313 32.0624 19.4743 11.1803 37.5366 31.3209 57.4891 35.7351 22.3607 18.6815 37.5366      25  33.541 22.1359       4 10.6301 21.0238 56.6127 38.0789 49.6588 31.1448 37.0135 47.5079 62.9365 34.9285 36.4005 14.7648 34.2053 5.02494
40.7185 43.7379 17.2047 7.07107  43.566 53.6004 19.6469 25.2982 46.1736 9.21954 33.3017 45.0999       0 44.1475 54.8179 15.2971 17.6918      15      10 36.0555       9      22 10.8167 50.2096 18.0278 40.4969 51.8652 56.2694 40.6079 32.0156 60.3738 34.0147 46.0109  28.178  27.074 27.8029 21.3776 59.1692 55.0273 45.0111 53.1507 49.3964  44.643 39.6989 48.3735 28.4253 55.6058 29.4109 42.0119  12.083 16.4012 52.9528 46.8615 50.1224
9.21954 48.1041 33.2415  42.107      17 20.5913 28.3019  19.105 24.0208 34.9285 21.6333 13.1529 44.1475       0      26 30.8707 30.0666 36.3593      43 39.2046 47.0106  44.643 37.5766 25.9615      28      15      19 12.1758 4.24264 27.4591 20.2485 48.3735 22.8473 29.2062 17.8885 28.6356 22.8035 21.5407 12.0416 9.21954 11.6619   8.544 45.2769 26.2488 37.2156 22.4722 24.0208 38.4708 52.8015 32.3883 40.2244       9 21.1896 15.2069
34.8855 72.6223 51.3128 56.0803 12.2066       6  35.171 36.4005       9 46.8188  45.607 13.6015 54.8179      26       0 39.5601 47.7074 41.3038 58.1808 63.1269 53.2353 64.0703 44.7214 51.8652 44.9444 40.7063 44.1475 28.0401 24.6982 51.0882 41.0122 70.7672 48.8467 28.0179 30.5287 50.9117 36.7151 44.0454 32.0156      17      18 32.7567  70.214 51.6236 63.0635 44.5533 48.8365 60.8276 76.4199 46.0977 43.0116 24.0208 47.1699 10.9202
29.7321 46.5296   17.72 17.2047 28.2843 38.3275 4.47214 14.2127 31.0161 7.81025 26.9258      30 15.2971 30.8707 39.5601       0 15.1327  6.7082 19.8494 37.1214 16.1555 29.1548  6.7082 43.4166      13 31.4006 42.5206 43.0029 26.9258 28.4429 49.2037 39.5601 38.9487 14.1421      13 25.0799 9.21954 48.8365 42.5441 30.2655 38.6394 37.4433 46.0977 34.7851 45.8912 22.1359 47.0106 31.5753 47.1275 8.94427 11.1803 39.2173 39.1152 35.0036
24.5153 31.4006 3.60555      13 35.5106 44.7214 18.0278 11.7047 40.4599 10.7703 15.6205 35.3412 17.6918 30.0666 47.7074 15.1327       0 21.0238 13.1529 22.0227 24.6982 16.4012 18.4391 32.5269 2.82843 23.2594 34.4819 41.5482 27.4591 14.7648 43.6578 25.0599 28.3196 27.7308 17.2047 10.7703 11.3137 42.0476 39.4588 33.8378 40.7922  33.541 31.0161 22.2036 31.9531 10.8167 38.0132 16.4924  32.311 7.28011 25.1794 39.0512 29.2062 40.1155
36.0694 52.1536 23.0868 19.4165 31.0644 41.0122 8.06226 20.8087 32.3883 11.4018 33.6155  33.541      15 36.3593 41.3038  6.7082 21.0238       0 22.4722      43      12 33.2415 4.24264 50.1199 19.2354 38.0132 49.0408 48.3244  32.249 34.9285 55.3173 44.3847 45.6508 13.6015 18.6011 31.4006 15.8114 55.1543 48.2597 34.4819 43.0116 43.4166      52 41.4367 52.3927 28.7924 53.6004 37.1214 52.1728 14.0357 4.47214 44.2832  45.793  38.396
37.6563 33.9559 10.7703 3.16228 46.2385 55.9732 24.2074 24.0832 50.1199 12.0416 27.7308 46.8402      10      43 58.1808 19.8494 13.1529 22.4722       0 26.8328      19      12 18.3576 43.8292      15 36.0555 47.0106 54.6466 40.1123      25 56.6127 24.0208 39.9625 33.9706 28.1603 20.8087 21.8403 54.7814 52.6118 45.8912 53.3385 46.6905 35.1141 32.8024      40 23.4094 50.1199 20.1246 32.0156  12.083 25.0799      52 41.1825 51.7904
30.2324 9.84886 20.0998 29.1548 51.4004 58.6941 39.6232 28.6356 57.6888 32.1403 17.6918 49.5782 36.0555 39.2046 63.1269 37.1214 22.0227      43 26.8328       0  44.643 16.9706 40.1123 24.0208 24.1868 25.0599 31.4006 46.9707 38.8973 12.0416 42.5793      11 22.2036 48.7647 35.3412      13 31.3209 39.2046 43.0813  46.669 50.8035 37.5766       9 14.5602 14.4222  18.868      32  6.7082 13.6015 29.0172 47.0425 46.6476 24.3311 53.3877
45.2217 52.6118 25.0799 16.0312 43.0465 53.0094 19.4165 29.4109 44.2832 14.2127 39.8246 45.3982       9 47.0106 53.2353 16.1555 24.6982      12      19  44.643       0      31 9.48683 56.8507 24.2074 46.0109 57.3847 59.1545 43.0813 39.4462 64.8999 43.0116 52.4976  25.318 29.1548 35.3553 24.6982 64.2028 58.5918 46.0977 54.5711 53.3385 53.3667 46.8722 56.3649 34.8281 61.5224 38.0789 51.0098 17.8045 10.7703 55.3624 53.0754 50.3016
37.3363 22.4722 12.8062 15.0333 51.8652 60.9016 33.0151 27.7849 56.8507 21.9317      25 51.4782      22  44.643 64.0703 29.1548 16.4012 33.2415      12 16.9706      31       0 29.4109 38.2753 19.2094      34  43.566  55.084   42.72 20.2237  54.231 12.0416  35.171 43.0116 33.6006      17 27.6586 51.6236 52.1536 49.6588 55.9732 46.1736 24.1868 27.2029  31.241 22.3607  45.607 10.8167  20.025 20.2485 36.4005 53.3667 36.8782 56.1271
36.2353 49.0102  20.025 15.2643 34.0147 44.0454 10.0499 20.5183 35.9026       8  32.249 36.1248 10.8167 37.5766 44.7214  6.7082 18.4391 4.24264 18.3576 40.1123 9.48683 29.4109       0 49.0918  17.088 37.5366 48.7955 49.7016 33.6155 32.8938 55.8032 40.7922 44.6542 17.4642 19.6977 29.1204 15.6205 55.3173 49.2443 36.6742 45.1221 44.1022 49.0918 39.8121 50.2892 27.2947 53.1507      34 48.6621 11.1803 7.07107 45.8803      45 41.0761
18.0278 29.1204 33.4215 44.8219 42.5793 46.2385 43.4626 29.5466 49.6488  42.638 17.0294 39.0512 50.2096 25.9615 51.8652 43.4166 32.5269 50.1199 43.8292 24.0208 56.8507 38.2753 49.0918       0 32.6497 13.1529 9.21954 27.9866 28.2843  18.868 19.6977 35.0143 4.47214 49.2443 34.2053 23.0217 34.4384 15.8114 23.3452  35.171 35.3553 19.7231 25.2982 11.1803 13.8924 22.0227 8.06226 27.8927 35.6931 39.0512 54.5894 29.6816       5 40.9664
23.0868 33.7343 6.40312 14.3178 32.7567 42.0476 15.5242 9.21954 37.6431      10 15.6205 32.6956 18.0278      28 44.9444      13 2.82843 19.2354      15 24.1868 24.2074 19.2094  17.088 32.6497       0 22.4722 33.8378  39.702 25.1794 15.8114 42.5441 27.7849 28.3196 25.0799 14.4222 12.1655 8.48528 41.1825  37.855 31.3209 38.4708 32.0156 33.1361 22.8254 33.2415 10.6301 37.6431 18.9737 34.9285 6.40312 23.5372      37      29 37.5133
5.83095 33.4215 25.2982 36.2491 30.3645 35.5106 30.8869 17.2047 37.3631 32.0156       9  27.313 40.4969      15 40.7063 31.4006 23.2594 38.0132 36.0555 25.0599 46.0109      34 37.5366 13.1529 22.4722       0 11.4018 22.0057 16.1555 14.3178 20.6155 35.1141       9 36.1386 21.1896      17 22.2036 18.7883 18.4391 23.7065 26.1725 12.6491 30.4138 11.3137 22.3607 12.6491 15.6205 25.7099 38.5876 28.6007 42.4382 21.6333 8.24621  30.104
13.4164 37.6962 36.2491 47.4131      36 38.3275 41.6173 28.3196 43.0116 43.4166 19.3132 32.0624 51.8652      19 44.1475 42.5206 34.4819 49.0408 47.0106 31.4006 57.3847  43.566 48.7955 9.21954 33.8378 11.4018       0 18.9011 22.2036 23.3452 11.1803 42.2966 9.21954 45.6946 31.3847 26.9258 33.3017 8.06226 14.2127 28.0713 26.9258 11.4018 34.0147 17.0294 23.0217 23.7065 5.09902 34.0147 43.9659      40 53.4135 21.0238 7.07107 33.2453
17.7553 54.8019    44.5  53.956 23.9426 22.0511 40.2647 31.0846  29.904 47.0558 30.5655 19.4743 56.2694 12.1758 28.0401 43.0029 41.5482 48.3244 54.6466 46.9707 59.1545  55.084 49.7016 27.9866  39.702 22.0057 18.9011       0 16.1012 36.2112 13.0096 57.1161 26.6317 39.9906 30.0042 38.3438 34.9607 16.3783 4.71699 16.1012 10.1119 9.39415 51.4514 32.6841 41.4035 32.7452 22.5887 47.6051 60.3842 44.4213 52.0505 4.71699 24.4591 18.0693
10.4403 48.1664 30.8058      39 14.3178 19.8494 24.1868 16.0312 21.3776 31.4006 21.2132 11.1803 40.6079 4.24264 24.6982 26.9258 27.4591  32.249 40.1123 38.8973 43.0813   42.72 33.6155 28.2843 25.1794 16.1555 22.2036 16.1012       0 26.9072 24.4131 47.4342 24.7386      25 13.9284 27.4591 19.2354 25.4951 16.2788 7.81025 13.3417   12.53  45.607 26.9258 38.4838  21.095 27.2947 37.4433 52.4023 29.0689 36.0555 12.3693 23.3452    14.5
18.7883 21.6333 14.8661 26.1725 39.4081  46.669 30.0167 17.4642  45.793 25.4951 5.83095 37.5366 32.0156 27.4591 51.0882 28.4429 14.7648 34.9285      25 12.0416 39.4462 20.2237 32.8938  18.868 15.8114 14.3178 23.3452 36.2112 26.9072       0 34.0588 21.0238 15.2315 38.3275 24.0416 4.24264 21.0238 31.4006 32.7567 34.6554 39.1152 26.9258 19.6977 7.81025 17.4642 7.28011  25.632 11.4018 25.4951 21.9317 39.2938 35.3412 16.7631 41.3793
19.7231 48.7032 45.8803  56.648 35.7351 35.0143 47.4236 35.5106 42.2019 51.4782 29.4279 31.3209 60.3738 20.2485 41.0122 49.2037 43.6578 55.3173 56.6127 42.5793 64.8999  54.231 55.8032 19.6977 42.5441 20.6155 11.1803 13.0096 24.4131 34.0588       0 53.4603 20.3961 49.4065 36.7967 37.3363 40.2244 4.24264 9.21954 27.5136 23.0217 12.0416 44.9444 28.1603  33.541 33.2415 12.2066 45.0111 55.0818 48.3011 59.4643 17.1172 18.2483 30.7612
39.8121 11.4018 21.9317      27 58.6941 66.8431 42.9535 34.7131 64.4438 32.9848 26.8328 57.4891 34.0147 48.3735 70.7672 39.5601 25.0599 44.3847 24.0208      11 43.0116 12.0416 40.7922 35.0143 27.7849 35.1141 42.2966 57.1161 47.4342 21.0238 53.4603       0 33.1361 52.7731 41.2311      20 36.0555 50.1597 53.4509      55 60.0333 47.7598 14.2127  25.318 24.3516 26.4008      43      10       8 30.6757 47.8539 56.3649 35.2278 61.7029
14.3178 28.6356 29.4109 40.8044 39.0512  43.382      39 25.0799 46.0977 38.2884 12.7279 35.7351 46.0109 22.8473 48.8467 38.9487 28.3196 45.6508 39.9625 22.2036 52.4976  35.171 44.6542 4.47214 28.3196       9 9.21954 26.6317 24.7386 15.2315 20.3961 33.1361       0  44.911 29.8329 19.2354 29.9666 17.0294 22.2036 31.9531 33.0151 17.6918 25.0599 8.06226 14.8661 17.6918 10.4403 25.1794 34.7851 34.7131 50.1199 27.6586 2.23607 38.0296
 32.311 58.5235 30.8869  31.241 18.9737 28.4429      10 21.0238 19.0263 21.9317      35 22.3607  28.178 29.2062 28.0179 14.1421 27.7308 13.6015 33.9706 48.7647  25.318 43.0116 17.4642 49.2443 25.0799 36.1386 45.6946 39.9906      25 38.3275 49.4065 52.7731  44.911       0 15.1327 35.9026 17.4642 50.2494 41.1096 24.4131 32.7567 37.4433 57.4891 43.0116 55.0091 31.1448 50.6952 44.0114 60.0083 22.8035      15 35.4683 44.3847 26.7442
18.0278 45.1885 20.8087 26.4764 18.3576 27.8568 10.6301  6.7082 23.3452      18 20.0998 18.6815  27.074 17.8885 30.5287      13 17.2047 18.6011 28.1603 35.3412 29.1548 33.6006 19.6977 34.2053 14.4222 21.1896 31.3847 30.0042 13.9284 24.0416 36.7967 41.2311 29.8329 15.1327       0 22.3607 6.32456 36.8782 29.6816 18.0278 26.0768 24.8395 43.6578 28.0179 40.1123 16.7631 36.2353 31.6228 47.7074 16.2788 22.6716 26.2488 29.4109 23.6485
20.6155 22.8473 10.6301 21.9317 38.9487 46.8615  27.074 15.6525      45 21.5407       8 37.5366 27.8029 28.6356 50.9117 25.0799 10.7703 31.4006 20.8087      13 35.3553      17 29.1204 23.0217 12.1655      17 26.9258 38.3438 27.4591 4.24264 37.3363      20 19.2354 35.9026 22.3607       0 18.4391 34.9285 35.2278      35 40.2492 29.2746  21.587 12.0416 21.1896 6.40312 29.5466      10 25.6125 18.0278 35.6931      37 20.6155 41.7043
20.6155 41.1096 14.8661 20.2237 24.5967  34.176 9.21954       5 29.2062 12.1655 18.4391      25 21.3776 22.8035 36.7151 9.21954 11.3137 15.8114 21.8403 31.3209 24.6982 27.6586 15.6205 34.4384 8.48528 22.2036 33.3017 34.9607 19.2354 21.0238 40.2244 36.0555 29.9666 17.4642 6.32456 18.4391       0 39.6989 34.0147 24.1868      32 28.6531  40.025 26.4764 38.1182 14.0357 37.8021 26.8328 42.9418 10.0499 20.2485 31.5753 30.0167 29.9541
 19.105 44.9222 44.0114 55.0364  37.855 38.0526 47.4236 34.8281 44.5533 50.4777 27.2029  33.541 59.1692 21.5407 44.0454 48.8365 42.0476 55.1543 54.7814 39.2046 64.2028 51.6236 55.3173 15.8114 41.1825 18.7883 8.06226 16.3783 25.4951 31.4006 4.24264 50.1597 17.0294 50.2494 36.8782 34.9285 39.6989       0 12.0416 29.6142 26.0768      13 41.1096      25 29.5466 31.3847 8.06226 42.0476 51.4198 47.1699 59.4138  20.025      15 33.5149
15.0333 50.6063   42.19 52.1728 26.5707 26.0192 40.2244 29.7321 32.9848 45.8803 27.2947 22.1359 55.0273 12.0416 32.0156 42.5441 39.4588 48.2597 52.6118 43.0813 58.5918 52.1536 49.2443 23.3452  37.855 18.4391 14.2127 4.71699 16.2788 32.7567 9.21954 53.4509 22.2036 41.1096 29.6816 35.2278 34.0147 12.0416       0 18.3848 14.0357       6 47.1699 28.6356 36.8782      30 17.8885 44.1475 56.3649 43.0116 52.2015       8      20 21.5928
17.8885 55.9732 37.3363 44.4072 8.24621 12.0416 26.6833 22.1359 15.0333 36.0139      29       4 45.0111 9.21954      17 30.2655 33.8378 34.4819 45.8912  46.669 46.0977 49.6588 36.6742  35.171 31.3209 23.7065 28.0713 16.1012 7.81025 34.6554 27.5136      55 31.9531 24.4131 18.0278      35 24.1868 29.6142 18.3848       0   8.544 17.0294 53.4135 34.6699 46.0652 28.6007 33.0151      45 60.1415 34.2345 37.6962 11.4018 30.3645 6.72681
20.6155 59.5483 44.1475 52.0865 14.8661      12  35.171 29.2746 20.1246 44.0454 33.2866 10.6301 53.1507 11.6619      18 38.6394 40.7922 43.0116 53.3385 50.8035 54.5711 55.9732 45.1221 35.3553 38.4708 26.1725 26.9258 10.1119 13.3417 39.1152 23.0217 60.0333 33.0151 32.7567 26.0768 40.2492      32 26.0768 14.0357   8.544       0 15.6525 56.5862 37.4833 47.8017 34.0147 31.3209 50.1199  64.405 42.0119 46.2385 6.08276 31.0644 8.07775
9.05539 45.4863 36.2215 46.3249 25.1794 26.9258 35.4683 24.1661 32.0624 40.3113 21.3776 21.0238 49.3964   8.544 32.7567 37.4433  33.541 43.4166 46.6905 37.5766 53.3385 46.1736 44.1022 19.7231 32.0156 12.6491 11.4018 9.39415   12.53 26.9258 12.0416 47.7598 17.6918 37.4433 24.8395 29.2746 28.6531      13       6 17.0294 15.6525       0 42.2019 23.3238 32.5576      24 16.1245 38.3275      51 37.3363 47.5079      10 15.6205 21.8689
36.0694       4 29.0689 37.6431 58.8303  65.437 48.5077      37 65.3682 41.1096 24.6982 56.6127  44.643 45.2769  70.214 46.0977 31.0161      52 35.1141       9 53.3667 24.1868 49.0918 25.2982 33.1361 30.4138 34.0147 51.4514  45.607 19.6977 44.9444 14.2127 25.0599 57.4891 43.6578  21.587  40.025 41.1096 47.1699 53.4135 56.5862 42.2019       0  19.105 12.0416 26.9258 33.2415 15.2971 11.0454 38.0132 56.0357 51.8556 27.2947 60.0521
17.0294 22.2036 22.6274 33.9706 40.7185 46.6154 35.6931 22.0907 47.5395 32.7567 8.06226 38.0789 39.6989 26.2488 51.6236 34.7851 22.2036 41.4367 32.8024 14.5602 46.8722 27.2029 39.8121 11.1803 22.8254 11.3137 17.0294 32.6841 26.9258 7.81025 28.1603  25.318 8.06226 43.0116 28.0179 12.0416 26.4764      25 28.6356 34.6699 37.4833 23.3238  19.105       0 12.1655 12.6491 18.4391 17.1172 27.7308 29.1548 45.8803 32.8024      10 41.2098
 28.178 16.0312  31.305 41.8808 52.5547 57.8014 47.2652      34 59.4643   42.72  20.025 49.6588 48.3735 37.2156 63.0635 45.8912 31.9531 52.3927      40 14.4222 56.3649  31.241 50.2892 13.8924 33.2415 22.3607 23.0217 41.4035 38.4838 17.4642  33.541 24.3516 14.8661 55.0091 40.1123 21.1896 38.1182 29.5466 36.8782 46.0652 47.8017 32.5576 12.0416 12.1655       0 24.0832 21.5407 20.5183      23 39.2173 56.7539 42.5206 16.9706 52.4047
15.0333 28.6531 12.6491 23.7065 32.6497 40.4599 23.1948  10.198  38.833 20.6155       5 31.1448 28.4253 22.4722 44.5533 22.1359 10.8167 28.7924 23.4094  18.868 34.8281 22.3607 27.2947 22.0227 10.6301 12.6491 23.7065 32.7452  21.095 7.28011 33.2415 26.4008 17.6918 31.1448 16.7631 6.40312 14.0357 31.3847      30 28.6007 34.0147      24 26.9258 12.6491 24.0832       0 27.2029 16.4012 31.8904 17.0294 33.2415 31.0483 18.4391 35.3023
18.3848  37.108 39.4462  50.774 41.0122 42.9535 46.3249 32.8024      48 47.4236 22.4722 37.0135 55.6058 24.0208 48.8365 47.0106 38.0132 53.6004 50.1199      32 61.5224  45.607 53.1507 8.06226 37.6431 15.6205 5.09902 22.5887 27.2947  25.632 12.2066      43 10.4403 50.6952 36.2353 29.5466 37.8021 8.06226 17.8885 33.0151 31.3209 16.1245 33.2415 18.4391 21.5407 27.2029       0 35.5106 43.7379 43.9318 58.0086 25.2982 8.94427  37.977
30.0832 15.0333 14.0357 22.4722 48.7955 56.8507 34.4819      25 54.6717      26  17.088 47.5079 29.4109 38.4708 60.8276 31.5753 16.4924 37.1214 20.1246  6.7082 38.0789 10.8167      34 27.8927 18.9737 25.7099 34.0147 47.6051 37.4433 11.4018 45.0111      10 25.1794 44.0114 31.6228      10 26.8328 42.0476 44.1475      45 50.1199 38.3275 15.2971 17.1172 20.5183 16.4012 35.5106       0 16.1245 23.0868 41.0122 46.6154  27.074 51.7035
43.8292 7.07107 29.4109      35 64.5368 72.1388 50.3289 41.0488 70.6045 40.7922  31.241 62.9365 42.0119 52.8015 76.4199 47.1275  32.311 52.1728 32.0156 13.6015 51.0098  20.025 48.6621 35.6931 34.9285 38.5876 43.9659 60.3842 52.4023 25.4951 55.0818       8 34.7851 60.0083 47.7074 25.6125 42.9418 51.4198 56.3649 60.1415  64.405      51 11.0454 27.7308      23 31.8904 43.7379 16.1245       0 38.3275 55.7315  60.208      37 66.8674
28.6356 38.1182 9.05539  10.198  34.176 43.9659 12.8062 13.3417 38.0789 3.60555 22.0227 34.9285  12.083 32.3883 46.0977 8.94427 7.28011 14.0357  12.083 29.0172 17.8045 20.2485 11.1803 39.0512 6.40312 28.6007      40 44.4213 29.0689 21.9317 48.3011 30.6757 34.7131 22.8035 16.2788 18.0278 10.0499 47.1699 43.0116 34.2345 42.0119 37.3363 38.0132 29.1548 39.2173 17.0294 43.9318 23.0868 38.3275       0 18.0278 41.3038 35.3553 39.9155
40.3609 56.0357      27 21.9317  33.541 43.2897 12.0416 25.2389 34.0147 15.0333 38.0789 36.4005 16.4012 40.2244 43.0116 11.1803 25.1794 4.47214 25.0799 47.0425 10.7703 36.4005 7.07107 54.5894 23.5372 42.4382 53.4135 52.0505 36.0555 39.2938 59.4643 47.8539 50.1199      15 22.6716 35.6931 20.2485 59.4138 52.2015 37.6962 46.2385 47.5079 56.0357 45.8803 56.7539 33.2415 58.0086 41.0122 55.7315 18.0278       0 47.8853 50.2494 41.1127
16.5529      55   42.19 51.0882 19.2354 18.0278 36.2491 28.0713 25.2982 43.7379 29.5466 14.7648 52.9528       9 24.0208 39.2173 39.0512 44.2832      52 46.6476 55.3624 53.3667 45.8803 29.6816      37 21.6333 21.0238 4.71699 12.3693 35.3412 17.1172 56.3649 27.6586 35.4683 26.2488      37 31.5753  20.025       8 11.4018 6.08276      10 51.8556 32.8024 42.5206 31.0483 25.2982 46.6154  60.208 41.3038 47.8853       0 25.6125 13.6473
13.0384 30.8707 30.5287 41.8808 37.6563 41.6293 38.9102 25.0599 44.7214 38.8973 13.6015 34.2053 46.8615 21.1896 47.1699 39.1152 29.2062  45.793 41.1825 24.3311 53.0754 36.8782      45       5      29 8.24621 7.07107 24.4591 23.3452 16.7631 18.2483 35.2278 2.23607 44.3847 29.4109 20.6155 30.0167      15      20 30.3645 31.0644 15.6205 27.2947      10 16.9706 18.4391 8.94427  27.074      37 35.3553 50.2494 25.6125       0 36.3077
24.2745 62.6598 43.6606 50.1124 7.82624 5.40833 31.0363 28.4297 12.0934 41.3673 35.7106 5.02494 50.1224 15.2069 10.9202 35.0036 40.1155  38.396 51.7904 53.3877 50.3016 56.1271 41.0761 40.9664 37.5133  30.104 33.2453 18.0693    14.5 41.3793 30.7612 61.7029 38.0296 26.7442 23.6485 41.7043 29.9541 33.5149 21.5928 6.72681 8.07775 21.8689 60.0521 41.2098 52.4047 35.3023  37.977 51.7035 66.8674 39.9155 41.1127 13.6473 36.3077       0


