  0 40.4969 27.1662 20.2237 50.3587 19.4165 22.0227 13.4164 36.0139 33.6155      13 51.9711 46.3249 9.21954 15.2683 55.0818 24.5153 39.3192 40.3113 35.5106 54.5894 45.1221 26.0768 18.0278 34.0588 10.6301 13.4164 17.4642 5.38516 18.7883 19.7231   40.05 14.3178 35.7351 23.4094      25 46.3897  19.105 17.2627 34.9285 13.3417  12.083 48.3839 17.0294 16.7631 15.0333 17.1172 30.0832 57.5847 25.2982  6.7082 18.3576 13.0384 42.5823
40.4969       0 20.2485 41.4367 14.4222 59.5063 24.1868 32.8024 13.1529 27.8927 27.5136 27.2947 25.9615 48.7545 55.7509 15.0333 23.6008 19.0263 9.21954 20.2237 27.2029  7.2111 16.9706 37.2156 16.4924 31.5753 44.0454 57.8705  44.643 21.8403 55.1453 16.1245      35       5 27.2029 18.0278 21.5407 52.0096 56.0892       6 53.7587 49.8197 8.06226 27.0185 33.0606 26.4197 40.1123 10.4403  17.088 26.0768  45.618  54.231 37.0135 25.6759
27.1662 20.2485       0 37.8021 24.6982 43.7379 23.8537 15.2971 9.84886 10.7703      17      25 19.6977 33.2415 41.1495 31.6228 3.60555 12.1655 15.2643   8.544 27.4591 21.4009 5.09902 33.4215 7.07107 22.8254 36.2491 44.0114 32.3883 14.8661 45.8803 13.0384 29.4109 15.6525 7.07107 19.3132 19.2354 44.0114 44.4072   17.72      40  38.833 26.1725 22.6274 29.0689 12.6491 35.2278 14.0357 35.4683 5.83095 30.1496  44.643 30.5287 16.3783
20.2237 41.4367 37.8021       0 54.8179 33.6155 17.2627 30.0167  43.382 47.3814 21.2132 61.7738 57.1402 27.1662 28.2468 56.2228 36.7967 48.8774 45.5412 46.0435 63.5059 48.0521 34.1321 4.47214 43.0465 15.6205   8.544 27.7849 18.1108 23.3238 17.2047 48.3011 8.48528 38.0789 37.5366 23.5372 55.4707 13.0384 22.0227 35.5106 25.0799      17 49.2544 15.6525 8.94427 26.1725 3.16228   32.28      57 38.8973      26 17.0294 8.06226 54.1133
50.3587 14.4222 24.6982 54.8179       0 68.1542 37.6431 39.8497 14.8661 26.8701 38.0132 16.0312   17.72 57.4891 65.1546 9.48683 28.2312 15.5563 10.0499 19.2094 14.5602  7.2111 24.3311  50.448 17.8885 43.0465 56.3205 67.7422 55.1453 33.0606 67.1193 12.8062  47.676 16.7631  31.305 31.3209 12.6491 64.3817 67.0671 19.6977 63.6396 61.0082 9.84886 39.6232 46.0977 35.3553 53.1507  22.561 14.5602 29.5296 54.3415 66.0681 49.4975 19.6787
19.4165 59.5063 43.7379 33.6155 68.1542       0 41.0366 28.4429 53.3667 47.0425  32.249 67.0075      61 10.7703 5.37044  73.736 40.4475 55.3263 58.2409 51.2445 70.0643 63.5689 43.9659 33.6155 50.8035 29.8329 25.0799 7.07107 17.0294 38.0789 21.0238 56.7186 31.4006  54.626 38.1182 44.4072 62.2013 24.0832 14.0357 54.1202   8.544 16.7631 67.2309 36.1248 34.2053 33.2415  31.305 49.1935 76.5572 40.1123 13.9284      20 29.4109 57.0022
22.0227 24.1868 23.8537 17.2627 37.6431 41.0366       0 23.0868 27.2029 34.4819 12.1655 45.8039 41.7732  31.241 36.2663 39.0512 24.1661 33.3017 28.6356 31.1448 47.1699 30.8058 19.2094 13.0384 27.5862 11.4018 20.6155 37.4433 24.2074 9.48683 31.7805 32.2025 11.4018 20.8806 26.2488 6.32456 39.4081 28.2843 34.0147 18.2483 33.6006 27.7308 32.0624       5 9.05539 16.0312      16 15.2315 40.1123 26.9258 28.6007 31.0483 13.6015 39.2588
13.4164 32.8024 15.2971 30.0167 39.8497 28.4429 23.0868       0      25 20.2485      11 39.2046 33.3766 18.0278   26.04 46.0652 12.0416 27.0185 30.0832      23 42.0476 35.7771 16.1245 26.4008 22.3607 14.8661 25.4558 29.0689 18.7883 14.8661  33.121 28.2843 21.9317 27.8029  10.198 22.4722      34 32.2025 30.3645 28.2843 25.1794 25.4951 39.9625 19.0263 23.0868 7.61577 26.9258 23.3452 49.3964 12.1655      15 31.7648 21.9545 29.5169
36.0139 13.1529 9.84886  43.382 14.8661 53.3667 27.2029      25       0 14.8661 24.3311 18.6011      15 42.7551 50.5272 22.0227 13.4164  6.7082 5.65685 7.07107 20.1246 12.0416 10.0499 38.9102 3.60555 29.8329 43.4166 53.2353 41.0122 20.2485 53.7587       5 35.4683  10.198 16.6433 21.2603 12.2066 51.4198 53.0377 13.6015  49.163 47.1699 17.2047 27.7308 34.4384      21 41.2311 12.8062 26.1725      15 39.6232 52.6118      37 13.4629
33.6155 27.8927 10.7703 47.3814 26.8701 47.0425 34.4819 20.2485 14.8661       0 26.1725 20.2237 14.1421 37.4833 45.5807  35.609 10.6301 11.3137 20.1246 8.06226 23.5372 26.4197 15.8114 43.1393 11.4018 31.8904 44.6542 48.8365      39 25.2389 53.2259 14.2127 38.8973 24.1868 10.2956 30.0832 16.5529 51.9711 50.5964 27.0185 45.1221 45.6946 31.7648 32.8024 38.9487 21.2603 44.5982 24.1868 40.2244 8.60233 34.7131 51.8941 39.6989 10.1119
     13 27.5136      17 21.2132 38.0132  32.249 12.1655      11 24.3311 26.1725       0 41.7852 36.6742 21.6333  28.268 42.2019 15.6205 28.7924      28 25.4951 43.9659 32.3883 14.3178 17.0294 23.0868 5.83095 19.3132 30.3645 17.2627 5.83095 29.4279 28.8617 12.7279 22.8035 16.4012 12.8062 35.7351 27.2029 29.0689 21.9317 26.2488      23 35.4401 8.06226 13.0384       5 18.4391  17.088 44.5982 17.6918 18.6011 28.2843 13.6015 33.3654
51.9711 27.2947      25 61.7738 16.0312 67.0075 45.8039 39.2046 18.6011 20.2237 41.7852       0 6.08276 57.0789 65.1629 25.0799 27.4591      13 18.6011 16.4924 3.60555 21.1896 27.7308 57.3062 18.7883 47.5395 61.0983 68.2642 57.2713 38.4708 70.8802 13.6015 53.6656 27.0185 29.0689 39.8246 6.40312 68.9493 69.2315 30.6105 64.3817 63.7887 25.4951 46.1411 52.8394 37.6431 59.4811 31.1448 30.1496  27.074 54.1479 69.6419 55.0364 10.1119
46.3249 25.9615 19.6977 57.1402   17.72      61 41.7732 33.3766      15 14.1421 36.6742 6.08276       0 51.1566 59.2513 27.2029 21.8403 8.48528 16.7631 11.1803 9.48683 21.0238 23.0217 52.6972 14.2127 42.4853 55.9464 62.3939 51.6624 33.8378 65.4599 10.2956 48.8774 24.5967 23.1948 36.0694 5.09902 63.6946  63.561  28.178 58.5491 58.2409 26.0192 41.6173 48.2597  32.311 54.7083 27.8029   32.28 21.2132 48.2597  64.195 50.1199 4.03113
9.21954 48.7545 33.2415 27.1662 57.4891 10.7703  31.241 18.0278 42.7551 37.4833 21.6333 57.0789 51.1566       0 8.10195 62.9682 30.0666 45.0444 47.5395 41.0122 60.0083  52.811 33.2415 25.9615 40.3113 19.8494      19 11.4018 9.05539 27.4591 20.2485 46.2709 22.8473 43.8634 28.0179 34.0588 52.0096 21.5407 14.8661 43.4166 8.06226      13 56.4624 26.2488 25.4951 22.4722 24.3311 38.4708 65.7951 30.0167 3.16228  18.868 21.1896 47.2149
15.2683 55.7509 41.1495 28.2468 65.1546 5.37044 36.2663   26.04 50.5272 45.5807  28.268 65.1629 59.2513 8.10195       0 70.2521 38.0531 53.0494 55.1482   49.04 68.0694  60.205 40.8314 28.3232 48.2062 25.2722  19.714 3.57234 12.0715 34.0512 16.2715 54.1878 26.2747 50.9592 36.0955 39.9965   60.04      19 9.47426 50.1964 3.17515 11.4123 63.6066 31.4325  29.095 29.8718 25.9608 45.3471 72.8385 38.0925   11.04 15.1275 24.2322 55.3141
55.0818 15.0333 31.6228 56.2228 9.48683  73.736 39.0512 46.0652 22.0227  35.609 42.2019 25.0799 27.2029 62.9682 70.2521       0 35.2278 24.4131 16.4012 27.6586 23.0217 10.2956 29.9666 52.0865 25.4951 46.5296 59.0762 72.5328  59.439 36.6742 70.1783 21.4009   50.01 19.4165 38.6005      33 22.1359 67.0298 71.0211 21.0238 68.4105 64.7765       7 42.0476 48.0104 40.4969 55.0364  25.318 5.09902 37.0135  59.808 69.2604 52.0384 29.0904
24.5153 23.6008 3.60555 36.7967 28.2312 40.4475 24.1661 12.0416 13.4164 10.6301 15.6205 27.4591 21.8403 30.0666 38.0531 35.2278       0      15  18.868 11.0454 30.1496      25 7.28011 32.5269 10.4403 21.4009 34.4819 41.0122 29.8329 14.7648 43.6578 16.2788 28.3196  18.868 3.60555 20.3961 22.0227 42.0476 41.7732 20.6155  37.054 36.4005 29.7321 22.2036 28.3196 10.8167 34.0588 16.4924 39.0512       3 27.0185 42.3792 29.2062 18.2003
39.3192 19.0263 12.1655 48.8774 15.5563 55.3263 33.3017 27.0185  6.7082 11.3137 28.7924      13 8.48528 45.0444 53.0494 24.4131      15       0 10.0499 4.12311 15.2971 15.8114 14.7648 44.4185 5.83095 34.5398 48.1041 56.0089 44.5533 25.5539 57.9741 3.16228 40.7063 16.7631 17.2627 27.5862 7.07107 55.9732 56.5685 20.2485 52.0384 50.9902 21.1896 33.2866 39.9625 24.7386 46.5296 19.4165 29.1548 15.2971 42.0119 56.7539 42.0476 6.80074
40.3113 9.21954 15.2643 45.5412 10.0499 58.2409 28.6356 30.0832 5.65685 20.1246      28 18.6011 16.7631 47.5395 55.1482 16.4012  18.868 10.0499       0  12.083  19.105 6.40312 14.3178 41.1096 9.21954 33.1361 46.5296 57.7062 45.0999 23.1948 57.2189       7 38.0789 8.48528 22.2036 22.3607   12.53 54.5894 57.0351 12.0416 53.6004      51 11.6619 30.0832 36.6879  25.318 43.6807 13.4164 20.5183 20.6155 44.3847 56.1427 39.8121 16.5303
35.5106 20.2237   8.544 46.0435 19.2094 51.2445 31.1448      23 7.07107 8.06226 25.4951 16.4924 11.1803 41.0122   49.04 27.6586 11.0454 4.12311  12.083       0  19.105 18.3576 12.0416 41.6173 4.12311  31.305 44.7772 52.0384 40.7922 22.8035 54.4059 6.40312 37.7359 17.0294 13.1529  25.807      11 52.5547 52.7731 20.2237 48.0937 47.2969 23.7065 30.6105 37.2022 21.1896  43.566 18.3848 32.2025 11.1803      38 53.1601 38.9487 8.13941
54.5894 27.2029 27.4591 63.5059 14.5602 70.0643 47.1699 42.0476 20.1246 23.5372 43.9659 3.60555 9.48683 60.0083 68.0694 23.0217 30.1496 15.2971  19.105  19.105       0 20.5913 29.7321 59.0339 20.8806 49.6488 63.2456 71.1126 59.8415 40.3113 73.2462 15.2315 55.5428 27.5862      32 41.0488 8.24621 71.1688 71.8471 31.1127 67.1863 66.2873 24.3516 47.8539 54.5619  40.025  61.327 32.2025      28      30 57.0351 72.0347 57.0088 13.4629
45.1221  7.2111 21.4009 48.0521  7.2111 63.5689 30.8058 35.7771 12.0416 26.4197 32.3883 21.1896 21.0238  52.811  60.205 10.2956      25 15.8114 6.40312 18.3576 20.5913       0 19.6977 43.7379 15.6205  37.054   50.04 62.5859 49.6488  27.074      61 12.6491 41.1947 10.0499 28.4253 24.5153 16.1245 58.0775 61.4003 12.6491 58.4637 55.2268 5.38516 33.1361 39.4588 30.3645 46.5296 16.0312 14.1421 26.9072 49.6488 60.0083 43.1045 21.7083
26.0768 16.9706 5.09902 34.1321 24.3311 43.9659 19.2094 16.1245 10.0499 15.8114 14.3178 27.7308 23.0217 33.2415 40.8314 29.9666 7.28011 14.7648 14.3178 12.0416 29.7321 19.6977       0 29.6816 8.94427 19.9249 33.5261 43.4166      31 10.8167 43.7379 14.5602 25.9422 12.0416 10.7703 14.3178 21.5407 41.4849 43.0116 13.4164 39.3192 37.1214 23.8537 18.6011 25.2389 11.0454 31.7648 9.21954 33.2866  10.198 30.0832 42.5793  27.313 20.1804
18.0278 37.2156 33.4215 4.47214  50.448 33.6155 13.0384 26.4008 38.9102 43.1393 17.0294 57.3062 52.6972 25.9615 28.3232 52.0865 32.5269 44.4185 41.1096 41.6173 59.0339 43.7379 29.6816       0 38.5876 11.6619 9.21954 28.4253  17.088  18.868 19.6977 43.8292 4.47214 33.7343 33.4215 19.2354      51 15.8114 23.4307  31.257 25.2389 17.6918 45.0999 11.1803 4.47214 22.0227 3.16228 27.8927 53.0377 34.7131 24.3311 19.2354       5 49.7016
34.0588 16.4924 7.07107 43.0465 17.8885 50.8035 27.5862 22.3607 3.60555 11.4018 23.0868 18.7883 14.2127 40.3113 48.2062 25.4951 10.4403 5.83095 9.21954 4.12311 20.8806 15.6205 8.94427 38.5876       0 28.7924 42.3792 51.0392 39.2046 19.7231 52.3927       6 34.8855      13 13.4164 22.0227 12.6491 50.2892 51.2445 16.1245 47.0106 45.5412 20.8087 27.4591 34.1321 19.2354 40.7063 14.3178 29.7321 11.6619 37.2156 51.1957 36.2491 11.8004
10.6301 31.5753 22.8254 15.6205 43.0465 29.8329 11.4018 14.8661 29.8329 31.8904 5.83095 47.5395 42.4853 19.8494 25.2722 46.5296 21.4009 34.5398 33.1361  31.305 49.6488  37.054 19.9249 11.6619 28.7924       0 13.6015 26.8328 13.4164      10 24.0832 34.4819  7.2111 27.1662 21.9317 14.7648 41.4367  21.587 24.5153 25.7099 22.8254 18.2483 39.6232 6.40312 8.24621 10.6301 12.7279 21.2132 48.5077 23.3452 17.2047 23.0217 7.81025  39.195
13.4164 44.0454 36.2491   8.544 56.3205 25.0799 20.6155 25.4558 43.4166 44.6542 19.3132 61.0983 55.9464      19  19.714 59.0762 34.4819 48.1041 46.5296 44.7772 63.2456   50.04 33.5261 9.21954 42.3792 13.6015       0 19.4165 10.0499 23.3452 11.1803 48.0833 9.21954 40.0125 34.4093 26.1725 55.0273 8.06226 14.2127 38.0526 16.5529 8.60233 52.0865 17.0294 11.7047 23.7065 6.40312 34.0147  60.531 36.0555 18.2483 10.4403 7.07107 52.5476
17.4642 57.8705 44.0114 27.7849 67.7422 7.07107 37.4433 29.0689 53.2353 48.8365 30.3645 68.2642 62.3939 11.4018 3.57234 72.5328 41.0122 56.0089 57.7062 52.0384 71.1126 62.5859 43.4166 28.4253 51.0392 26.8328 19.4165       0 13.4164 36.0555      14 57.0351 26.9072 53.1601 39.2046 41.5933 63.0317 17.2627       7 52.2015 4.12311 10.8167 65.8027 32.7567 29.7321 32.3883  25.807 47.4342 74.9466 41.1947 14.1421 13.0384 24.7588 58.4829
5.38516  44.643 32.3883 18.1108 55.1453 17.0294 24.2074 18.7883 41.0122      39 17.2627 57.2713 51.6624 9.05539 12.0715  59.439 29.8329 44.5533 45.0999 40.7922 59.8415 49.6488      31  17.088 39.2046 13.4164 10.0499 13.4164       0 22.8035 14.4222 45.1774 14.4222  40.025 28.7924  28.178 51.6236 14.2127 12.0416 38.8973 9.43398  6.7082 52.6308 19.4165 17.2047  20.025 15.2971 34.2053 61.6847 30.6757 8.24621 13.0384   12.53 47.9401
18.7883 21.8403 14.8661 23.3238 33.0606 38.0789 9.48683 14.8661 20.2485 25.2389 5.83095 38.4708 33.8378 27.4591 34.0512 36.6742 14.7648 25.5539 23.1948 22.8035 40.3113  27.074 10.8167  18.868 19.7231      10 23.3452 36.0555 22.8035       0 34.0588 25.0799 15.2315 17.2627 16.7631 7.61577 32.2025 31.4006 34.3657 16.1555 31.9531 28.1603 29.8329 7.81025 14.4222 7.28011 21.0238 11.4018 38.8973 17.4642 24.4131 33.0151 16.7631 30.9233
19.7231 55.1453 45.8803 17.2047 67.1193 21.0238 31.7805  33.121 53.7587 53.2259 29.4279 70.8802 65.4599 20.2485 16.2715 70.1783 43.6578 57.9741 57.2189 54.4059 73.2462      61 43.7379 19.6977 52.3927 24.0832 11.1803      14 14.4222 34.0588       0 58.2495 20.3961 51.0098 42.9535 37.3363      65 4.24264       7  49.163 13.6015 7.81025 63.1981 28.1603 22.8035 33.2415 16.5529 45.0111 71.7008 44.7772 21.2603 1.41421 18.2483 61.8567
  40.05 16.1245 13.0384 48.3011 12.8062 56.7186 32.2025 28.2843       5 14.2127 28.8617 13.6015 10.2956 46.2709 54.1878 21.4009 16.2788 3.16228       7 6.40312 15.2315 12.6491 14.5602 43.8292       6 34.4819 48.0833 57.0351 45.1774 25.0799 58.2495       0 40.3113 14.3178 18.9737 26.2488  7.2111 56.0446 57.2189 17.8885 53.0094 51.4782 18.0278 32.6497 39.3573 25.1794 46.0977 17.6918 26.0768  17.088 43.1856 57.0701 41.7852 9.55249
14.3178      35 29.4109 8.48528  47.676 31.4006 11.4018 21.9317 35.4683 38.8973 12.7279 53.6656 48.8774 22.8473 26.2747   50.01 28.3196 40.7063 38.0789 37.7359 55.5428 41.1947 25.9422 4.47214 34.8855  7.2111 9.21954 26.9072 14.4222 15.2315 20.3961 40.3113       0 31.1448 29.0689 17.0294 47.4236 17.0294 22.8254      29 23.3452 16.6433 43.0116 8.06226 2.82843 17.6918 5.83095 25.1794 51.3517 30.4138 20.8806 19.6469 2.23607  45.763
35.7351       5 15.6525 38.0789 16.7631  54.626 20.8806 27.8029  10.198 24.1868 22.8035 27.0185 24.5967 43.8634 50.9592 19.4165  18.868 16.7631 8.48528 17.0294 27.5862 10.0499 12.0416 33.7343      13 27.1662 40.0125 53.1601  40.025 17.2627 51.0098 14.3178 31.1448       0 22.4722 14.5602 20.8087 48.0416 51.6236 3.60555 49.0408 45.3982 12.6491 23.0868 29.4279 21.4709 36.4966       6 21.9317 21.4709 40.7185   50.04 33.0606 23.5637
23.4094 27.2029 7.07107 37.5366  31.305 38.1182 26.2488  10.198 16.6433 10.2956 16.4012 29.0689 23.1948 28.0179 36.0955 38.6005 3.60555 17.2627 22.2036 13.1529      32 28.4253 10.7703 33.4215 13.4164 21.9317 34.4093 39.2046 28.7924 16.7631 42.9535 18.9737 29.0689 22.4722       0 23.0868 24.0832 41.6773 40.5216 24.1661 35.3553 35.4683 33.2415 23.7065 29.4109 11.4018 34.6554 19.9249 42.5206       2 25.0799 41.6293 29.6985 19.3197
     25 18.0278 19.3132 23.5372 31.3209 44.4072 6.32456 22.4722 21.2603 30.0832 12.8062 39.8246 36.0694 34.0588 39.9965      33 20.3961 27.5862 22.3607  25.807 41.0488 24.5153 14.3178 19.2354 22.0227 14.7648 26.1725 41.5933  28.178 7.61577 37.3363 26.2488 17.0294 14.5602 23.0868       0 33.4215 34.0588 38.8973 12.0416 37.5899  32.573      26 9.21954 15.0333 14.8661 22.0907 8.94427 34.3657 23.3452 31.1448 36.4966  19.105  33.812
46.3897 21.5407 19.2354 55.4707 12.6491 62.2013 39.4081      34 12.2066 16.5529 35.7351 6.40312 5.09902 52.0096   60.04 22.1359 22.0227 7.07107   12.53      11 8.24621 16.1245 21.5407      51 12.6491 41.4367 55.0273 63.0317 51.6236 32.2025      65  7.2111 47.4236 20.8087 24.0832 33.4215       0 62.9365 63.6396 24.4131 59.0762 58.0517      21 39.8246 46.5296 31.7805 53.2259 24.7588 27.2029 22.0907      49 63.7887 48.8467 7.43303
 19.105 52.0096 44.0114 13.0384 64.3817 24.0832 28.2843 32.2025 51.4198 51.9711 27.2029 68.9493 63.6946 21.5407      19 67.0298 42.0476 55.9732 54.5894 52.5547 71.1688 58.0775 41.4849 15.8114 50.2892  21.587 8.06226 17.2627 14.2127 31.4006 4.24264 56.0446 17.0294 48.0416 41.6773 34.0588 62.9365       0 10.4403 46.0109 16.0312   8.544 60.0333      25 19.2354 31.3847 12.6491 42.0476 68.3593 43.4166 21.9545 4.47214      15   60.21
17.2627 56.0892 44.4072 22.0227 67.0671 14.0357 34.0147 30.3645 53.0377 50.5964 29.0689 69.2315  63.561 14.8661 9.47426 71.0211 41.7732 56.5685 57.0351 52.7731 71.8471 61.4003 43.0116 23.4307 51.2445 24.5153 14.2127       7 12.0416 34.3657       7 57.2189 22.8254 51.6236 40.5216 38.8973 63.6396 10.4403       0 50.2195  7.2111 6.32456 64.1327 29.7321 25.5539 32.0624 20.5183 45.7056 73.0068   42.45 16.6433 6.08276 20.5913  59.785
34.9285       6   17.72 35.5106 19.6977 54.1202 18.2483 28.2843 13.6015 27.0185 21.9317 30.6105  28.178 43.4166 50.1964 21.0238 20.6155 20.2485 12.0416 20.2237 31.1127 12.6491 13.4164  31.257 16.1245 25.7099 38.0526 52.2015 38.8973 16.1555  49.163 17.8885      29 3.60555 24.1661 12.0416 24.4131 46.0109 50.2195       0 48.1041 43.9318 14.0357 21.0238  27.074 21.4009 34.1321       5 22.8035 23.4094 40.3113 48.2597 31.0161 27.0416
13.3417 53.7587      40 25.0799 63.6396   8.544 33.6006 25.1794  49.163 45.1221 26.2488 64.3817 58.5491 8.06226 3.17515 68.4105  37.054 52.0384 53.6004 48.0937 67.1863 58.4637 39.3192 25.2389 47.0106 22.8254 16.5529 4.12311 9.43398 31.9531 13.6015 53.0094 23.3452 49.0408 35.3553 37.5899 59.0762 16.0312  7.2111 48.1041       0 8.24621 61.6847 28.8444 26.1725 28.2843 22.8254 43.3244 70.8378 37.3363 10.4403 12.3693 21.2603 54.6649
 12.083 49.8197  38.833      17 61.0082 16.7631 27.7308 25.4951 47.1699 45.6946      23 63.7887 58.2409      13 11.4123 64.7765 36.4005 50.9902      51 47.2969 66.2873 55.2268 37.1214 17.6918 45.5412 18.2483 8.60233 10.8167  6.7082 28.1603 7.81025 51.4782 16.6433 45.3982 35.4683  32.573 58.0517   8.544 6.32456 43.9318 8.24621       0 57.8705 23.4094 19.4165 26.3059      15 39.4588 66.7083 37.3363 13.6015 6.40312 14.4222  54.555
48.3839 8.06226 26.1725 49.2544 9.84886 67.2309 32.0624 39.9625 17.2047 31.7648 35.4401 25.4951 26.0192 56.4624 63.6066       7 29.7321 21.1896 11.6619 23.7065 24.3516 5.38516 23.8537 45.0999 20.8087 39.6232 52.0865 65.8027 52.6308 29.8329 63.1981 18.0278 43.0116 12.6491 33.2415      26      21 60.0333 64.1327 14.0357 61.6847 57.8705       0 35.0571 41.0122 34.0147 48.0416 18.4391 9.43398 31.8277 53.3104 62.2896 45.0444 26.9676
17.0294 27.0185 22.6274 15.6525 39.6232 36.1248       5 19.0263 27.7308 32.8024 8.06226 46.1411 41.6173 26.2488 31.4325 42.0476 22.2036 33.2866 30.0832 30.6105 47.8539 33.1361 18.6011 11.1803 27.4591 6.40312 17.0294 32.7567 19.4165 7.81025 28.1603 32.6497 8.06226 23.0868 23.7065 9.21954 39.8246      25 29.7321 21.0238 28.8444 23.4094 35.0571       0  6.7082 12.6491 13.6015 17.1172  43.566 24.6982 23.6008 27.2947      10 38.7331
16.7631 33.0606 29.0689 8.94427 46.0977 34.2053 9.05539 23.0868 34.4384 38.9487 13.0384 52.8394 48.2597 25.4951  29.095 48.0104 28.3196 39.9625 36.6879 37.2022 54.5619 39.4588 25.2389 4.47214 34.1321 8.24621 11.7047 29.7321 17.2047 14.4222 22.8035 39.3573 2.82843 29.4279 29.4109 15.0333 46.5296 19.2354 25.5539  27.074 26.1725 19.4165 41.0122  6.7082       0 18.0278 7.07107 23.5372  49.163 30.6105 23.4094 22.1359       5 45.3018
15.0333 26.4197 12.6491 26.1725 35.3553 33.2415 16.0312 7.61577      21 21.2603       5 37.6431  32.311 22.4722 29.8718 40.4969 10.8167 24.7386  25.318 21.1896  40.025 30.3645 11.0454 22.0227 19.2354 10.6301 23.7065 32.3883  20.025 7.28011 33.2415 25.1794 17.6918 21.4709 11.4018 14.8661 31.7805 31.3847 32.0624 21.4009 28.2843 26.3059 34.0147 12.6491 18.0278       0 23.3452 16.4012  43.382 12.7279 19.3132 32.0156 18.4391 28.8487
17.1172 40.1123 35.2278 3.16228 53.1507  31.305      16 26.9258 41.2311 44.5982 18.4391 59.4811 54.7083 24.3311 25.9608 55.0364 34.0588 46.5296 43.6807  43.566  61.327 46.5296 31.7648 3.16228 40.7063 12.7279 6.40312  25.807 15.2971 21.0238 16.5529 46.0977 5.83095 36.4966 34.6554 22.0907 53.2259 12.6491 20.5183 34.1321 22.8254      15 48.0416 13.6015 7.07107 23.3452       0 30.5941 56.0803 36.0694 23.0217 16.1245       5 51.5873
30.0832 10.4403 14.0357   32.28  22.561 49.1935 15.2315 23.3452 12.8062 24.1868  17.088 31.1448 27.8029 38.4708 45.3471  25.318 16.4924 19.4165 13.4164 18.3848 32.2025 16.0312 9.21954 27.8927 14.3178 21.2132 34.0147 47.4342 34.2053 11.4018 45.0111 17.6918 25.1794       6 19.9249 8.94427 24.7588 42.0476 45.7056       5 43.3244 39.4588 18.4391 17.1172 23.5372 16.4012 30.5941       0 27.5136 19.4165 35.3553 44.0454  27.074 25.9856
57.5847  17.088 35.4683      57 14.5602 76.5572 40.1123 49.3964 26.1725 40.2244 44.5982 30.1496   32.28 65.7951 72.8385 5.09902 39.0512 29.1548 20.5183 32.2025      28 14.1421 33.2866 53.0377 29.7321 48.5077  60.531 74.9466 61.6847 38.8973 71.7008 26.0768 51.3517 21.9317 42.5206 34.3657 27.2029 68.3593 73.0068 22.8035 70.8378 66.7083 9.43398  43.566  49.163  43.382 56.0803 27.5136       0 41.0366 62.6498  70.859 53.4603 34.0771
25.2982 26.0768 5.83095 38.8973 29.5296 40.1123 26.9258 12.1655      15 8.60233 17.6918  27.074 21.2132 30.0167 38.0925 37.0135       3 15.2971 20.6155 11.1803      30 26.9072  10.198 34.7131 11.6619 23.3452 36.0555 41.1947 30.6757 17.4642 44.7772  17.088 30.4138 21.4709       2 23.3452 22.0907 43.4166   42.45 23.4094 37.3363 37.3363 31.8277 24.6982 30.6105 12.7279 36.0694 19.4165 41.0366       0  27.074 43.4626 31.1448 17.3566
 6.7082  45.618 30.1496      26 54.3415 13.9284 28.6007      15 39.6232 34.7131 18.6011 54.1479 48.2597 3.16228   11.04  59.808 27.0185 42.0119 44.3847      38 57.0351 49.6488 30.0832 24.3311 37.2156 17.2047 18.2483 14.1421 8.24621 24.4131 21.2603 43.1856 20.8806 40.7185 25.0799 31.1448      49 21.9545 16.6433 40.3113 10.4403 13.6015 53.3104 23.6008 23.4094 19.3132 23.0217 35.3553 62.6498  27.074       0 19.8494 19.4165 44.3424
18.3576  54.231  44.643 17.0294 66.0681      20 31.0483 31.7648 52.6118 51.8941 28.2843 69.6419  64.195  18.868 15.1275 69.2604 42.3792 56.7539 56.1427 53.1601 72.0347 60.0083 42.5793 19.2354 51.1957 23.0217 10.4403 13.0384 13.0384 33.0151 1.41421 57.0701 19.6469   50.04 41.6293 36.4966 63.7887 4.47214 6.08276 48.2597 12.3693 6.40312 62.2896 27.2947 22.1359 32.0156 16.1245 44.0454  70.859 43.4626 19.8494       0 17.4642 60.5743
13.0384 37.0135 30.5287 8.06226 49.4975 29.4109 13.6015 21.9545      37 39.6989 13.6015 55.0364 50.1199 21.1896 24.2322 52.0384 29.2062 42.0476 39.8121 38.9487 57.0088 43.1045  27.313       5 36.2491 7.81025 7.07107 24.7588   12.53 16.7631 18.2483 41.7852 2.23607 33.0606 29.6985  19.105 48.8467      15 20.5913 31.0161 21.2603 14.4222 45.0444      10       5 18.4391       5  27.074 53.4603 31.1448 19.4165 17.4642       0 46.9068
42.5823 25.6759 16.3783 54.1133 19.6787 57.0022 39.2588 29.5169 13.4629 10.1119 33.3654 10.1119 4.03113 47.2149 55.3141 29.0904 18.2003 6.80074 16.5303 8.13941 13.4629 21.7083 20.1804 49.7016 11.8004  39.195 52.5476 58.4829 47.9401 30.9233 61.8567 9.55249  45.763 23.5637 19.3197  33.812 7.43303   60.21  59.785 27.0416 54.6649  54.555 26.9676 38.7331 45.3018 28.8487 51.5873 25.9856 34.0771 17.3566 44.3424 60.5743 46.9068       0


