    0 48.3011 44.1814 59.9416 38.4708 24.0416 41.8808 31.6228 34.6554 47.7598 29.2746  27.074 53.4509 13.6015 32.0156 44.2945 41.4367 63.8122 57.9396 44.9444  64.622 68.0661      51 29.7321 51.0882 24.5153 15.5563 4.03113 17.1172 34.7131 19.3256 58.6003 23.8537 53.7267 31.3847 46.0435   50.01 12.3693 3.60555 19.2354 11.0454  7.2111 48.8774 30.4631 38.4187 31.0161 28.3019 46.0977 39.9625 44.9222 70.8308      44 81.8352 21.8689
48.3011       0 26.0192 50.9902  61.327 57.6281 45.7056 34.5398 50.6952 38.0526 22.8035 63.8905  38.833 43.8634 68.4105 43.1856 28.0713 57.0701 11.0454 6.08276 49.0408      26 46.0435      23 26.2488 25.4951 33.8378 50.6779 56.5862 17.4929 45.2866 10.4403 24.6982 56.0175 41.2311 6.40312 22.1359 41.2311 48.8467 51.7397      55 41.1461 3.16228 18.0278 13.1529 25.9422 28.0713 12.1655 9.05539      35 60.7289 78.7718 70.9366  58.423
44.1814 26.0192       0  25.632 39.6989 41.5933 21.0238 15.2315      29 12.0416      17 47.8853 13.8924 33.2415 51.3128   17.72 3.60555 31.6228 26.9258 20.0998 25.6125 28.0179  20.025 35.3836 7.07107 21.9317 36.2491    44.5 43.9659 14.8661  51.698 30.3645 29.4109 30.0958 20.8087 30.5941 7.81025 44.0114 46.5296 37.3363 45.5412  38.833 29.0689 22.6274  31.305 13.3417 40.3113 14.0357 26.9258 9.05539 36.2353 59.4643 47.1699 43.6606
59.9416 50.9902  25.632       0 35.5106 46.2709 18.6815 29.2062 29.1548 14.4222      40 51.0098 12.1655 46.5188 52.1536 15.6525 25.0599 6.08276 49.0102 45.3542 8.06226 42.3792 8.94427 59.9083 25.0799 43.9318 57.3149 58.6366 52.1728 39.8246 72.6284      53 52.6308 12.8825 28.6356 56.0446 29.1548 64.0312 63.1348 45.3542 56.6127 56.8595 54.1295 47.1699 56.8595 34.8281  64.405  38.833 52.5547 18.0278 11.3137 55.3624 22.6274 49.4292
38.4708  61.327 39.6989 35.5106       0 15.5563 20.2485 26.8328 10.8167   32.45 39.5601 17.4642 37.5899 26.9258 17.1172 24.6982 36.2353      36 65.7343 55.4617 43.1741 67.2086 28.7924 56.0357 45.2769 39.4588 45.5412 35.2456 23.3452 44.0114 56.9059 68.6003 47.0425    23.6 20.1246 63.2456 47.4236 48.3839 42.0595 19.2354 29.8329 39.8497 63.6946 47.0744 59.2284 35.4683 58.0775 51.6236   57.28 32.6497 43.0465 20.5913 51.9711 18.7683
24.0416 57.6281 41.5933 46.2709 15.5563       0      28 26.4197 17.1172 38.6394 34.8281 6.40312 44.5533 15.5242 10.8167 32.0624 38.0132 48.2701 64.3817 52.4023 53.0094 69.4622 38.0132 46.8402 48.3322 32.7567 34.2345 20.4267 7.81025 40.3609 43.1912 66.4831 38.2753 36.3065 21.1896 57.9828 49.2443 35.2278 27.5136 6.32456 14.4222 27.0185 59.4054 40.8167 52.3259 32.5576  47.676 50.3289 51.6236 37.3631 55.5428 22.1359 65.4599  3.3541
41.8808 45.7056 21.0238 18.6815 20.2485      28       0 13.9284 11.1803 12.2066 27.6586 33.2415 17.4642 28.3019  35.171 4.47214 18.0278 21.9545  47.927 39.6232   25.02 47.4236 10.0499 47.4342 25.6125 30.0832 41.6173 40.2647  33.541 30.0167 56.2555  51.264      39 12.8281 10.6301 49.0918 28.3019 47.4236 45.2217 26.6833 37.9473 39.6232 48.5077 35.6931 47.2652 22.3607 51.0784 34.4819 44.0114 12.8062 29.0689 40.8167 39.9625 31.0363
31.6228 34.5398 15.2315 29.2062 26.8328 26.4197 13.9284       0 16.1555 16.1555 14.0357 32.7567 21.8403  19.105 36.4005 14.2127 11.7047 33.9411 39.2046 28.6356 33.1059 43.0465 20.5183 33.5261 22.1359 16.1555 28.3196 31.0846 28.8617 17.4642 43.4681 41.8808 25.0799 26.6563  6.7082 36.8782 22.8254 34.8281 34.5398 22.1359 31.0161 27.7849      37 22.0907      34 9.05539 37.1618      25  31.257 13.3417 40.4599 45.3431 51.7397 28.4297
34.6554 50.6952      29 29.1548 10.8167 17.1172 11.1803 16.1555       0 22.8473 29.4279 22.0907 28.4605 21.4009 24.0416 15.5242 25.4951 31.3209 54.9181 44.7772 36.0139 56.7274 21.0238 47.1699 34.8281      30 38.2753 32.2684 23.4094 33.5261 51.3817 57.8014 38.2099 19.7677 9.48683 52.8867 36.7696 42.5441 38.2099      17 28.6531 34.1321 53.1413 37.2156  49.366      25 49.8197 40.8167 47.0744 22.4722 38.6005 30.6105 48.8467 20.3039
47.7598 38.0526 12.0416 14.4222   32.45 38.6394 12.2066 16.1555 22.8473       0 25.6125 44.3847       6 34.9285 46.8188 7.81025 10.7703 20.1246 38.0789 32.1403      17  35.609       8 45.4863 14.3178 29.6985 43.4166 47.0558 43.0116 25.4951 58.8802 41.7732 38.2884 18.3183      18 42.5793   17.72 50.4777 50.6952 36.0139 46.2709 43.8292 41.1096 32.7567   42.72 20.5183      50      26 38.6005 3.60555 25.6125      53 36.8782 41.3673
29.2746 22.8035      17      40 39.5601 34.8281 27.6586 14.0357 29.4279 25.6125       0 41.1096 29.7321 21.6333  45.607 26.9258 15.6205 45.4863 30.2324 17.6918 41.7732  38.833  32.249 20.1246 23.0868 5.09902 19.3132 30.5655 34.2053 5.83095 34.7056 31.8904 12.7279 40.0345 20.0998 23.7697 21.2132 27.2029 31.0161      29  33.541      23 24.6982 8.06226  20.025 5.38516 24.4131  17.088   17.72 22.0227  51.225 56.0803  62.482 35.7106
 27.074 63.8905 47.8853 51.0098 17.4642 6.40312 33.2415 32.7567 22.0907 44.3847 41.1096       0 50.2195 21.0238 5.09902 37.4833 44.2945  52.469 70.7672 58.7282 58.0775 75.8024 43.1045 52.2015 54.5619  38.833 39.0512 23.1355      10 46.6905 46.3905 72.8354 43.8634 40.2139  27.313 64.0703 55.5698 39.0128 30.2655 12.2066 16.2788  31.257 65.6049 46.8722 58.1808 38.9487 52.6308 56.7274 57.6888 43.3244 59.6825 17.1172 69.1231 5.85235
53.4509  38.833 13.8924 12.1655 37.5899 44.5533 17.4642 21.8403 28.4605       6 29.7321 50.2195       0 40.7922 52.4976      13 14.1421 18.2483 37.1214 33.2415 12.0416  32.249      10 49.0408      13 34.2053 48.2597 52.8796 49.0102 28.6007 63.7909 41.0488   42.45 20.3066      24 43.9659 17.0294 55.5698 56.3028 42.0119 52.2398 49.2443 41.9762 36.2353 45.1774      25 53.8145 26.6833 40.7185   8.544 22.3607 58.1808 33.2866 47.3207
13.6015 43.8634 33.2415 46.5188 26.9258 15.5242 28.3019  19.105 21.4009 34.9285 21.6333 21.0238 40.7922       0      26 30.8707 30.0666 50.2494 51.8652 39.2046 51.5461 59.4643 37.5766 31.3209 40.3113 18.3848      19 12.1758 12.7279 27.4591 30.2338 53.4135 22.8473 40.1542 17.8885 43.4166  40.025 21.5407 17.0294 9.21954 12.3693      13 45.2769 26.2488 37.2156 21.1896  32.249 38.4708 37.0135 32.3883 57.3062 37.6431 68.2642 15.2069
32.0156 68.4105 51.3128 52.1536 17.1172 10.8167  35.171 36.4005 24.0416 46.8188  45.607 5.09902 52.4976      26       0 39.5601 47.7074 53.0377 74.9533 63.1269 59.5399 79.3221 44.7214 57.2451 57.8014  43.566 44.1475 28.0401 15.0333 51.0882 51.2999 77.1557 48.8467 40.6492 30.5287 68.7968 59.0762 44.0454 35.1283      17  21.095 36.3456  70.214 51.6236 63.0635 43.1393 57.7235 60.8276  62.434 46.0977 60.1332 12.0416 69.0507 10.9202
44.2945 43.1856   17.72 15.6525 24.6982 32.0624 4.47214 14.2127 15.5242 7.81025 26.9258 37.4833      13 30.8707 39.5601       0 15.1327 19.8494 44.5982 37.1214 21.2132 43.2782  6.7082 47.0106 21.6333 30.0167 42.5206 43.0029 37.2156 28.4429 57.5628 48.0833 38.9487 13.2575      13 47.0106 24.5967 48.8365 47.5079 30.2655 41.2311 41.4005 46.0977 34.7851 45.8912 21.5407      51 31.5753 42.2966 8.94427 26.6271 45.2769 37.8021 35.0036
41.4367 28.0713 3.60555 25.0599 36.2353 38.0132 18.0278 11.7047 25.4951 10.7703 15.6205 44.2945 14.1421 30.0666 47.7074 15.1327       0 30.8707 29.9666 22.0227 26.1725 31.6228 18.4391      35 10.4403 20.2485 34.4819 41.5482 40.5216 14.7648 50.0128 33.2415 28.3196 28.0064 17.2047 32.1403 11.4018 42.0476 43.9318 33.8378 42.2966 36.4005 31.0161 22.2036 31.9531 11.1803 39.6989 16.4924 27.8927 7.28011 36.0555 55.9017 47.2017 40.1155
63.8122 57.0701 31.6228 6.08276      36 48.2701 21.9545 33.9411 31.3209 20.1246 45.4863  52.469 18.2483 50.2494 53.0377 19.8494 30.8707       0      55 51.4198 11.6619 47.8017 13.4536 65.5134 31.1448 49.2037 62.2415 62.2113 54.7083  45.618 77.3866 59.0085 58.0086    12.4   32.45 62.0967 35.2278 68.6804 67.1193 48.1041 59.6154 61.2209  60.208 52.8394 62.7694 40.2244 69.8928  44.911 58.5235 23.7065 7.28011 54.9181 18.0278 51.5388
57.9396 11.0454 26.9258 49.0102 65.7343 64.3817  47.927 39.2046 54.9181 38.0789 30.2324 70.7672 37.1214 51.8652 74.9533 44.5982 29.9666      55       0      13 45.3982 15.8114 45.8912 34.0147 24.1868      34 44.1475 59.9604  64.405 24.4131 56.2288 4.12311 34.9285 56.3805 45.8039 16.7631 20.3961  51.788 58.8218 58.8982 63.6318 50.9215 12.6491 27.5136 24.1868 31.8277 39.1152 14.2127      20 35.7351 57.4282 84.5044 66.7083  65.622
44.9444 6.08276 20.0998 45.3542 55.4617 52.4023 39.6232 28.6356 44.7772 32.1403 17.6918 58.7282 33.2415 39.2046 63.1269 37.1214 22.0227 51.4198      13       0 43.8634  25.318 40.1123 22.8035 21.0238  21.095 31.4006 46.9707 51.8556 12.0416 44.3157 14.2127 22.2036 50.0016 35.3412 10.7703      17 39.2046 45.8803  46.669  50.774 37.9473       9 14.5602 14.4222 20.2485 28.1603  6.7082 9.43398 29.0172 55.3624 73.2393 65.7951 53.3877
 64.622 49.0408 25.6125 8.06226 43.1741 53.0094   25.02 33.1059 36.0139      17 41.7732 58.0775 12.0416 51.5461 59.5399 21.2132 26.1725 11.6619 45.3982 43.8634       0 36.6742      15  60.959 22.8473 46.2277 60.2163 63.7201 58.4209 40.4599 75.7303 49.4975 54.4885 20.9418 33.9559  54.626 26.9258 67.4166  67.624 51.4782 62.3699 60.8276 52.2015 48.1664 56.6039 37.0135 65.7951 37.1618 51.9711 20.2485 12.0416 63.2456 21.9317 56.0558
68.0661      26 28.0179 42.3792 67.2086 69.4622 47.4236 43.0465 56.7274  35.609  38.833 75.8024  32.249 59.4643 79.3221 43.2782 31.6228 47.8017 15.8114  25.318 36.6742       0   42.19 48.0521 21.9317  43.566 56.0089 69.3704 71.1758 33.3766 69.5736  19.105 47.0106 52.5467 48.8262 32.2025 20.2485      64 69.5845  64.846 71.7844 61.5224  28.178      39 38.8973 38.2753 53.3667 22.0907 34.2053 34.6554 48.3735 87.3212 56.0357  71.353
     51 46.0435  20.025 8.94427 28.7924 38.0132 10.0499 20.5183 21.0238       8  32.249 43.1045      10 37.5766 44.7214  6.7082 18.4391 13.4536 45.8912 40.1123      15   42.19       0 52.3546 21.8403  35.805 48.7955 49.7016  43.566 32.8938  63.985 49.6488 44.6542 10.5622 19.6977 50.4876 25.4951 55.3173 54.2033 36.6742 47.8017 48.0104 49.0918 39.8121 50.2892 26.9258 56.6039      34 46.3249 11.1803      20 49.2443  31.241 41.0761
29.7321      23 35.3836 59.9083 56.0357 46.8402 47.4342 33.5261 47.1699 45.4863 20.1246 52.2015 49.0408 31.3209 57.2451 47.0106      35 65.5134 34.0147 22.8035  60.959 48.0521 52.3546       0 39.8246 17.4642 14.2127 33.1097 42.9535 20.5183 22.3759 33.1361       9 60.0213 38.6394 18.4391 36.6197 19.7231 29.0689 40.5216 39.1152 22.8035 22.2036 12.8062  10.198 25.4951 5.38516 27.7308 14.0357 41.8808 71.0282 68.9638  82.201 46.3492
51.0882 26.2488 7.07107 25.0799 45.2769 48.3322 25.6125 22.1359 34.8281 14.3178 23.0868 54.5619      13 40.3113 57.8014 21.6333 10.4403 31.1448 24.1868 21.0238 22.8473 21.9317 21.8403 39.8246       0 28.1603 42.3792 51.5097 50.9608 19.7231 57.6462 28.0713 34.8855 32.3938 27.2947 31.7805 4.12311 50.2892 53.3385 44.2719 52.6118 45.5412 29.4109 27.4591 34.2053 20.0998      45 14.3178 29.4109 12.8062 34.4819  65.437 44.7772 50.5099
24.5153 25.4951 21.9317 43.9318 39.4588 32.7567 30.0832 16.1555      30 29.6985 5.09902  38.833 34.2053 18.3848  43.566 30.0167 20.2485 49.2037      34  21.095 46.2277  43.566  35.805 17.4642 28.1603       0 14.3178 26.1008 31.1127  10.198 29.8007 35.2278 8.94427 42.7874 21.2132 25.2389 26.3059 22.1359 26.0768 26.6271 29.6816 18.0278 26.9072 8.06226 19.9249 9.21954 21.0238  21.587  18.868 26.1725 55.2268 54.5619 66.5282 33.2002
15.5563 33.8378 36.2491 57.3149 45.5412 34.2345 41.6173 28.3196 38.2753 43.4166 19.3132 39.0512 48.2597      19 44.1475 42.5206 34.4819 62.2415 44.1475 31.4006 60.2163 56.0089 48.7955 14.2127 42.3792 14.3178       0 18.9011 29.4109 23.3452 15.5396 44.2719 9.21954 54.4184 31.3847 30.8869 40.2616 8.06226 15.2643 28.0713 25.0599 8.60233 34.0147 17.0294 23.0217 23.3238 13.6015 34.0147 25.0799      40 68.6222 56.0892 79.9312 33.2453
4.03113 50.6779    44.5 58.6366 35.2456 20.4267 40.2647 31.0846 32.2684 47.0558 30.5655 23.1355 52.8796 12.1758 28.0401 43.0029 41.5482 62.2113 59.9604 46.9707 63.7201 69.3704 49.7016 33.1097 51.5097 26.1008 18.9011       0 13.2382 36.2112 23.2622 60.8543 26.6317 51.6954 30.0042 48.8083 50.7469 16.3783 7.15891 16.1012 7.01783 10.3078 51.4514 32.6841 41.4035 31.6425 32.0039 47.6051 42.6058 44.4213 69.3271 40.0031 80.1888 18.0693
17.1172 56.5862 43.9659 52.1728 23.3452 7.81025  33.541 28.8617 23.4094 43.0116 34.2053      10 49.0102 12.7279 15.0333 37.2156 40.5216 54.7083  64.405 51.8556 58.4209 71.1758  43.566 42.9535 50.9608 31.1127 29.4109 13.2382       0      40 36.4428 66.0681 34.9857 43.0948   25.02 56.0803  51.264 29.0172 20.3961       7  6.7082 21.3776      58 38.9487 49.6488  33.121 43.0116  50.774  49.679 41.1947 61.9839  27.074 72.2357 4.92443
34.7131 17.4929 14.8661 39.8246 44.0114 40.3609 30.0167 17.4642 33.5261 25.4951 5.83095 46.6905 28.6007 27.4591 51.0882 28.4429 14.7648  45.618 24.4131 12.0416 40.4599 33.3766 32.8938 20.5183 19.7231  10.198 23.3452 36.2112      40       0 38.2005 26.1725 15.2315 41.6984 24.0416 19.4165  17.088 31.4006 36.2215 34.6554 39.3573 28.1603 19.6977 7.81025 17.4642   8.544 25.4951 11.4018      14 21.9317  50.774 61.2944 61.8547 41.3793
19.3256 45.2866  51.698 72.6284 56.9059 43.1912 56.2555 43.4681 51.3817 58.8802 34.7056 46.3905 63.7909 30.2338 51.2999 57.5628 50.0128 77.3866 56.2288 44.3157 75.7303 69.5736  63.985 22.3759 57.6462 29.8007 15.5396 23.2622 36.4428 38.2005       0 55.5039 23.0495 68.9107 45.7349 40.7711 55.2818 8.88144 16.2012  37.893 30.2238 17.2708 44.5789 31.0464 32.5558 38.8623 17.8572 48.0883 36.2447 55.4967 83.9123 63.2383 95.2034 41.1695
58.6003 10.4403 30.3645      53 68.6003 66.4831  51.264 41.8808 57.8014 41.7732 31.8904 72.8354 41.0488 53.4135 77.1557 48.0833 33.2415 59.0085 4.12311 14.2127 49.4975  19.105 49.6488 33.1361 28.0713 35.2278 44.2719 60.8543 66.0681 26.1725 55.5039       0 35.1141 60.0913 48.5489 15.0333 24.1868 51.6624 59.2368 60.8276 64.8999 51.4782      11  28.178 23.0217 34.0588 38.0132      17 19.4165 39.2938 61.5224 87.0057 70.8308 67.5518
23.8537 24.6982 29.4109 52.6308 47.0425 38.2753      39 25.0799 38.2099 38.2884 12.7279 43.8634   42.45 22.8473 48.8467 38.9487 28.3196 58.0086 34.9285 22.2036 54.4885 47.0106 44.6542       9 34.8855 8.94427 9.21954 26.6317 34.9857 15.2315 23.0495 35.1141       0 51.7258 29.8329 22.2036  32.311 17.0294 24.1661 31.9531 31.8904 16.6433 25.0599 8.06226 14.8661 17.8045  12.083 25.1794 16.1245 34.7131 63.8905  60.407 75.1665 38.0296
53.7267 56.0175 30.0958 12.8825    23.6 36.3065 12.8281 26.6563 19.7677 18.3183 40.0345 40.2139 20.3066 40.1542 40.6492 13.2575 28.0064    12.4 56.3805 50.0016 20.9418 52.5467 10.5622 60.0213 32.3938 42.7874 54.4184 51.6954 43.0948 41.6984 68.9107 60.0913 51.7258       0 23.1767 60.1079 35.9939 60.0496 57.1836 36.7663 48.4124 52.0707 59.0014 47.9683 59.1486 34.6606 63.8088 44.1312 55.5226 21.0466 19.5028  42.785 29.1678 39.6234
31.3847 41.2311 20.8087 28.6356 20.1246 21.1896 10.6301  6.7082 9.48683      18 20.0998  27.313      24 17.8885 30.5287      13 17.2047   32.45 45.8039 35.3412 33.9559 48.8262 19.6977 38.6394 27.2947 21.2132 31.3847 30.0042   25.02 24.0416 45.7349 48.5489 29.8329 23.1767       0 43.4166 28.6007 36.8782 34.6699 18.0278 28.4429      29 43.6578 28.0179 40.1123 15.5242 41.7612 31.6228 37.6563 16.2788 39.4462 38.8973 50.4777 23.6485
46.0435 6.40312 30.5941 56.0446 63.2456 57.9828 49.0918 36.8782 52.8867 42.5793 23.7697 64.0703 43.9659 43.4166 68.7968 47.0106 32.1403 62.0967 16.7631 10.7703  54.626 32.2025 50.4876 18.4391 31.7805 25.2389 30.8869 48.8083 56.0803 19.4165 40.7711 15.0333 22.2036 60.1079 43.4166       0 27.7308 37.6962 46.1411 51.8652 53.7587  38.833 4.12311 17.2047 8.24621 27.8927 23.0868 17.4642 6.40312 39.3192 66.1287 79.6492 76.5572 58.4145
  50.01 22.1359 7.81025 29.1548 47.4236 49.2443 28.3019 22.8254 36.7696   17.72 21.2132 55.5698 17.0294  40.025 59.0762 24.5967 11.4018 35.2278 20.3961      17 26.9258 20.2485 25.4951 36.6197 4.12311 26.3059 40.2616 50.7469  51.264  17.088 55.2818 24.1868  32.311 35.9939 28.6007 27.7308       0 48.2701 52.0384 44.7772 52.3927 44.1022 25.2982 24.5967 30.4795  19.105 41.8808 10.2956 25.6125 15.6525 38.6005 67.2681 48.8467 51.2079
12.3693 41.2311 44.0114 64.0312 48.3839 35.2278 47.4236 34.8281 42.5441 50.4777 27.2029 39.0128 55.5698 21.5407 44.0454 48.8365 42.0476 68.6804  51.788 39.2046 67.4166      64 55.3173 19.7231 50.2892 22.1359 8.06226 16.3783 29.0172 31.4006 8.88144 51.6624 17.0294 60.0496 36.8782 37.6962 48.2701       0 10.2956 29.6142 23.3452   8.544 41.1096      25 29.5466 30.8707 16.9706 42.0476   32.28 47.1699 75.2861 56.0803 86.5563 33.5149
3.60555 48.8467 46.5296 63.1348 42.0595 27.5136 45.2217 34.5398 38.2099 50.6952 31.0161 30.2655 56.3028 17.0294 35.1283 47.5079 43.9318 67.1193 58.8218 45.8803  67.624 69.5845 54.2033 29.0689 53.3385 26.0768 15.2643 7.15891 20.3961 36.2215 16.2012 59.2368 24.1661 57.1836 34.6699 46.1411 52.0384 10.2956       0 22.8254 14.0357 8.06226 49.1935 31.3209 38.2753 33.2415 27.0185 47.5184 40.2492 47.7598 74.0945 47.0425 85.1469  25.224
19.2354 51.7397 37.3363 45.3542 19.2354 6.32456 26.6833 22.1359      17 36.0139      29 12.2066 42.0119 9.21954      17 30.2655 33.8378 48.1041 58.8982  46.669 51.4782  64.846 36.6742 40.5216 44.2719 26.6271 28.0713 16.1012       7 34.6554  37.893 60.8276 31.9531 36.7663 18.0278 51.8652 44.7772 29.6142 22.8254       0 11.6619 21.2132 53.4135 34.6699 46.0652 27.2029 41.4367      45 45.4863 34.2345 55.3624 28.4605 65.7951 6.72681
11.0454      55 45.5412 56.6127 29.8329 14.4222 37.9473 31.0161 28.6531 46.2709  33.541 16.2788 52.2398 12.3693  21.095 41.2311 42.2966 59.6154 63.6318  50.774 62.3699 71.7844 47.8017 39.1152 52.6118 29.6816 25.0599 7.01783  6.7082 39.3573 30.2238 64.8999 31.8904 48.4124 28.4429 53.7587 52.3927 23.3452 14.0357 11.6619       0 16.5529 56.0803 37.0135 46.7547 33.5261 38.4838 50.5668 47.4236 44.0454 66.8506 33.0151 77.3886 11.6297
 7.2111 41.1461  38.833 56.8595 39.8497 27.0185 39.6232 27.7849 34.1321 43.8292      23  31.257 49.2443      13 36.3456 41.4005 36.4005 61.2209 50.9215 37.9473 60.8276 61.5224 48.0104 22.8035 45.5412 18.0278 8.60233 10.3078 21.3776 28.1603 17.2708 51.4782 16.6433 52.0707      29  38.833 44.1022   8.544 8.06226 21.2132 16.5529       0 41.6773 23.4094  31.241 25.4951 21.9317 39.4588 32.7567 40.7185 68.0074 48.3735 79.2023 25.5783
48.8774 3.16228 29.0689 54.1295 63.6946 59.4054 48.5077      37 53.1413 41.1096 24.6982 65.6049 41.9762 45.2769  70.214 46.0977 31.0161  60.208 12.6491       9 52.2015  28.178 49.0918 22.2036 29.4109 26.9072 34.0147 51.4514      58 19.6977 44.5789      11 25.0599 59.0014 43.6578 4.12311 25.2982 41.1096 49.1935 53.4135 56.0803 41.6773       0  19.105 12.0416 28.2312 27.0185 15.2971 8.94427 38.0132 63.8905 80.7775 74.0945 60.0521
30.4631 18.0278 22.6274 47.1699 47.0744 40.8167 35.6931 22.0907 37.2156 32.7567 8.06226 46.8722 36.2353 26.2488 51.6236 34.7851 22.2036 52.8394 27.5136 14.5602 48.1664      39 39.8121 12.8062 27.4591 8.06226 17.0294 32.6841 38.9487 7.81025 31.0464  28.178 8.06226 47.9683 28.0179 17.2047 24.5967      25 31.3209 34.6699 37.0135 23.4094  19.105       0 12.1655 13.3417 17.6918 17.1172 10.8167 29.1548 58.2495 62.6099 69.4046 41.2098
38.4187 13.1529  31.305 56.8595 59.2284 52.3259 47.2652      34  49.366   42.72  20.025 58.1808 45.1774 37.2156 63.0635 45.8912 31.9531 62.7694 24.1868 14.4222 56.6039 38.8973 50.2892  10.198 34.2053 19.9249 23.0217 41.4035 49.6488 17.4642 32.5558 23.0217 14.8661 59.1486 40.1123 8.24621 30.4795 29.5466 38.2753 46.0652 46.7547  31.241 12.0416 12.1655       0   25.02      15 20.5183       5 39.2173 67.5352 74.3236 78.3901 52.4047
31.0161 25.9422 13.3417 34.8281 35.4683 32.5576 22.3607 9.05539      25 20.5183 5.38516 38.9487      25 21.1896 43.1393 21.5407 11.1803 40.2244 31.8277 20.2485 37.0135 38.2753 26.9258 25.4951 20.0998 9.21954 23.3238 31.6425  33.121   8.544 38.8623 34.0588 17.8045 34.6606 15.5242 27.8927  19.105 30.8707 33.2415 27.2029 33.5261 25.4951 28.2312 13.3417   25.02       0 29.6816 17.8045 22.2036 16.9706 46.0977 53.0094 57.3847 33.9006
28.3019 28.0713 40.3113  64.405 58.0775  47.676 51.0784 37.1618 49.8197      50 24.4131 52.6308 53.8145  32.249 57.7235      51 39.6989 69.8928 39.1152 28.1603 65.7951 53.3667 56.6039 5.38516      45 21.0238 13.6015 32.0039 43.0116 25.4951 17.8572 38.0132  12.083 63.8088 41.7612 23.0868 41.8808 16.9706 27.0185 41.4367 38.4838 21.9317 27.0185 17.6918      15 29.6816       0 33.1059 19.2354 46.4004 75.6042 69.6348 86.8332 46.8108
46.0977 12.1655 14.0357  38.833 51.6236 50.3289 34.4819      25 40.8167      26  17.088 56.7274 26.6833 38.4708 60.8276 31.5753 16.4924  44.911 14.2127  6.7082 37.1618 22.0907      34 27.7308 14.3178  21.587 34.0147 47.6051  50.774 11.4018 48.0883      17 25.1794 44.1312 31.6228 17.4642 10.2956 42.0476 47.5184      45 50.5668 39.4588 15.2971 17.1172 20.5183 17.8045 33.1059       0 15.5563 23.0868 48.7032 70.2922 59.0931 51.7035
39.9625 9.05539 26.9258 52.5547   57.28 51.6236 44.0114  31.257 47.0744 38.6005   17.72 57.6888 40.7185 37.0135  62.434 42.2966 27.8927 58.5235      20 9.43398 51.9711 34.2053 46.3249 14.0357 29.4109  18.868 25.0799 42.6058  49.679      14 36.2447 19.4165 16.1245 55.5226 37.6563 6.40312 25.6125   32.28 40.2492 45.4863 47.4236 32.7567 8.94427 10.8167       5 22.2036 19.2354 15.5563       0  35.171 63.0714 73.3553 73.8241 52.0216
44.9222      35 9.05539 18.0278 32.6497 37.3631 12.8062 13.3417 22.4722 3.60555 22.0227 43.3244   8.544 32.3883 46.0977 8.94427 7.28011 23.7065 35.7351 29.0172 20.2485 34.6554 11.1803 41.8808 12.8062 26.1725      40 44.4213 41.1947 21.9317 55.4967 39.2938 34.7131 21.0466 16.2788 39.3192 15.6525 47.1699 47.7598 34.2345 44.0454 40.7185 38.0132 29.1548 39.2173 16.9706 46.4004 23.0868  35.171       0 29.2062 53.0094 40.4599 39.9155
70.8308 60.7289 36.2353 11.3137 43.0465 55.5428 29.0689 40.4599 38.6005 25.6125  51.225 59.6825 22.3607 57.3062 60.1332 26.6271 36.0555 7.28011 57.4282 55.3624 12.0416 48.3735      20 71.0282 34.4819 55.2268 68.6222 69.3271 61.9839  50.774 83.9123 61.5224 63.8905 19.5028 39.4462 66.1287 38.6005 75.2861 74.0945 55.3624 66.8506 68.0074 63.8905 58.2495 67.5352 46.0977 75.6042 48.7032 63.0714 29.2062       0 61.5224 11.3137 58.8154
     44 78.7718 59.4643 55.3624 20.5913 22.1359 40.8167 45.3431 30.6105      53 56.0803 17.1172 58.1808 37.6431 12.0416 45.2769 55.9017 54.9181 84.5044 73.2393 63.2456 87.3212 49.2443 68.9638  65.437 54.5619 56.0892 40.0031  27.074 61.2944 63.2383 87.0057  60.407  42.785 38.8973 79.6492 67.2681 56.0803 47.0425 28.4605 33.0151 48.3735 80.7775 62.6099 74.3236 53.0094 69.6348 70.2922 73.3553 53.0094 61.5224       0      69 22.8528
81.8352 70.9366 47.1699 22.6274 51.9711 65.4599 39.9625 51.7397 48.8467 36.8782  62.482 69.1231 33.2866 68.2642 69.0507 37.8021 47.2017 18.0278 66.7083 65.7951 21.9317 56.0357  31.241  82.201 44.7772 66.5282 79.9312 80.1888 72.2357 61.8547 95.2034 70.8308 75.1665 29.1678 50.4777 76.5572 48.8467 86.5563 85.1469 65.7951 77.3886 79.2023 74.0945 69.4046 78.3901 57.3847 86.8332 59.0931 73.8241 40.4599 11.3137      69       0 68.7841
21.8689  58.423 43.6606 49.4292 18.7683  3.3541 31.0363 28.4297 20.3039 41.3673 35.7106 5.85235 47.3207 15.2069 10.9202 35.0036 40.1155 51.5388  65.622 53.3877 56.0558  71.353 41.0761 46.3492 50.5099 33.2002 33.2453 18.0693 4.92443 41.3793 41.1695 67.5518 38.0296 39.6234 23.6485 58.4145 51.2079 33.5149  25.224 6.72681 11.6297 25.5783 60.0521 41.2098 52.4047 33.9006 46.8108 51.7035 52.0216 39.9155 58.8154 22.8528 68.7841       0


