      0 188.828 103.697 137.481 71.3863 105.679 125.252 187.032 120.416 129.004       0 188.828 103.697 137.481 71.3863
188.828       0 119.887 150.416 240.832 83.1865 67.8823  25.632 81.6088 98.2344 188.828       0 119.887 150.416 240.832
103.697 119.887       0 48.7647 130.587 64.9384 56.0446 106.151      39 28.2312 103.697 119.887       0 48.7647 130.587
137.481 150.416 48.7647       0 140.801 112.272 97.3293 130.545  79.404 54.0833 137.481 150.416 48.7647       0 140.801
71.3863 240.832 130.587 140.801       0 161.617 173.113 232.845 162.049 158.777 71.3863 240.832 130.587 140.801       0
105.679 83.1865 64.9384 112.272 161.617       0 27.8568 84.1724 38.2099 64.6375 105.679 83.1865 64.9384 112.272 161.617
125.252 67.8823 56.0446 97.3293 173.113 27.8568       0 61.8466      18 44.3847 125.252 67.8823 56.0446 97.3293 173.113
187.032  25.632 106.151 130.545 232.845 84.1724 61.8466       0 70.8025 81.2712 187.032  25.632 106.151 130.545 232.845
120.416 81.6088      39  79.404 162.049 38.2099      18 70.8025       0  27.313 120.416 81.6088      39  79.404 162.049
129.004 98.2344 28.2312 54.0833 158.777 64.6375 44.3847 81.2712  27.313       0 129.004 98.2344 28.2312 54.0833 158.777
      0 188.828 103.697 137.481 71.3863 105.679 125.252 187.032 120.416 129.004       0 188.828 103.697 137.481 71.3863
188.828       0 119.887 150.416 240.832 83.1865 67.8823  25.632 81.6088 98.2344 188.828       0 119.887 150.416 240.832
103.697 119.887       0 48.7647 130.587 64.9384 56.0446 106.151      39 28.2312 103.697 119.887       0 48.7647 130.587
137.481 150.416 48.7647       0 140.801 112.272 97.3293 130.545  79.404 54.0833 137.481 150.416 48.7647       0 140.801
71.3863 240.832 130.587 140.801       0 161.617 173.113 232.845 162.049 158.777 71.3863 240.832 130.587 140.801       0
