      0 64.6705 26.6225 30.5287 63.2418 26.8932 42.8779 19.9504 52.4155 13.6302 30.5537 11.4645  24.329  73.267 52.2124 35.6385      12 52.0477 46.2685 48.4861 44.8856 60.8205 16.1694 76.2641 60.7205 37.4782 22.1587      15
64.4601       0 50.0291 40.0045 91.1675 43.0056 21.8516 54.5235 14.1424 51.2984 50.3566 58.2433 41.3739 101.188 77.5292 59.4781 76.2485 77.3385 58.1431 76.4324 30.6592 6.42965 48.6489 108.189 8.26731 28.0045 86.1986 67.3481
26.4911 50.2727       0 18.6562 41.3118  18.443 28.4687 8.61246 37.9546  13.418 4.24275 17.2288 9.22089 51.3427 28.1802 10.4913 38.2806 27.5927 23.8777 26.5864 30.4487 46.4057  5.1396 58.3135 46.2203 23.0452 48.2318 27.1326
30.5431 40.0764 18.6642       0 59.8262 4.24285  18.137 22.8245 28.4445 18.1323 18.9954 25.2023  9.8674 69.9006 45.1996 28.1182 42.3258 46.0294 41.8143 45.0745 16.6584 36.1791 17.1105 76.7854 36.2474      12 52.2785 33.5652
 63.512 91.5634  41.537 60.0068       0 59.9694 69.8666 43.8359 79.3061 19.3402 26.8313 52.7356 50.7548 15.6291  43.046 32.9045 75.2943 39.7608 29.4315 15.3666 71.8045  87.763 45.5048 22.6132 87.6398 64.4049 85.2459 62.6356
27.0744 43.2169 18.4427 4.24275 59.7571       0 21.3666 21.0445  31.137 15.0526 19.3681      22 9.22091 69.8333 46.2894  28.321  38.854 46.1536 41.9324 45.0188 20.8235  39.319 15.8164 76.8212 39.1694 15.5792 48.8078 30.1075
42.7816 21.9112 28.3478   18.17 69.5355 21.2446       0  32.842 10.4913 29.6169 28.6884 36.5618 19.6926 79.5839 55.8513 37.7995 54.5691 55.7175 51.5187 54.7537 10.7946  18.055 26.9674 86.5897 18.1151 6.16999 64.5198 45.6665
19.9309 54.8782  8.6063  22.827 43.4769 21.0491 33.0688       0 42.4568  9.0059 12.8081 9.64394 13.1725 53.4917 32.3168 15.7821 31.7167  32.085 26.4852 28.7148 34.9517 51.0039       6 60.4873 50.8795 27.5391 30.4406 19.5443
52.3752 14.1422  37.941 28.7459    79.1   31.17 10.6055 42.4346       0 39.2094 38.2559  46.152 29.2852  89.173  65.444 47.3906 64.1623 65.3057 61.0857 64.3459 19.5331 12.6709   36.56 96.1723 8.37515 16.7465  74.113  55.259
13.6238 51.5374 13.5793 18.1311 52.0569 15.0533 29.8365  8.9743 39.2345       0 17.3008 7.09023 10.8226 62.1007  40.241      23 25.4108 40.1004 35.0877  37.299 31.7376 42.8101 8.37515 69.0843  47.607 24.3316  35.362 16.1429
30.4873 50.6084 4.24285 18.9789 41.3727 19.4106  28.784   12.81 38.2781 17.2124       0 21.4193 10.6246 51.3764 27.3791 9.22091 25.4319 27.2149 23.0334 26.6251 30.7788 46.7021  8.9743 58.3254 46.6075 23.4047 52.2245 31.3242
11.4457 58.4836 17.2332  25.201 52.5325      22 36.7741  9.7915 46.1757 7.08915 21.4252       0 17.4858 61.8295  42.001 25.4662  23.232 41.8582 35.5625 37.7911 38.6756 54.7184 12.7348 69.6053 54.5977 31.2577  33.183 9.90048
24.3252 41.5888 9.22091 9.87256 50.6023 9.22089 19.8265 13.1709 26.3247 10.8288 10.4913 17.4903       0 60.6117  37.182 19.3681  36.111 36.9812 32.8309 35.8008  21.803 37.7703 7.29926 67.5579 37.6639  14.374 46.0617 26.9436
73.2377 101.351 51.2906 31.7895 15.5749 69.7222 79.5868 53.5409 89.0464 62.3321 51.3206 62.4907 60.5015       0 52.7965 42.6495   85.02 49.5146 39.1606 25.8391 81.5482 97.5251 55.2941       7 97.4131 74.1426 94.9685 72.3908
51.9088 77.7825 28.3182 46.1584 42.8515 46.2995 55.9728 32.1801 65.4487  40.377 27.3831 41.7362 37.1725 52.8773       0 18.3049 63.8594 6.72313 16.1449  28.125 57.9504 73.8976  32.793 59.8547 73.7975 50.5399 73.8103 51.6368
35.3634 59.8122 10.6246 28.1033 32.7119 28.3271  37.978 15.5967 47.4177      23 9.22089 25.2429 19.4276 42.6944 18.3155       0 47.1461 18.2058 13.9559 17.9571 27.9162 55.9272  15.356 49.6804 55.7229 32.5362 57.0979 35.1448
     12 76.3586 38.4103 42.2985 75.0138 38.6624 54.6582 31.7276 64.1492 25.4001  42.378   23.24 36.0984 85.0528 63.6305  47.441       0  63.957 58.0563 60.2742 56.6582 72.5735 33.3245 92.0359 72.4673 49.2412 10.2529      27
51.7315 77.6169 27.9426 45.8439 39.5603 45.9874 55.7661 31.8102 65.1543 40.0967 27.0681 41.4039 36.8826 49.6227 6.73053 17.9925 63.5173       0 11.2019 24.8186 57.6359 73.7228 32.4362  56.621 73.5169 50.2424 73.4698 51.3059
46.4677 73.4594 23.9368 41.7869 29.2428 41.9322 51.6863  26.719 61.1006 35.4767 23.0127 35.6642 32.8328 39.2238 16.1437 13.9357 58.2458 11.1967       0 14.4268 53.5814 69.6209 28.1992  46.223 69.5269 32.8077 68.1966 45.5641
48.5477 76.6734 26.5983 45.0639 15.2446 45.0312 54.9354  28.829 64.3609 37.5272 26.6261 37.7914 35.8137 26.0798 28.1002 17.9549 60.3353 24.8256 14.4346       0 50.4408 72.8908 30.5375 33.0581 72.7703 49.4259 70.2855 47.6913
44.8823 30.7368 30.4512 16.6509  71.631 20.8123 10.7905  34.947 19.5239 31.7149 30.7793 38.6563 21.7973 81.6222 57.3899 39.8997 56.6717  57.841 53.6093 56.8548       0 26.8709 29.0722 88.5608 26.9335 9.24018 66.6234 47.7708
60.7012 6.36721 46.2684 36.2197 87.4133 39.2292 18.0678 50.7633 12.6732  47.538 46.6214  54.204 37.6137 97.5026  73.771 55.7194 72.4867 73.5556 69.4357 72.6757   26.87       0 44.8885 104.393 10.7905 24.2197 82.4384 63.5879
 21.503 48.9581  5.1691 17.1152 45.2106 15.8271 27.1784       6 36.5947 8.28784 9.00339 12.7323 7.30188 55.2654 32.5844 15.2446 33.2874 32.5207 28.0191 30.4399 29.0797 45.1273       0 62.2653 44.9575 21.6721 43.2372 22.6354
80.1609 108.416 58.2385 76.7038 22.5234 76.6732 86.6088 60.4343 95.9942 69.2521 58.2717 69.4366 67.4507       7  59.746 49.5993 91.9438 56.4649 46.1286 32.8112 88.4965 104.561 62.2397       0 104.415 45.3536 101.896  79.337
60.5988 8.26538 46.1643 36.3232  87.304 39.1366 18.1552 50.6584 8.28784  47.433 46.5101 54.3755  37.509  97.424 73.6687 55.6156 72.3858 73.6513 69.2938 72.5696 26.6646 10.7946 44.7838 104.438       0 24.3232 82.3371 63.4828
37.4276 28.0218 22.9958      12 64.1269  15.399 6.13761  27.489  16.561 24.2639 23.3542 31.2089 14.3396 74.1542 50.5035  32.454 49.2129  48.728 46.1513  49.401 9.23847 24.1791 21.6144 81.1429 24.2475       0 59.1648 40.3136
22.2032 86.5521 48.3825 52.3012 85.0214 48.6629 64.7321  41.721 74.1678 35.4019 52.2958 30.4324 46.1002 95.0581 74.0615 57.5257 10.2911 73.8966 68.0667 70.2797 66.6587 82.6828 43.3253 102.075 82.5873 59.2666       0 37.1747
     15 67.6643  27.136 33.5523 15.5966 29.9422 45.8403  19.642  55.286 16.1374 31.3297 9.89966 26.9361   72.54 51.8981  35.393      27 51.7607 45.4787 47.6868 47.7887 63.8039 22.6356 79.4663 63.7057  40.391 37.1278       0



DIST_COST_NODE
      0 53.2259  21.095 19.7231 24.2074 15.6525  32.249 16.7631 40.1622 8.06226 24.5153 10.6301 16.1245  27.313 44.5533 31.0161      12 47.0106 42.9535 34.4819 35.3836 48.8774 16.0312 33.8378 48.3839 27.8029 22.0907      15
53.2259       0 34.2053 38.4708 53.4135 41.9762 21.1896 42.5206 14.1421 46.6476      30 51.4004 37.1618 41.0488 16.4924 29.4109 49.2443 22.0227 32.5576 43.8634 24.1868 6.32456  38.833 37.5766 8.24621 26.6833 46.0109 61.2209
 21.095 34.2053       0 18.6011 21.8403 18.4391 15.6525 8.60233 20.2485 13.3417 4.24264 17.2047 9.21954 13.6015 23.5372 10.4403 23.2594 26.0192 23.7065 21.0238 24.1868 31.1448 5.09902 17.0294  28.178 15.0333 27.5862 27.0185
19.7231 38.4708 18.6011       0 36.3456 4.24264 18.0278 22.8035 28.2843 18.1108 18.4391 25.1794 9.84886 31.7648 35.4401 27.6586 11.1803 40.3113 41.2311 39.4462 16.6433 32.9848  17.088  35.609 36.0555      12 9.43398 33.5261
24.2074 53.4135 21.8403 36.3456       0 33.9559 37.3363 14.0357 39.4081 19.3132  25.632 13.6015 27.0185 12.8062 38.9487 24.0832 34.4384 37.7359 28.7924 15.1327 45.8912 51.6236  20.025 18.7883 46.0109 36.6742 43.0116 15.5242
15.6525 41.9762 18.4391 4.24264 33.9559       0  21.095 21.0238 31.0161 15.0333 19.2354      22 9.21954 30.8058 37.6563 28.3019 7.28011 42.0595 41.8808 38.6005 20.8087 36.6879 15.8114 35.3553 39.0128 15.2971 9.43398 29.8329
 32.249 21.1896 15.6525 18.0278 37.3363  21.095       0 24.1868 10.4403 26.2488 11.7047 31.8904 16.1245 27.1662 18.3576 17.2627 28.2843 24.2074 28.6531 33.0606 10.7703 16.6433 19.2094 27.2947 18.0278 6.08276 26.6833 41.7732
16.7631 42.5206 8.60233 22.8035 14.0357 21.0238 24.1868       0 28.4253 8.94427 12.8062 9.48683 13.1529 10.8167 30.4631 15.5242 23.3452 31.5753 26.3059 18.4391 32.0156 39.6989       6  17.088 36.0555 22.8035 30.4138  18.868
40.1622 14.1421 20.2485 28.2843 39.4081 31.0161 10.4403 28.4253       0 33.1059 16.1245 37.4433 24.5153 27.2947 8.48528 15.6525 38.0132      15 22.3607 31.0483  19.105 12.6491 25.0599 24.7386 8.24621 16.4924  37.108 47.2017
8.06226 46.6476 13.3417 18.1108 19.3132 15.0333 26.2488 8.94427 33.1059       0  17.088 7.07107 10.8167 19.7231 36.8782      23 15.2643 39.0512 34.9285 27.2029 31.3847 42.8019 8.24621      26 41.2311 22.8035 23.7697 16.1245
24.5153      30 4.24264 18.4391  25.632 19.2354 11.7047 12.8062 16.1245  17.088       0 21.4009 10.4403 16.0312 20.0998 9.21954      25 23.3452 22.8035 22.8035      21 26.9072 8.94427 17.8885 24.1661 12.1655 27.8029  31.241
10.6301 51.4004 17.2047 25.1794 13.6015      22 31.8904 9.48683 37.4433 7.07107 21.4009       0 17.4642 18.2483 39.9249      25 21.1896      41 35.0143 24.6982 38.0132 48.1041 12.7279 25.1794 45.2769 29.1548 30.4138 9.89949
16.1245 37.1618 9.21954 9.84886 27.0185 9.21954 16.1245 13.1529 24.5153 10.8167 10.4403 17.4642       0 21.9545 30.0167 19.2354 14.5602 33.7343 32.7567 29.6816 20.5913 32.7567 7.28011 26.1725 32.7567 12.0416 18.4391 26.9258
 27.313 41.0488 13.6015 31.7648 12.8062 30.8058 27.1662 10.8167 27.2947 19.7231 16.0312 18.2483 21.9545       0 26.1725 11.6619 33.9706 25.0599 17.1172 7.81025 37.0135 39.8121      15       7 33.4215 28.1603 40.2244  25.318
44.5533 16.4924 23.5372 35.4401 38.9487 37.6563 18.3576 30.4631 8.48528 36.8782 20.0998 39.9249 30.0167 26.1725       0 15.2643 44.2832  6.7082 16.1245 27.7849 27.5862 18.1108 28.6356 21.6333 8.24621 24.1661 44.5982 49.1935
31.0161 29.4109 10.4403 27.6586 24.0832 28.3019 17.2627 15.5242 15.6525      23 9.21954      25 19.2354 11.6619 15.2643       0 33.6155 16.1245 13.6015 16.0312 27.8927 28.2312 15.1327 10.0499 21.9317 20.1246 37.0135 34.0147
     12 49.2443 23.2594 11.1803 34.4384 7.28011 28.2843 23.3452 38.0132 15.2643      25 21.1896 14.5602 33.9706 44.2832 33.6155       0 48.2701 46.9574 41.7253 27.7849 43.9659 19.4165 39.4081 46.0977  22.561  10.198      27
47.0106 22.0227 26.0192 40.3113 37.7359 42.0595 24.2074 31.5753      15 39.0512 23.3452      41 33.7343 25.0599  6.7082 16.1245 48.2701       0 11.1803 24.7588 33.9706 24.5153      31 19.2094 14.0357 29.6816 49.6588 49.6488
42.9535 32.5576 23.7065 41.2311 28.7924 41.8808 28.6531 26.3059 22.3607 34.9285 22.8035 35.0143 32.7567 17.1172 16.1245 13.6015 46.9574 11.1803       0 14.4222 39.3573      34 27.8568  10.198 24.3311 32.8024 50.6063 42.4264
34.4819 43.8634 21.0238 39.4462 15.1327 38.6005 33.0606 18.4391 31.0483 27.2029 22.8035 24.6982 29.6816 7.81025 27.7849 16.0312 41.7253 24.7588 14.4222       0 43.4166 43.6807 22.8035 6.32456 35.7771 34.9285 48.0104 30.0666
35.3836 24.1868 24.1868 16.6433 45.8912 20.8087 10.7703 32.0156  19.105 31.3847      21 38.0132 20.5913 37.0135 27.5862 27.8927 27.7849 33.9706 39.3573 43.4166       0 18.0278 26.2488  37.855 24.5967 9.21954 22.3607 47.5079
48.8774 6.32456 31.1448 32.9848 51.6236 36.6879 16.6433 39.6989 12.6491 42.8019 26.9072 48.1041 32.7567 39.8121 18.1108 28.2312 43.9659 24.5153      34 43.6807 18.0278       0 35.3836 37.3631 10.7703 21.5407 40.1123      58
16.0312  38.833 5.09902  17.088  20.025 15.8114 19.2094       6 25.0599 8.24621 8.94427 12.7279 7.28011      15 28.6356 15.1327 19.4165      31 27.8568 22.8035 26.2488 35.3836       0      20 33.1059  17.088 25.2389 22.6274
33.8378 37.5766 17.0294  35.609 18.7883 35.3553 27.2947  17.088 24.7386      26 17.8885 25.1794 26.1725       7 21.6333 10.0499 39.4081 19.2094  10.198 6.32456  37.855 37.3631      20       0 29.5296 29.7321 44.5982  32.249
48.3839 8.24621  28.178 36.0555 46.0109 39.0128 18.0278 36.0555 8.24621 41.2311 24.1661 45.2769 32.7567 33.4215 8.24621 21.9317 46.0977 14.0357 24.3311 35.7771 24.5967 10.7703 33.1059 29.5296       0 24.0832 44.5533 54.9181
27.8029 26.6833 15.0333      12 36.6742 15.2971 6.08276 22.8035 16.4924 22.8035 12.1655 29.1548 12.0416 28.1603 24.1661 20.1246  22.561 29.6816 32.8024 34.9285 9.21954 21.5407  17.088 29.7321 24.0832       0 20.6155  38.833
22.0907 46.0109 27.5862 9.43398 43.0116 9.43398 26.6833 30.4138  37.108 23.7697 27.8029 30.4138 18.4391 40.2244 44.5982 37.0135  10.198 49.6588 50.6063 48.0104 22.3607 40.1123 25.2389 44.5982 44.5533 20.6155       0  37.054
     15 61.2209 27.0185 33.5261 15.5242 29.8329 41.7732  18.868 47.2017 16.1245  31.241 9.89949 26.9258  25.318 49.1935 34.0147      27 49.6488 42.4264 30.0666 47.5079      58 22.6274  32.249 54.9181  38.833  37.054       0

