      0 64.6705 26.6225 30.5287 63.2418 26.8932 42.8779 19.9504 52.4155 13.6302 30.5537 11.4645  24.329  73.267 52.2124  31.137      12 51.0729 52.2022 48.4861   51.06 68.8949 21.5599 38.1144   40.17 21.3506 65.9131 53.7375  18.913 32.4155 59.0193 46.3042 57.7959 42.7178 60.2524 80.1869 60.7205 44.5805  22.047      18
64.4601       0 50.0291 40.0045 91.1675 43.0056 21.8516 54.5235 14.1424 51.2984 50.3566 58.2433 41.3739 101.188  77.204 59.4781 76.2485 76.4097 79.9093 76.4324 115.194 133.046 48.6489 57.7307  67.739 43.7959 93.8593 79.0552 50.3216 32.1178 7.22392 74.2532 85.7195 58.8503 125.046 108.189 8.26731 32.7315 86.2995 70.0747
26.4911 50.2727       0 18.6562 41.3118  18.443 28.4687 8.61246 37.9546  13.418 4.24275 17.2288 9.22089 51.3427 23.9146 10.4913 38.2806 27.0899 30.2378 26.5864  77.341 95.1297  5.1396  11.592  18.033 14.4391 44.0132 29.7045 7.66065 17.9545 44.5589 24.4069 35.8786 68.8661 86.1312 58.3135 46.2203 30.1503 48.3358 29.4207
30.5431 40.0764 18.6642       0 59.8262 4.24285  18.137 22.8245 28.4445 18.1323 18.9954 25.2023  9.8674 69.9006 46.1764 28.1182 42.3258 45.0418   48.55 45.0745   81.38 99.1946 17.1105 26.3258 36.3797 9.24018 62.4996 47.7026 18.4578  8.9743 34.3755 42.8934 54.3757 17.3267 91.1946 76.7854 36.2474 15.6249 52.3803 36.4268
 63.512 91.5634  41.537 60.0068       0 59.9694 69.8666 43.8359 79.3061   52.64 41.5694 52.7356 50.7548 15.6291  43.046 24.6113 75.2943 39.1067 31.7077 15.3666 114.261 132.112 45.5048 38.7884 26.0608 55.7544 8.08183 44.0071 46.7123 59.3061  85.956 23.7077 5.84524 105.933 124.112 22.6132 56.7203 71.5045 85.3545 64.9208
27.0744 43.2169 18.4427 4.24275 59.7571       0 21.3666 21.0445  31.137 15.0526 19.3681      22 9.22091 69.8333 46.2894  28.321 7.31638 45.0918 48.6076 45.0188 77.7585 95.5742 15.8164 26.7228 36.4064 6.10055 62.4455 47.8129 16.5728  11.137 37.5075 42.8385   54.31 69.4039 87.5742 35.3554 39.1694 19.8544 48.9092  32.989
42.7816 21.9112 28.3478   18.17 69.5355 21.2446       0  32.842 10.4913 29.6169 28.6884 36.5618 19.6926 79.5839 55.8513 37.7995 54.5691 23.4442 58.2283 54.7537 93.4443 111.282 26.9674 36.0387  46.058 22.1144 72.1796 57.3775 28.6397 10.4931 16.2158 52.5725  64.056 85.1214 103.282  82.354 18.1151 12.5493 64.6217 48.3937
19.9309 54.8782  8.6063  22.827 43.4769 21.0491 33.0688       0 42.4568  9.0059 12.8081 9.64394 13.1725 53.4917 32.3168 15.7821 31.7167 31.1193 32.4811 28.7148 70.6915 88.4916       6 18.8906 20.3861 15.2832 46.1411 33.8427 4.49156 22.4568 49.2013 26.5332 38.0184      35 80.4916 60.4873 50.8795 34.6526 41.7699 21.8323
52.3752 14.1422  37.941 28.7459    79.1   31.17 10.6246 42.4346       0 39.2094 38.2559  46.152 29.2852  89.173  65.444 47.3906 64.1623 64.3205 67.8212 64.3459 103.238 121.047   36.56 19.6109  55.322 31.7085 81.7726 66.9698 38.2324      20 7.22807 62.1657 73.6354 94.7615 113.047 96.1723 8.37515 21.6047 74.2148 57.9862
13.6238 51.5374 13.5793 18.1311 52.0569 15.0533 29.8365  8.9743 39.2345       0 17.3008 7.09023 10.8226 62.1007  40.241      23 25.4108  39.114 41.0456  37.299 64.3288 82.2015 8.37515 25.0897 28.9714       9 54.7284 41.3863       6 19.2345 45.9467 35.1184 46.5975 56.0289 74.2015 69.0843  47.607 31.4387 35.4632 18.8124
30.4873 50.6084 4.24285 18.9789 41.3727 19.4276 28.0278   12.81 38.2781 17.2124       0 21.4193 10.6246 51.3764 27.3791 9.22091 42.2731 26.2333 29.7771 26.6251 81.2435 99.0868  8.9743       8 17.6931 16.5812 44.0501 28.9054 11.6793 18.2781 44.9171 24.4432 35.9223 72.8384 91.0868 58.3254 46.6075 30.4794 52.3269 33.6128
11.4457 58.4836 17.2332  25.201 52.5325      22 36.7741  9.7915 46.1757 7.08915 21.4252       0 17.4859 62.6056  42.001 25.4662  23.232 40.9583 41.5336 37.7911 62.1008 79.9483 12.7348    28.5 29.4652 16.0504 7.65759  43.525 9.90635 26.1757 52.9089 35.6097 47.0873  53.777 71.9483 69.6053 54.5977 38.3766 33.2856  12.217
24.3252 41.5888 9.22091 9.87256 50.6023 9.22089 19.8265 13.1709 29.3057 10.8288 10.4913 17.4903       0 60.6117  37.182 19.3681  36.111 36.0077 39.4135 35.8008 75.1001 92.9719 7.29926 18.3661 27.2072       6 53.2288 38.7081       9 8.48071 35.9589 33.6199 45.1071 66.7528 84.9719 67.5579 37.6639  21.504 46.1628 29.5537
73.2377 101.351 51.2906 69.7571 15.5749 69.7222 75.4336 53.5409 89.0464 62.3321 51.3206 62.4907 60.5015       0 52.7965 42.6495   85.02 48.8592 41.6081 25.8391 123.944 141.792 55.2941  48.542 35.8111 65.5399      11 53.7577 56.5082 31.8102 95.7651 33.6081 15.8057 115.612 133.792       7 97.4131  81.256 95.0691 74.6823
 52.075 77.7825 28.3182 46.1584 42.8515 46.2995 55.9728 31.8189 65.4487  40.377 27.3831 41.7362 37.1725 52.8773       0 18.3049 63.8594 6.34353 22.1129  28.125 102.721 120.553  32.793 24.1746 17.0203 42.7389  45.552       2  34.377 45.4482 72.1014 22.8271 37.4076 94.4235 112.553 59.8547 73.7975 57.6525 73.9122 53.9255
35.3634 59.8122 10.6246 28.1033 32.7119 28.3271 17.2821 15.5967 47.4177      23 9.22089 25.2429 19.4276 42.6944 18.3155       0 47.1461 17.2049 20.7159 17.9571 86.0357 103.897  15.356 6.14104 8.66886 24.9911 35.3838 19.8413      17 26.0795  54.151 15.6808 27.2446 77.7366 95.8974 49.6804 55.7229 39.5998 57.1994 37.4309
     12 76.3586 38.4103 42.2985 75.0138 38.6624 28.7077 31.7276 64.1492 25.4001  42.378   23.24 36.0984 85.0528 64.0587  47.441       0 62.9812  63.991 60.2742 39.2149 57.0125 33.3245 49.9116 51.9476 33.1199  77.706 65.5843 29.7104 44.1492 70.7438 58.0916 69.5669 30.7989 49.0125 92.0359 72.4673   56.35 10.0698      30
50.8388 76.5055  26.996 44.9018  38.923 45.0411 54.7204 30.8461 64.1888 39.0517 26.1235 40.4914 35.9277 49.0066 6.34713 17.0431 62.6247       0      16 24.1654  101.53 119.364 31.4658 22.9171 13.4559 41.4716 41.5912       6 33.0517 44.1887 70.7902 17.9115 33.4797 93.2178 111.364 56.0218 72.4982 56.3947 72.6782 52.6799
52.2587   80.18 30.2476  48.523 31.4445 48.6076 58.4473 32.5528 67.8284 41.3963 29.7716 41.5364 39.4165 41.6702 22.1143 20.6934 64.0513      16       0 16.2446 102.937 120.737 34.3011 26.5665 12.2123 44.5991 34.3524      22 35.5021 47.8284 74.4925       8 26.1366 94.5905 112.737 48.6312 76.2302 60.0164 74.1026 53.7276
48.5477 76.6734 26.5983 45.0639 15.2446 45.0312 54.9354  28.829 64.3609 37.5272 26.6261 37.7914 34.8324 26.0798 28.1002 17.9549 60.3353 24.1719 16.3666       0 99.3355 117.179 30.5375 23.8486 11.1148  40.821 18.7554 29.0627 31.7556 44.3609 71.0771 8.37515   10.17 90.8979 109.179 31.5587 72.7703 56.5588 70.3857 49.9764
50.9236 115.144 77.0549 81.0373 113.748 77.3982 93.4971 70.4778 102.893 64.1367 81.1617  61.961 74.8353 123.787 100.657 86.2228 38.9658 101.661 102.764 99.0182       0  18.137 72.0504  88.729 90.7028 71.8574 116.443 104.309 69.3802 82.8926 109.493 96.8369 108.302 8.28784  10.137 81.6174 111.179 95.0888 29.4772 68.9137
68.8172 133.202 95.0253 98.9318 131.649  95.293 111.384 88.3489 120.778 82.0328 98.9308 79.8572 92.7311 75.3758 120.613  104.17 56.8614  119.55 120.668 116.904   18.17       0 89.9918 106.509 108.569 89.7533 134.333 122.138 87.3088 100.778 127.517 114.721 57.5992 26.1366       8 148.722 129.173 112.984  47.373 86.8094
 21.503 48.9581  5.1691 17.1152 45.2106 15.8271 27.1784       6 36.5947 8.28784 9.00339 12.7323 7.30188 55.2654 32.0834 15.2446 33.2874  31.518 34.1323 30.4399 72.1779 90.0175       0 16.7632 22.0185 10.6318 47.8664 34.1107 2.82916 16.5947 43.2972 28.2592 39.7339 63.8302 82.0175 62.2653 44.9575 28.7808 43.3383 24.9329
37.9272 58.0767 11.4722 26.4581 38.6184 26.8804 36.3022 18.8941 45.7846 24.8391       8 28.3783 18.5812 47.6063 24.2108 6.18081 49.7117 23.0769 26.6092 23.8764 88.6012 106.452 16.5732       0 14.5638 24.4865 41.3062 25.7368 19.0807 25.7846 52.3979 21.5802 33.1593 29.6995 98.4523 55.6082 54.1081 37.9639 59.7634 40.5676
40.2991 68.1305 18.0364  36.358 25.8669 36.4066  46.324 20.5812 55.6546 29.2772 17.6952 29.1342 27.2088 35.9936 17.0159 8.65247  52.086 13.4562 12.2102 11.1349 90.9316 108.799 22.1217 14.5272       0 32.4357  28.564 18.0337 23.4904 35.6545 62.4487 7.29926 20.4233 82.6665 45.3862 42.9922 64.0241 47.8546 62.1405 41.6696
21.3621 43.9517 14.3769 9.23847 55.5244 6.10271 22.2488  15.274 31.7048       9 16.3831  16.051       6 65.6498 41.9605 24.8127 33.1494 41.3656 44.4755 40.7654 72.0874 89.9122 10.6317 24.3646 32.4041       0 58.1932 44.1083 10.8231 11.7048   38.34 38.5842 50.0575 63.6982 81.9122 72.6498 40.0207 23.6041  43.202 27.2291
65.9421 94.1071 44.0374 62.5035 8.08028 62.4702 72.3135 46.2247 81.8165 55.0604 44.0682 7.72794 19.9356      11 45.5443 35.3981 77.7298 41.6059 34.3622 18.5972 116.742 134.513 48.0257 41.2883 28.5575 58.1815       0 46.5057 49.1382 61.8165 88.4863 26.3622  8.5553 108.314  46.545      18 90.1364 73.9976 87.7846 67.4242
53.6095 79.2849 29.7806 47.6843 43.8254 47.8267  57.604 33.6894 66.9734 41.8334 28.9076 43.2611 38.7344  51.608       2 19.8258 65.3976       6      22 29.0854 104.273  122.09 34.3116 25.6996 18.0429  44.304 46.5067       0 35.8334 46.9734 73.7035 23.4367 38.3832  95.928 40.7131 60.8557 75.2866 59.1788 75.4501 55.4495
18.8526 50.5528 7.72791 18.4601 46.2755 16.5784 28.7406 4.48591 38.2596       6 11.6886 9.90402       9  56.309  34.241      17 30.6302  33.114 35.2462 31.5248 69.4881  87.368 2.82889 19.3011 23.1761 10.8332 48.9517 35.7669       0 18.2597 44.8871 29.3429 40.8379 61.2165  79.368 63.2261 46.5919 30.4433 40.6844 22.1043
32.3755 32.3671 17.9412  9.0059 59.1177   11.17 10.6149 22.4348      20 19.2096 18.2565 26.1522 9.28543 69.1023 45.4441 26.8492 44.1616 44.3206 47.8214 44.3461 83.1811 101.025 16.5602 25.6071 35.6512  11.709 61.7729 46.9699 18.2326       0 26.6945 42.1659 53.6356 74.7277 90.1394  76.046 28.3666 14.5811 54.2143 37.9864
 58.813 7.21724 44.3815 34.3659 85.5613  37.369 16.2218 48.8748 7.21507 45.6497 44.7332 52.5942 35.7254 95.6622 69.7589 53.8373 70.5996 70.7547 74.2644 70.7889 109.483 127.299 43.0002 52.0812  62.094 38.1471 88.2142 73.4132 44.6725 26.4449       0 68.6077 80.1022 101.128 119.299  102.65 2.82844 27.0896 80.6515 64.4263
46.3848 74.5588 24.4325 42.9017 23.4646 42.8656 52.7779 26.6517 62.1887 35.4723 24.4586 35.6236 33.6501 33.7072 22.8244 15.6766 58.1701  17.907       8 8.28784 97.1676 115.002 28.3584  21.552 7.30188 38.6578 26.3524 23.4335 29.5522 42.1889 68.9105       0 18.1366 88.7521 107.002 40.7062 70.6355 54.3987 68.2217 38.3646
57.9568 86.1173 35.9773 54.4446 5.83737 54.4152 64.3664 38.2026 73.7493 47.0902 36.0068 47.1716 45.1917 16.0147 37.4821 27.3403 69.7486 33.5479 26.1694  10.137 108.683 126.523 39.9002 33.2284 20.4986 50.2173 8.59897 38.4465 41.1286 53.7493 80.4781 18.1694       0 100.328 118.523 22.8934 82.0292 65.9416 79.8015 59.3552
42.7184 107.173 68.8785 27.5951 105.618 69.1915 85.3498  62.244 94.6859 55.9285 72.9312 53.7501 66.6268 115.581 94.5099 78.0413 30.7606  93.374 94.5353 90.8054 8.37515 26.1694 63.8792 80.4727 82.4719 61.2471 108.234 96.0358  61.191 74.6778 101.496 88.6237 100.123       0 18.1694 122.581 103.106  86.882 21.2723 60.7083
60.8171 125.096 87.0555 90.9317 123.644 87.2929 103.324 80.3488 112.784 74.0327 91.0176 71.8571  84.731 133.707 112.617 96.0974 48.8613 111.517 112.642 108.904   10.17       8 81.9502 98.5541 98.8855 81.7532 126.333 114.143 79.2927  92.784 119.439 106.721  118.19 18.1366       0 140.705 121.176 104.985 39.3729 78.8093
80.1609 108.416 58.2385 76.7038 22.5234 76.6732 86.6088 60.4343 95.9942 69.2521 58.2717 69.4366 67.4507       7  59.746 49.5993 91.9438 55.8079 48.5619 32.8112 130.946 148.756 59.9566 55.4897 42.7588 72.3904      18 60.7061 63.4854 75.9942 102.725 40.5619 22.7627 122.539 140.756       0 104.415 88.1992 101.997 81.6222
60.5988 8.26538  44.988 36.3232  87.304 39.1366 18.1552 50.6584 8.28784  47.433 46.5101 54.3755  37.509  97.424 73.6687 55.6156 72.3858  72.652 76.0439 72.5696  111.35  129.18 43.8566 53.8085 63.8736 39.9327 89.9953 75.1945 46.4561 28.2446 2.83043 70.3884 81.8628 102.967  121.18 104.438       0 29.0354 82.4384 66.2096
44.5866 32.7523 30.1574 15.6231 71.3232 19.8538 12.5441 34.6528 21.6031 31.4234 30.5075 38.3614 21.5033 81.3291 57.6622 39.6104 56.3689  56.498 60.0383 56.5615 95.3136 113.163 28.7781 28.6099 47.8705 23.6085 73.9937 59.1879 30.4508 14.5835 27.1276 54.3824 65.8596 86.9373 105.163 88.3268 29.0043       0 66.4228 50.1986
22.0463 86.5176  29.739 52.3525 85.0452 48.7162 64.7922 41.7706 74.2104 35.4537 52.3091 33.2792 46.1521 95.0792 74.1213 57.5787 10.0685 72.9963 74.0564 70.3266 29.6889 46.8869   43.35 59.9414 61.9935 43.1738 87.7544  75.647 40.7632 54.2102 80.9586 68.1458 79.6179 21.3913 39.5269 102.069 82.6438 64.9786       0 40.0463
     18 70.3346  29.427 36.4224 64.7687 32.7947 48.6169 21.9328 58.0144 18.8087 33.6218 12.2108 29.5468 74.8611 54.2576 37.7438      30 53.0709 53.7163  49.981 69.0478 86.8822 24.9379 40.6456 41.6479 27.2257 67.4068 55.7849 22.1093 38.0143 64.6609 47.7989 59.2596 60.7055 59.6454 81.7893 66.3791 50.2163  40.047       0


DIST COST NODE
      0 53.2259  21.095 19.7231 24.2074 15.6525  32.249 16.7631 40.1622 8.06226 24.5153 10.6301 16.1245  27.313 44.5533 31.0161      12 46.0109 48.3839 34.4819      40 52.2015 16.0312 32.3883 36.8782 11.3137 17.8045 46.5296 14.0357 22.2036 47.1699 40.8534 25.6125      34 46.0109 33.8378 48.3839 34.8281 22.0227      18
53.2259       0 34.2053 38.4708 53.4135 41.9762 21.1896 42.5206 14.1421 46.6476      30 51.4004 37.1618 41.0488 16.4924 29.4109 49.2443 22.0907 38.0526 43.8634  25.632      10  38.833 24.0832 33.2415   42.72 48.0833 16.1245 41.6173 31.6228  7.2111 39.2938 48.0104 32.7567 16.1245 37.5766 8.24621 26.3059 49.0102 63.1269
 21.095 34.2053       0 18.6011 21.8403 18.4391 15.6525 8.60233 20.2485 13.3417 4.24264 17.2047 9.21954 13.6015 23.5372 10.4403 23.2594   25.02 30.2324 21.0238 30.1496  35.805 5.09902 11.4018 18.0278 14.3178 14.7648 25.4951 7.61577 11.4018 27.4591 24.0416 18.0278 28.4429 31.7805 17.0294  28.178   25.02 29.7321      29
19.7231 38.4708 18.6011       0 36.3456 4.24264 18.0278 22.8035 28.2843 18.1108 18.4391 25.1794 9.84886 31.7648 35.4401 27.6586 11.1803 39.3954 48.1664 39.4462 20.5183 34.9285  17.088 25.0599 36.0694 9.21954 28.2843 37.3631 18.4391 8.94427      34 42.5206 34.4819 14.3178 27.7849  35.609 36.0555 15.6205  12.083 36.4005
24.2074 53.4135 21.8403 36.3456       0 33.9559 37.3363 14.0357 39.4081 19.3132  25.632 13.6015 27.0185 12.8062 38.9487 24.0832 34.4384 36.8917  31.257 15.1327  51.788 56.8243  20.025 29.4109 23.7065 27.8927 8.06226 40.4599 18.0278 32.1403 46.2277 23.3452 5.83095 49.0102 53.4883 18.7883 46.0109 46.5296 44.0114 15.0333
15.6525 41.9762 18.4391 4.24264 33.9559       0  21.095 21.0238 31.0161 15.0333 19.2354      22 9.21954 30.8058 37.6563 28.3019 7.28011 41.1096 48.6004 38.6005 24.7588 38.9102 15.8114 26.5707 36.4005 6.08276 25.9615 39.6232 16.5529 11.0454 37.1214   42.45 32.6956 18.3576 31.9061 35.3553 39.0128 19.8494 11.3137 32.7567
 32.249 21.1896 15.6525 18.0278 37.3363  21.095       0 24.1868 10.4403 26.2488 11.7047 31.8904 16.1245 27.1662 18.3576 17.2627 28.2843 23.4307 35.8469 33.0606 16.4924 20.5183 19.2094 11.7047 25.2982 21.5407 30.4138 20.1246 22.0227 10.4403 16.0312  32.573 32.9848 18.4391 16.1555 27.2947 18.0278   12.53 29.6142 44.0454
16.7631 42.5206 8.60233 22.8035 14.0357 21.0238 24.1868       0 28.4253 8.94427 12.8062 9.48683 13.1529 10.8167 30.4631 15.5242 23.3452 30.5941 31.6228 18.4391  37.855 44.4072       6  18.868 20.2237 15.2643 6.32456  32.311 4.47214 18.1108  35.609 24.1661 11.7047      35 40.2492  17.088 36.0555 32.5576 31.9061 20.6155
40.1622 14.1421 20.2485 28.2843 39.4081 31.0161 10.4403 28.4253       0 33.1059 16.1245 37.4433 24.5153 27.2947 8.48528 15.6525 38.0132 14.4222 29.1204 31.0483 23.6008 18.4391 25.0599      10  21.095 30.4138 33.9411      10 27.7849      20  7.2111      28 34.1321 27.8029 18.4391 24.7386 8.24621 21.2603  40.025 49.0408
8.06226 46.6476 13.3417 18.1108 19.3132 15.0333 26.2488 8.94427 33.1059       0  17.088 7.07107 10.8167 19.7231 36.8782      23 15.2643 38.0526 40.4969 27.2029 36.6742 46.6905 8.24621 24.7386 28.8617       9 11.6619  38.833       6 17.2047 40.2492 33.1059 19.2094 32.0156 41.2311      26 41.2311  31.305 24.6982 18.7883
24.5153      30 4.24264 18.4391  25.632 19.2354 11.7047 12.8062 16.1245  17.088       0 21.4009 10.4403 16.0312 20.0998 9.21954      25 22.3607 29.7321 22.8035      27 31.6228 8.94427       8 17.6918 16.2788  18.868 22.0907 11.6619      10 23.3238 24.4131 21.3776 26.2488 27.8568 17.8885 24.1661 22.0907 30.2324 33.2415
10.6301 51.4004 17.2047 25.1794 13.6015      22 31.8904 9.48683 37.4433 7.07107 21.4009       0 17.4642 18.2483 39.9249      25 21.1896  40.025 39.6232 24.6982 43.4626 52.4023 12.7279  28.178      29 16.0312 7.61577 41.7852 9.89949 23.7065 44.6542 31.7805 15.2643 39.0512 47.4342 25.1794 45.2769 38.0789 31.0483 12.2066
16.1245 37.1618 9.21954 9.84886 27.0185 9.21954 16.1245 13.1529 24.5153 10.8167 10.4403 17.4642       0 21.9545 30.0167 19.2354 14.5602 32.7567 39.4081 29.6816      26 36.2353 7.28011 18.2483 27.2029       6      19 32.0156       9 6.40312 31.3209 33.2415 24.7386 22.0907 30.4795 26.1725 32.7567 20.6155 20.5183 29.5296
 27.313 41.0488 13.6015 31.7648 12.8062 30.8058 27.1662 10.8167 27.2947 19.7231 16.0312 18.2483 21.9545       0 26.1725 11.6619 33.9706 24.1868 21.3776 7.81025 43.0116   45.31      15 17.4642 11.4018 25.4951      11 27.6586 14.8661      25 33.8378 13.6015 7.07107 41.9762 42.9535       7 33.4215 38.1182 42.0119 25.9615
44.5533 16.4924 23.5372 35.4401 38.9487 37.6563 18.3576 30.4631 8.48528 36.8782 20.0998 39.9249 30.0167 26.1725       0 15.2643 44.2832 6.32456 22.0907 27.7849 32.0156 24.0832 28.6356 12.1655      17 36.0139 34.9857       2 31.0483 26.6833      10 22.8035 33.2415 36.2353      26 21.6333 8.24621 29.7321 47.4342 50.6063
31.0161 29.4109 10.4403 27.6586 24.0832 28.3019 17.2627 15.5242 15.6525      23 9.21954      25 19.2354 11.6619 15.2643       0 33.6155 15.1327 20.5183 16.0312 33.7343 33.8378 15.1327 6.08276 8.60233 24.6982 19.7231      17      17  19.105 22.2036 15.6525 18.6011 34.4384 32.1403 10.0499 21.9317 29.4109 39.4081 35.3553
     12 49.2443 23.2594 11.1803 34.4384 7.28011 28.2843 23.3452 38.0132 15.2643      25 21.1896 14.5602 33.9706 44.2832 33.6155       0 47.2969 53.3385 41.7253  31.241 46.0977 19.4165 32.7567 41.1825 8.94427 26.9258 46.2709  19.105 18.0278 44.2832 46.6154 34.4093 24.0832 38.9487 39.4081 46.0977 26.6271 10.0499      30
46.0109 22.0907   25.02 39.3954 36.8917 41.1096 23.4307 30.5941 14.4222 38.0526 22.3607  40.025 32.7567 24.1868 6.32456 15.1327 47.2969       0      16 24.0832 38.0132 30.2655      30 14.5602 13.4536 38.6394  34.176       6 32.0624 30.4631 16.1245 17.8885 31.0644 41.7253  32.311 18.4391      14 35.3836 51.4782 49.7695
48.3839 38.0526 30.2324 48.1664  31.257 48.6004 35.8469 31.6228 29.1204 40.4969 29.7321 39.6232 39.4081 21.3776 22.0907 20.5183 53.3385      16       0 16.1245 51.8941 46.1736      34 24.4131 12.2066 44.4185  32.249      22 34.9285  39.598 32.0624       8 26.0192 54.0833 47.5395 14.5602      30 48.3735 59.8164 46.0977
34.4819 43.8634 21.0238 39.4462 15.1327 38.6005 33.0606 18.4391 31.0483 27.2029 22.8035 24.6982 29.6816 7.81025 27.7849 16.0312 41.7253 24.0832 16.1245       0  49.366 49.4773 22.8035 22.0907 10.8167 33.3017  17.088 28.8444 22.6274  32.311 36.7696 8.24621 10.0499 49.0408 48.1664 6.32456 35.7771 44.7214 49.8197 30.0167
     40  25.632 30.1496 20.5183  51.788 24.7588 16.4924  37.855 23.6008 36.6742      27 43.4626      26 43.0116 32.0156 33.7343  31.241 38.0132 51.8941  49.366       0 18.0278 32.0156 28.1603 41.7612 28.8444 44.1475 33.3017 34.4819 19.9249      25 49.0408 48.1664 8.24621 10.0499 43.7379 27.8029 5.38516 26.9258 55.4617
52.2015      10  35.805 34.9285 56.8243 38.9102 20.5183 44.4072 18.4391 46.6905 31.6228 52.4023 36.2353   45.31 24.0832 33.8378 46.0977 30.2655 46.1736 49.4773 18.0278       0 39.6989 27.8568 39.4588 41.0488 50.4777 24.3311 42.5206      30 14.1421 46.1736 51.8941 26.0192       8 43.1741 16.4924 20.3961 43.9318 64.5368
16.0312  38.833 5.09902  17.088  20.025 15.8114 19.2094       6 25.0599 8.24621 8.94427 12.7279 7.28011      15 28.6356 15.1327 19.4165      30      34 22.8035 32.0156 39.6989       0 16.4924 21.9317 10.6301 12.1655 30.5941 2.82843 12.1655  32.249 27.2029 17.4642      29 34.9857      20 33.1059 26.6833 27.0185 24.8395
32.3883 24.0832 11.4018 25.0599 29.4109 26.5707 11.7047  18.868      10 24.7386       8  28.178 18.2483 17.4642 12.1655 6.08276 32.7567 14.5602 24.4131 22.0907 28.1603 27.8568 16.4924       0 13.6015 24.1868 24.0832 14.1421 18.9737 16.1245 16.9706 20.8806 24.1868 29.6816 26.0768      16 17.2047 24.1661 37.1214 39.4081
36.8782 33.2415 18.0278 36.0694 23.7065 36.4005 25.2982 20.2237  21.095 28.8617 17.6918      29 27.2029 11.4018      17 8.60233 41.1825 13.4536 12.2066 10.8167 41.7612 39.4588 21.9317 13.6015       0  32.249 22.2036 18.0278 23.0868 27.6586 26.2488 7.28011 17.8885 42.9418 39.0512       5 25.0799 37.6962  47.634 37.3631
11.3137   42.72 14.3178 9.21954 27.8927 6.08276 21.5407 15.2643 30.4138       9 16.2788 16.0312       6 25.4951 36.0139 24.6982 8.94427 38.6394 44.4185 33.3017 28.8444 41.0488 10.6301 24.1868  32.249       0 19.9249 38.0132 10.8167 11.1803  37.108 37.8021 26.8328 23.4094 34.7131 30.6105 38.6394 23.6008 16.6433 27.2029
17.8045 48.0833 14.7648 28.2843 8.06226 25.9615 30.4138 6.32456 33.9411 11.6619  18.868 7.61577      19      11 34.9857 19.7231 26.9258  34.176  32.249  17.088 44.1475 50.4777 12.1655 24.0832 22.2036 19.9249       0 36.7151      10 24.3311 41.0366 24.3311 7.81025 41.0488 46.5188      18 41.2311  38.833 36.2491 15.6525
46.5296 16.1245 25.4951 37.3631 40.4599 39.6232 20.1246  32.311      10  38.833 22.0907 41.7852 32.0156 27.6586       2      17 46.2709       6      22 28.8444 33.3017 24.3311 30.5941 14.1421 18.0278 38.0132 36.7151       0 32.9848 28.6356  10.198 23.4094 34.7131 37.8021 26.8328 22.8035       8  31.241 49.3356 52.3546
14.0357 41.6173 7.61577 18.4391 18.0278 16.5529 22.0227 4.47214 27.7849       6 11.6619 9.89949       9 14.8661 31.0483      17  19.105 32.0624 34.9285 22.6274 34.4819 42.5206 2.82843 18.9737 23.0868 10.8167      10 32.9848       0 14.5602 34.9857 27.7849 16.1555 31.0644 37.7359 20.5913 35.7771 29.1204 27.4591 22.0227
22.2036 31.6228 11.4018 8.94427 32.1403 11.0454 10.4403 18.1108      20 17.2047      10 23.7065 6.40312      25 26.6833  19.105 18.0278 30.4631  39.598  32.311 19.9249      30 12.1655 16.1245 27.6586 11.1803 24.3311 28.6356 14.5602       0 26.3059 34.4093 29.0689 17.1172 24.0832 27.7849 28.0713 14.5602 21.0238 35.8469
47.1699  7.2111 27.4591      34 46.2277 37.1214 16.0312  35.609  7.2111 40.2492 23.3238 44.6542 31.3209 33.8378      10 22.2036 44.2832 16.1245 32.0624 36.7696      25 14.1421  32.249 16.9706 26.2488  37.108 41.0366  10.198 34.9857 26.3059       0 32.5576 40.8044 30.8707 17.2047 30.4631 2.82843 24.1661 45.2769 56.2228
40.8534 39.2938 24.0416 42.5206 23.3452   42.45  32.573 24.1661      28 33.1059 24.4131 31.7805 33.2415 13.6015 22.8035 15.6525 46.6154 17.8885       8 8.24621 49.0408 46.1736 27.2029 20.8806 7.28011 37.8021 24.3311 23.4094 27.7849 34.4093 32.5576       0 18.0278 50.0899 46.1736  7.2111 31.0483 44.9444 53.7587 38.1182
25.6125 48.0104 18.0278 34.4819 5.83095 32.6956 32.9848 11.7047 34.1321 19.2094 21.3776 15.2643 24.7386 7.07107 33.2415 18.6011 34.4093 31.0644 26.0192 10.0499 48.1664 51.8941 17.4642 24.1868 17.8885 26.8328 7.81025 34.7131 16.1555 29.0689 40.8044 18.0278       0 46.1736 49.0408      13 40.4599 43.0465 43.4166 20.0998
     34 32.7567 28.4429 14.3178 49.0102 18.3576 18.4391      35 27.8029 32.0156 26.2488 39.0512 22.0907 41.9762 36.2353 34.4384 24.0832 41.7253 54.0833 49.0408 8.24621 26.0192      29 29.6816 42.9418 23.4094 41.0488 37.8021 31.0644 17.1172 30.8707 50.0899 46.1736       0 18.0278 44.0114  33.541  6.7082 18.7883 50.5964
46.0109 16.1245 31.7805 27.7849 53.4883 31.9061 16.1555 40.2492 18.4391 41.2311 27.8568 47.4342 30.4795 42.9535      26 32.1403 38.9487  32.311 47.5395 48.1664 10.0499       8 34.9857 26.0768 39.0512 34.7131 46.5188 26.8328 37.7359 24.0832 17.2047 46.1736 49.0408 18.0278       0 42.0476      20 12.6491 36.1386 59.6406
33.8378 37.5766 17.0294  35.609 18.7883 35.3553 27.2947  17.088 24.7386      26 17.8885 25.1794 26.1725       7 21.6333 10.0499 39.4081 18.4391 14.5602 6.32456 43.7379 43.1741      20      16       5 30.6105      18 22.8035 20.5913 27.7849 30.4631  7.2111      13 44.0114 42.0476       0 29.5296 39.2938  46.669 32.7567
48.3839 8.24621  28.178 36.0555 46.0109 39.0128 18.0278 36.0555 8.24621 41.2311 24.1661 45.2769 32.7567 33.4215 8.24621 21.9317 46.0977      14      30 35.7771 27.8029 16.4924 33.1059 17.2047 25.0799 38.6394 41.2311       8 35.7771 28.0713 2.82843 31.0483 40.4599  33.541      20 29.5296       0 26.8328 47.5184 56.6127
34.8281 26.3059   25.02 15.6205 46.5296 19.8494   12.53 32.5576 21.2603  31.305 22.0907 38.0789 20.6155 38.1182 29.7321 29.4109 26.6271 35.3836 48.3735 44.7214 5.38516 20.3961 26.6833 24.1661 37.6962 23.6008  38.833  31.241 29.1204 14.5602 24.1661 44.9444 43.0465  6.7082 12.6491 39.2938 26.8328       0 23.5372 50.0899
22.0227 49.0102 29.7321  12.083 44.0114 11.3137 29.6142 31.9061  40.025 24.6982 30.2324 31.0483 20.5183 42.0119 47.4342 39.4081 10.0499 51.4782 59.8164 49.8197 26.9258 43.9318 27.0185 37.1214  47.634 16.6433 36.2491 49.3356 27.4591 21.0238 45.2769 53.7587 43.4166 18.7883 36.1386  46.669 47.5184 23.5372       0 40.0125
     18 63.1269      29 36.4005 15.0333 32.7567 44.0454 20.6155 49.0408 18.7883 33.2415 12.2066 29.5296 25.9615 50.6063 35.3553      30 49.7695 46.0977 30.0167 55.4617 64.5368 24.8395 39.4081 37.3631 27.2029 15.6525 52.3546 22.0227 35.8469 56.2228 38.1182 20.0998 50.5964 59.6406 32.7567 56.6127 50.0899 40.0125       0

