      0 64.6705 26.6225 30.5287 63.2418 51.9504 26.8932 42.8779 19.9504 46.1518 13.6302 30.5537 80.1869 60.7205 37.4782  25.047      18 49.5013
64.4601       0 50.0291 40.0045 91.1675 77.7387 43.0056 21.8516 54.5235 14.1424 51.2984 50.3566 108.189 8.26731  27.787 89.2881 70.0747 77.0971
26.4911 50.2727       0 18.6562 41.3118 28.4196  18.443 28.4687 8.61246 37.9546  13.418 4.24275 58.3135 46.2203 23.0452 51.3191 29.4207  27.467
30.5431 40.0764 18.6642       0 59.8262 46.4175 4.24285  18.137 22.8245 28.4445 18.1323 18.9954 76.7854 36.2474      12 55.3689 36.4268 45.7377
 63.512 91.5634  41.537 36.3692       0 36.6295 59.9694 69.8666 43.8359 79.3061   52.64 41.5694 22.6132 87.6398 64.4049 88.3375 64.9208    30.1
51.9309 78.2358 28.6121 46.4912  36.412       0 46.6354 56.3652      32 65.7999 40.7172 27.7162 53.4542 74.1287 50.8635 76.7583 53.7666 8.96586
27.0744 43.2169 18.4427 4.24275 59.7571 46.5194       0 21.3666 21.0445  31.137 15.0526 19.3681 76.8212 39.1694 15.5792 51.8971  32.989 45.8105
42.7816 21.9112 28.3478   18.17 69.5355 56.0761 21.2446       0  32.842 10.4913 29.6169 28.6884 86.5897 18.1151 6.16999 67.6104 48.3937 33.1375
19.9309 54.8782  8.6063  22.827 43.4769      32 21.0491 33.0688       0 42.4568  9.0059 12.8081 60.4873 50.8795 27.5391 44.7583 21.8323 29.7356
52.3752 14.1422 20.2554 28.7106    79.1 65.6552   31.17 10.6055 42.4346       0 39.2094 38.2559 96.1723 8.37515 16.7465 77.2032 57.9862 65.0084
13.6238 51.5374 13.5793 18.1311 52.0569 40.4444 15.0533 29.8365  8.9743 39.2345       0 17.3008 69.0843  47.607 24.3316 38.4521 18.8124 38.3197
30.4873 50.6084 4.24285 18.9789 41.3727  27.598 19.4106  28.784   12.81 16.2112 17.2124       0 58.3254 46.6075 23.4047 55.3138 33.6128 26.9574
80.1609 108.416 58.2385 76.7038 22.5234  53.328 76.6732 86.6088 60.4343 95.9942 69.2521 55.3173       0 104.415 81.0898 104.989 81.6222 46.7901
60.5988 8.26538 46.1643 36.3232  87.304 73.8924 39.1366 18.1552 50.6584 8.28784  47.433 46.5101 104.438       0 24.3232 85.4256 66.2096  73.231
37.4276 28.0218 22.9958      12 64.1269 50.7038  15.399 6.13761  27.489  16.561 24.2639 23.3542 81.1429 24.2475       0 62.2539 43.0406 50.0675
25.0463 89.5147 31.8311 55.3401 88.0607 76.7562  51.704 67.7706 44.7562 77.2056 38.4397 55.4356 105.087 85.6036 62.2721       0 43.0463 74.3411
     18 70.3346  29.427 36.4224 64.7687 53.7857 32.7947 48.6169 21.9328 58.0144 18.8087 33.6218 81.7893 66.3791 43.1148  43.047       0 51.0272
  49.69 77.3604  27.475 45.7075 29.7509 8.95982 45.8102 55.5178 29.8578 65.0028  38.806 26.9528 46.7709 73.3393 50.1104 74.5156 51.0622       0

dist cost node
      0 53.2259  21.095 19.7231 24.2074 48.2597 15.6525  32.249 16.7631 40.1622 8.06226 24.5153 33.8378 48.3839 27.8029   25.02      18 45.8803
53.2259       0 34.2053 38.4708 53.4135      28 41.9762 21.1896 42.5206 14.1421 46.6476      30 37.5766 8.24621 26.6833 49.0408 63.1269 36.2215
 21.095 34.2053       0 18.6011 21.8403 27.8927 18.4391 15.6525 8.60233 20.2485 13.3417 4.24264 17.0294  28.178 15.0333 31.8277      29 27.4591
19.7231 38.4708 18.6011       0 36.3456  43.909 4.24264 18.0278 22.8035 28.2843 18.1108 18.4391  35.609 36.0555      12 13.6015 36.4005 45.3431
24.2074 53.4135 21.8403 36.3456       0 35.8469 33.9559 37.3363 14.0357 39.4081 19.3132  25.632 18.7883 46.0109 36.6742 46.8188 15.0333 29.6142
48.2597      28 27.8927  43.909 35.8469       0 45.1885      29      32 20.5913 40.1995      26  17.088 20.0998 34.0588 57.4543 49.7293 8.94427
15.6525 41.9762 18.4391 4.24264 33.9559 45.1885       0  21.095 21.0238 31.0161 15.0333 19.2354 35.3553 39.0128 15.2971 13.6015 32.7567 45.8039
 32.249 21.1896 15.6525 18.0278 37.3363      29  21.095       0 24.1868 10.4403 26.2488 11.7047 27.2947 18.0278 6.08276 30.3645 44.0454  33.121
16.7631 42.5206 8.60233 22.8035 14.0357      32 21.0238 24.1868       0 28.4253 8.94427 12.8062  17.088 36.0555 22.8035 34.4819 20.6155 29.1204
40.1622 14.1421 20.2485 28.2843 39.4081 20.5913 31.0161 10.4403 28.4253       0 33.1059 16.1245 24.7386 8.24621 16.4924 40.8044 49.0408 26.6833
8.06226 46.6476 13.3417 18.1108 19.3132 40.1995 15.0333 26.2488 8.94427 33.1059       0  17.088      26 41.2311 22.8035 27.5136 18.7883 37.9473
24.5153      30 4.24264 18.4391  25.632      26 19.2354 11.7047 12.8062 16.1245  17.088       0 17.8885 24.1661 12.1655 32.0156 33.2415 26.9072
33.8378 37.5766 17.0294  35.609 18.7883  17.088 35.3553 27.2947  17.088 24.7386      26 17.8885       0 29.5296 29.7321 48.8365 32.7567 12.1655
48.3839 8.24621  28.178 36.0555 46.0109 20.0998 39.0128 18.0278 36.0555 8.24621 41.2311 24.1661 29.5296       0 24.0832 48.0521 56.6127 28.0713
27.8029 26.6833 15.0333      12 36.6742 34.0588 15.2971 6.08276 22.8035 16.4924 22.8035 12.1655 29.7321 24.0832       0 24.3516 41.3401 37.2022
  25.02 49.0408 31.8277 13.6015 46.8188 57.4543 13.6015 30.3645 34.4819 40.8044 27.5136 32.0156 48.8365 48.0521 24.3516       0 43.0116 58.8982
     18 63.1269      29 36.4005 15.0333 49.7293 32.7567 44.0454 20.6155 49.0408 18.7883 33.2415 32.7567 56.6127 41.3401 43.0116       0 44.2832
45.8803 36.2215 27.4591 45.3431 29.6142 8.94427 45.8039  33.121 29.1204 26.6833 37.9473 26.9072 12.1655 28.0713 37.2022 58.8982 44.2832       0

