      0 64.6705 26.6225 30.5287 63.2418 51.9504 38.7629 26.8932 42.8779 19.4023 52.4155 13.6302 30.5537 11.4645  24.329  73.267 52.2124 35.6385      12 53.9669 54.7177 48.4861 44.8856 60.8205 21.5599 80.1869 60.7205 37.4782  25.047      18 49.5013 12.9486
64.4601       0 34.2111 39.6509 91.1675 77.7387 57.1729 43.0056 21.8516 54.5235 14.1424 51.2984 50.3566 58.2433 41.3739 101.188 77.5292 59.4781 76.2485 79.2886 82.6064 76.4324 30.6592 6.42965 48.6489 108.189 8.26731 27.6509 89.2881 70.0747 77.0971 54.8169
26.4911 50.2727       0 18.6562 41.3118 28.4196 12.1944  18.443 28.4687 8.61246 37.9546  13.418 4.24275 17.2288 9.22089 51.3427 28.1802 10.4913 38.2806 30.0432 32.8085 26.5864 30.4487 46.4057  5.1396 58.3135 46.2203 23.0452 51.3191 29.4207 27.4669 13.9393
30.5431 40.0764 18.6642       0 59.8262 46.4175 25.8297 4.24285  18.137 22.8245 28.4445 18.1323 18.4427 25.2023  9.8674 69.9006 46.1764 28.1182 42.3258 47.8981 51.2471 45.0745 16.6584 36.1791 17.1105 76.7854 36.2474      12 55.3689 36.4268 45.7377  22.047
 63.512 91.5634  41.537 60.0068       0 36.6295 40.7884 59.9694 69.8666 43.8359 79.3061   52.64 41.5694 52.7356 50.7548 15.6291  43.046 32.9045 75.2943 41.1438 32.1694 15.3666 71.8045  87.763 45.5048 22.6132 87.6398 64.4049 88.3375 64.9208    30.1 50.8359
51.9309 78.2358 28.6121 46.4912  36.412       0 26.5109 46.6354 56.3652      32 65.7999 40.7172 27.7162 41.5784 37.5041 46.4443 12.6741 18.6386 63.7167 6.10087 13.0587 21.6389  58.281 74.3362 33.1798 53.4542 74.1287 50.8635 76.7583 53.7666 8.96586      39
38.6681 57.5712 12.1634 25.9059 40.6184 26.4558       0  26.288 35.7825  20.024 45.2141 25.4956 8.30261  29.287 18.1606 50.6539 26.2108 8.16631 50.4521 28.0738 31.3763 25.8764 37.7005 53.7004 17.1489 57.6082 53.6004  30.268  63.495 41.4755 25.7893 26.1509
27.0744 42.6936 18.4427 4.24275 59.7571 46.5194 26.1751       0 21.3666 21.0445  31.137 15.0526 19.3681      22 9.22091 69.8333 46.2894  28.321  38.854 48.1167 51.2321 45.0188 20.8235  39.319 15.8164 76.8212 39.1694 15.5792 51.8971  32.989 45.8105 19.1257
42.7816 21.9112 28.3478   18.17 69.5355 56.0761 35.4872 21.2446       0  32.842 10.4913 29.6169 28.6884 36.5618 19.6926 79.5839 55.8513 17.2806 52.7132  57.702 60.9257 54.7537 10.7946  18.055 26.9674 86.5897 18.1151 6.16999 67.6104 48.3937 55.4161 33.1355
19.9309 54.8782  8.6063  22.827 43.4769      32 20.0106 21.0491 26.9472       0 42.4568  9.0059 12.8081 9.64394 13.1725 53.4917 32.3168 15.7821 31.7167 34.0603 34.9445 28.7148 34.9517 51.0039       6 60.4873 50.8795 27.5391 44.7583 20.6195 29.7356       7
52.3752 14.1422  37.941 28.7459    79.1 65.6552 45.1293   31.17 10.6055 42.4346       0 39.2094 38.2559  46.152 29.2852  89.173  65.444 47.3906 64.1623 67.2813 70.5188 64.3459 19.5331 12.6709   36.56 96.1723 8.37515 16.7465 77.2032 57.9862 65.0084  42.728
13.6238 51.5374 13.5793 18.1311 52.0569 40.4444 25.6739 15.0533 29.8365  8.9743 39.2345       0 17.3008 7.09023 10.8226 19.7715 39.8079      23 25.4108  42.074 43.5306  37.299 31.7376 47.7358 8.37515 69.0843  47.607 24.3316 38.4521 18.8124 38.3197  4.1411
30.4873 50.6084 4.24285 18.7331 41.3727  27.598  8.3898 19.4106  28.784   12.81 38.2781 17.2124       0 21.4193 10.6246 51.3764 27.3791 9.22091 42.2731 29.1944 32.5365 26.6251 30.7788 46.7021  8.9743 55.4177 46.6075 23.4047 55.3138 33.6128 26.9574 18.0327
11.4457 58.4836 17.2332  25.201 52.5325 41.7244 29.3178      22 36.7741  9.7915 46.1757 7.08915 21.4252       0 17.4859 62.6056  42.001 25.4662  23.232 43.7253 44.0216 37.7911 38.6756 54.7184 12.7348 69.6053 54.5977 31.2577 36.2764  12.217 38.8071 3.61189
24.3252 40.6632 9.22091 9.87256 50.6023  37.432 18.1353 9.22089 19.8265 13.1709 29.3057 10.8288 10.4913 17.4903       0 60.6117  37.182 19.3681  36.111 38.9474 42.0167 35.8008  21.803 36.6442 7.29926 67.5579 37.6639  14.374 49.1513 29.5537 36.6253 13.9536
73.2377 101.351 51.2906 69.7571 15.5749   46.37  50.542 69.7222 79.5868 53.5409 89.0464 62.3321 48.4391 62.4907 60.5015       0 52.7965 42.6495   85.02 50.8964 42.9455 25.8391 81.5482 97.5251 55.2941       7 97.4131 74.1426 98.0665 74.6823 39.7945 60.5409
 52.075 77.7825 27.6692 46.1584 42.8515 12.6702 26.1746 46.2995 55.9728 32.1801 65.4487  40.377 27.3831 41.7362 37.1725 52.8773       0 18.3049 63.8594 7.81155 25.2008  28.125 57.9504 73.8976  32.793 59.8547 73.7975 50.5399 76.9032 53.9255      20 39.1796
35.3634 59.8122 10.6246 28.1033 32.7119 18.5445  8.1237 28.3271  37.978 15.5967 47.4177      23 9.22089 25.2429 19.4276 12.0713 18.3155       0 47.1461  20.193 23.4827 17.9571 39.8977 55.9272  15.356 49.6804 55.7229 32.5362  60.187 37.4309 17.8961 22.4791
     12 76.3586 38.4103 42.2985 75.0138 63.7276  50.738 38.6624 54.6582 31.7276 64.1492 25.4001  42.378   23.24 36.0984 85.0528 64.0587  47.441       0 65.9396 66.5032 60.2742 27.9036 72.5735 33.3245 92.0359 72.4673 49.2412 13.0586      30 61.3196 24.7276
53.7147 79.4509 29.8699 47.7785 40.9324 6.10202 27.7986 47.9191 57.6086 33.7959 62.8648 41.9236 28.9995 43.3805 38.7937 50.9788 7.81402  19.926 65.4985       0 19.1269 26.2018 59.5727 75.5134 34.3749 57.9601  75.418 52.2024 78.5411  55.569 14.8908 40.7576
54.7908  82.782 32.8182 51.2276 32.1366 13.0577 31.3361 51.2425 61.0191 35.0995 70.5189 43.7721 32.5368 44.0243 42.0301 43.2565 25.2024  23.462 66.5764 19.1258       0   17.17 63.0196 78.9822 36.6785  50.249 78.8837 55.6601 79.6163 56.2117  5.8463 42.0995
48.5477 76.6734 26.5983 45.0639 15.2446 21.6517 25.8486 45.0312 54.9354  28.829 64.3609 37.5272 26.6261 24.9911 35.8137 26.0798 28.1002 17.9549 60.3353 26.2015  17.137       0 56.8572 72.8908 30.5375 33.0581 72.7703 49.4259 73.3771 49.9764 14.7824  35.829
44.8823 30.7368 30.4512 16.6509  71.631 58.1654 37.5753 20.8123 10.7905  34.947 19.5239 31.7149 30.7793 38.6563 21.7973 81.6222 57.9511 39.8997 56.6717 59.8243 63.0278 56.8548       0 26.8709 29.0722 88.5608 26.9335 9.24018 69.7105 50.4902 57.5159 35.2319
60.7012 6.36721 46.2684 36.2197 87.4133 74.0054 53.3963 39.2292 18.0678 50.7633 12.6732  47.538 46.6214 54.4829 37.6137 97.5026 28.8683 55.1219 72.4867 75.5069 78.8462 72.6757   26.87       0 44.8885 104.393 10.7905 24.2197 85.5269 66.3141 73.3379 51.0569
 21.503 48.9581  5.1691 17.1152 45.2106 32.7884 17.3008 15.8271 27.1784       6 36.5947 8.28784 9.00339 12.7323 7.30188 55.2654 32.5844 15.2446 33.2874 34.4096 36.6257 30.4399 29.0797 45.1273       0 62.2653 44.9575 21.6721 29.4237 24.9329 31.4234 9.22075
80.1609 108.416 58.2385 76.7038 22.5234  53.328 57.4897 76.6732 86.6088 60.4343 95.9942 69.2521 58.2717 69.4366 67.4507       7  59.746 49.5993 91.9438  57.845 49.9287 32.8112 88.4965 104.561 62.2397       0 104.415 81.0898 104.989 81.6222 46.7901 67.4343
60.5988 8.26538 46.1643 36.3232  87.304 73.7413 53.2893 39.1366 18.1552 50.6584 8.28784  47.433 46.5101 54.3755  37.509  97.424 73.6687 55.6156 72.3858 75.6512 78.7415 72.5696 26.9658 10.7946 44.7838 71.1426       0 24.3232 85.4256 66.2096  73.231 50.9516
37.4276 28.0218 22.9958      12 64.1269 50.7038 30.1262  15.399 6.13761  27.489  16.561 24.2639 23.3542 29.1734 14.3396 74.1542 50.5035  32.454 49.2129 52.2759 55.5767  49.401 9.23847 24.1791 21.6144 81.1429 24.2475       0 62.2539 43.0406 50.0675 27.7828
25.0463 89.5147 51.4408 55.3401 88.0607 76.7562 63.8187  51.704 67.7706 44.7562 77.2056 38.4397 55.4356 36.2848 49.1384  98.088 77.0457 60.4292 13.0577 78.8365 78.4901 73.3155  69.697 85.6992 46.3111 105.087 85.6036 62.2721       0 43.0463 74.3411 37.7562
     18 70.3346  29.427 36.4224 64.7687 50.5595 41.4787 32.7947 48.6169 21.9328 58.0144 18.8087 33.6218 12.2108 29.5468 74.8611 54.2576 37.7438      30 56.0361 56.2115  49.981 50.5153 65.0068 24.9379 81.7893 66.3791 43.1148  43.047       0 51.0272 15.8164
  49.69 77.3604  27.475 45.7075 29.7509 8.95982  25.747 45.8102 55.5178 29.9412 65.0028  38.806 26.9139 38.8707 36.6295 39.8967      20 17.8729 61.4795 14.8878 5.84049 14.6186 57.4998 73.4471 31.7119 46.7709 73.3393 50.1104 74.5156 51.0622       0 36.9412
 12.931 55.1995 13.9565 22.0463 50.4758      39 26.1831  19.127  33.306       7 42.7404 4.14429 18.0384 3.61879 13.9501 60.4917 39.3168 22.7077 24.7167 41.0603 41.9445 35.7148 35.2431 51.2405  9.2229 63.9982 51.0705 27.8592 37.7583 15.8274 36.7356       0

dist cost node
      0 53.2259  21.095 19.7231 24.2074 48.2597 32.7567 15.6525  32.249 16.7631 40.1622 8.06226 24.5153 10.6301 16.1245  27.313 44.5533 31.0161      12 49.0102 50.3289 34.4819 35.3836 48.8774 16.0312 33.8378 48.3839 27.8029   25.02      18 45.8803 10.2956
53.2259       0 34.2053 38.4708 53.4135      28 22.6274 41.9762 21.1896 42.5206 14.1421 46.6476      30 51.4004 37.1618 41.0488 16.4924 29.4109 49.2443 22.0227 41.0122 43.8634 24.1868 6.32456  38.833 37.5766 8.24621 26.6833 49.0408 63.1269 36.2215 48.0104
 21.095 34.2053       0 18.6011 21.8403 27.8927  12.083 18.4391 15.6525 8.60233 20.2485 13.3417 4.24264 17.2047 9.21954 13.6015 23.5372 10.4403 23.2594 28.0179 32.8024 21.0238 24.1868 31.1448 5.09902 17.0294  28.178 15.0333 31.8277      29 27.4591 13.8924
19.7231 38.4708 18.6011       0 36.3456  43.909 24.1661 4.24264 18.0278 22.8035 28.2843 18.1108 18.4391 25.1794 9.84886 31.7648 35.4401 27.6586 11.1803 42.1545 50.9313 39.4462 16.6433 32.9848  17.088  35.609 36.0555      12 13.6015 36.4005 45.3431 22.0227
24.2074 53.4135 21.8403 36.3456       0 35.8469 31.0644 33.9559 37.3363 14.0357 39.4081 19.3132  25.632 13.6015 27.0185 12.8062 38.9487 24.0832 34.4384 39.4462 32.0156 15.1327 45.8912 51.6236  20.025 18.7883 46.0109 36.6742 46.8188 15.0333 29.6142 15.2315
48.2597      28 27.8927  43.909 35.8469       0      20 45.1885      29      32 20.5913 40.1995      26 41.1096 36.4005 23.7697 12.6491 17.4642 50.9215 6.08276 13.0384 21.6333 39.2046 30.5941 32.5576  17.088 20.0998 34.0588 57.4543 49.7293 8.94427      39
32.7567 22.6274  12.083 24.1661 31.0644      20       0 25.9615 9.84886      20 8.48528 25.2982 8.24621 29.1548 18.0278 19.3132      12 8.06226 32.3883 18.0278 29.1548 24.0832 20.6155 20.5913  17.088      18 16.1245 14.1421 37.5899 40.6079 23.3238 25.9422
15.6525 41.9762 18.4391 4.24264 33.9559 45.1885 25.9615       0  21.095 21.0238 31.0161 15.0333 19.2354      22 9.21954 30.8058 37.6563 28.3019 7.28011 43.9659  51.225 38.6005 20.8087 36.6879 15.8114 35.3553 39.0128 15.2971 13.6015 32.7567 45.8039  19.105
 32.249 21.1896 15.6525 18.0278 37.3363      29 9.84886  21.095       0 24.1868 10.4403 26.2488 11.7047 31.8904 16.1245 27.1662 18.3576 17.2627 28.2843  25.807 38.9487 33.0606 10.7703 16.6433 19.2094 27.2947 18.0278 6.08276 30.3645 44.0454  33.121 28.3196
16.7631 42.5206 8.60233 22.8035 14.0357      32      20 21.0238 24.1868       0 28.4253 8.94427 12.8062 9.48683 13.1529 10.8167 30.4631 15.5242 23.3452  33.541 33.6155 18.4391 32.0156 39.6989       6  17.088 36.0555 22.8035 34.4819 20.6155 29.1204       7
40.1622 14.1421 20.2485 28.2843 39.4081 20.5913 8.48528 31.0161 10.4403 28.4253       0 33.1059 16.1245 37.4433 24.5153 27.2947 8.48528 15.6525 38.0132 16.2788   32.28 31.0483  19.105 12.6491 25.0599 24.7386 8.24621 16.4924 40.8044 49.0408 26.6833 34.1321
8.06226 46.6476 13.3417 18.1108 19.3132 40.1995 25.2982 15.0333 26.2488 8.94427 33.1059       0  17.088 7.07107 10.8167 19.7231 36.8782      23 15.2643 41.0488 42.5441 27.2029 31.3847 42.8019 8.24621      26 41.2311 22.8035 27.5136 18.7883 37.9473 4.12311
24.5153      30 4.24264 18.4391  25.632      26 8.24621 19.2354 11.7047 12.8062 16.1245  17.088       0 21.4009 10.4403 16.0312 20.0998 9.21954      25  25.318 32.5269 22.8035      21 26.9072 8.94427 17.8885 24.1661 12.1655 32.0156 33.2415 26.9072 18.0278
10.6301 51.4004 17.2047 25.1794 13.6015 41.1096 29.1548      22 31.8904 9.48683 37.4433 7.07107 21.4009       0 17.4642 18.2483 39.9249      25 21.1896 42.9535 41.2311 24.6982 38.0132 48.1041 12.7279 25.1794 45.2769 29.1548 33.9559 12.2066 37.3363 3.60555
16.1245 37.1618 9.21954 9.84886 27.0185 36.4005 18.0278 9.21954 16.1245 13.1529 24.5153 10.8167 10.4403 17.4642       0 21.9545 30.0167 19.2354 14.5602 35.6931 42.0119 29.6816 20.5913 32.7567 7.28011 26.1725 32.7567 12.0416 22.6716 29.5296 36.6197 13.9284
 27.313 41.0488 13.6015 31.7648 12.8062 23.7697 19.3132 30.8058 27.1662 10.8167 27.2947 19.7231 16.0312 18.2483 21.9545       0 26.1725 11.6619 33.9706 26.8328 23.0868 7.81025 37.0135 39.8121      15       7 33.4215 28.1603 44.4072 25.9615  19.105  17.088
44.5533 16.4924 23.5372 35.4401 38.9487 12.6491      12 37.6563 18.3576 30.4631 8.48528 36.8782 20.0998 39.9249 30.0167 26.1725       0 15.2643 44.2832 7.81025 25.1794 27.7849 27.5862 18.1108 28.6356 21.6333 8.24621 24.1661 48.4665 50.6063      20      37
31.0161 29.4109 10.4403 27.6586 24.0832 17.4642 8.06226 28.3019 17.2627 15.5242 15.6525      23 9.21954      25 19.2354 11.6619 15.2643       0 33.6155 18.1108 23.3452 16.0312 27.8927 28.2312 15.1327 10.0499 21.9317 20.1246 41.2311 35.3553 17.6918 22.3607
     12 49.2443 23.2594 11.1803 34.4384 50.9215 32.3883 7.28011 28.2843 23.3452 38.0132 15.2643      25 21.1896 14.5602 33.9706 44.2832 33.6155       0 50.2195 55.7584 41.7253 27.7849 43.9659 19.4165 39.4081 46.0977  22.561 13.0384      30 50.6063 19.2354
49.0102 22.0227 28.0179 42.1545 39.4462 6.08276 18.0278 43.9659  25.807  33.541 16.2788 41.0488  25.318 42.9535 35.6931 26.8328 7.81025 18.1108 50.2195       0  19.105 26.1725 35.3553      25      33 20.8087 14.3178 31.3847 55.4617 52.5547 14.8661 40.4475
50.3289 41.0122 32.8024 50.9313 32.0156 13.0384 29.1548  51.225 38.9487 33.6155   32.28 42.5441 32.5269 41.2311 42.0119 23.0868 25.1794 23.3452 55.7584  19.105       0 17.0294 49.6488 43.2897 36.3593 16.5529 33.0151 43.0116 64.4438      47 5.83095 40.1622
34.4819 43.8634 21.0238 39.4462 15.1327 21.6333 24.0832 38.6005 33.0606 18.4391 31.0483 27.2029 22.8035 24.6982 29.6816 7.81025 27.7849 16.0312 41.7253 26.1725 17.0294       0 43.4166 43.6807 22.8035 6.32456 35.7771 34.9285 52.2015 30.0167 14.5602 24.1868
35.3836 24.1868 24.1868 16.6433 45.8912 39.2046 20.6155 20.8087 10.7703 32.0156  19.105 31.3847      21 38.0132 20.5913 37.0135 27.5862 27.8927 27.7849 35.3553 49.6488 43.4166       0 18.0278 26.2488  37.855 24.5967 9.21954   25.02 50.1199 43.8292 34.4384
48.8774 6.32456 31.1448 32.9848 51.6236 30.5941 20.5913 36.6879 16.6433 39.6989 12.6491 42.8019 26.9072 48.1041 32.7567 39.8121 18.1108 28.2312 43.9659      25 43.2897 43.6807 18.0278       0 35.3836 37.3631 10.7703 21.5407      43 60.1082 38.0526 44.5982
16.0312  38.833 5.09902  17.088  20.025 32.5576  17.088 15.8114 19.2094       6 25.0599 8.24621 8.94427 12.7279 7.28011      15 28.6356 15.1327 19.4165      33 36.3593 22.8035 26.2488 35.3836       0      20 33.1059  17.088 29.4109 24.8395  31.305 9.21954
33.8378 37.5766 17.0294  35.609 18.7883  17.088      18 35.3553 27.2947  17.088 24.7386      26 17.8885 25.1794 26.1725       7 21.6333 10.0499 39.4081 20.8087 16.5529 6.32456  37.855 37.3631      20       0 29.5296 29.7321 48.8365 32.7567 12.1655 23.7697
48.3839 8.24621  28.178 36.0555 46.0109 20.0998 16.1245 39.0128 18.0278 36.0555 8.24621 41.2311 24.1661 45.2769 32.7567 33.4215 8.24621 21.9317 46.0977 14.3178 33.0151 35.7771 24.5967 10.7703 33.1059 29.5296       0 24.0832 48.0521 56.6127 28.0713 42.0595
27.8029 26.6833 15.0333      12 36.6742 34.0588 14.1421 15.2971 6.08276 22.8035 16.4924 22.8035 12.1655 29.1548 12.0416 28.1603 24.1661 20.1246  22.561 31.3847 43.0116 34.9285 9.21954 21.5407  17.088 29.7321 24.0832       0 24.3516 41.3401 37.2022 25.5539
  25.02 49.0408 31.8277 13.6015 46.8188 57.4543 37.5899 13.6015 30.3645 34.4819 40.8044 27.5136 32.0156 33.9559 22.6716 44.4072 48.4665 41.2311 13.0384 55.4617 64.4438 52.2015   25.02      43 29.4109 48.8365 48.0521 24.3516       0 43.0116 58.8982 31.6228
     18 63.1269      29 36.4005 15.0333 49.7293 40.6079 32.7567 44.0454 20.6155 49.0408 18.7883 33.2415 12.2066 29.5296 25.9615 50.6063 35.3553      30 52.5547      47 30.0167 50.1199 60.1082 24.8395 32.7567 56.6127 41.3401 43.0116       0 44.2832 15.8114
45.8803 36.2215 27.4591 45.3431 29.6142 8.94427 23.3238 45.8039  33.121 29.1204 26.6833 37.9473 26.9072 37.3363 36.6197  19.105      20 17.6918 50.6063 14.8661 5.83095 14.5602 43.8292 38.0526  31.305 12.1655 28.0713 37.2022 58.8982 44.2832       0 35.9026
10.2956 48.0104 13.8924 22.0227 15.2315      39 25.9422  19.105 28.3196       7 34.1321 4.12311 18.0278 3.60555 13.9284  17.088      37 22.3607 19.2354 40.4475 40.1622 24.1868 34.4384 44.5982 9.21954 23.7697 42.0595 25.5539 31.6228 15.8114 35.9026       0

