      0 64.6705 26.6225 30.5287 63.2418 51.9504 38.7629 26.8932 32.4368 19.9504 52.4155 13.6302 30.5537 11.4645  24.329  73.267 52.2124 35.6385      12 51.0729 52.2022 48.4861   51.06 68.8949 21.5599 38.1144   40.17 21.3506 65.9131 47.2046  18.913 32.4155 59.0193 46.3042 57.7959 42.7178 60.8949 36.7755 31.9504 36.4541 64.2544 9.07501 67.5525  29.846 63.6742 42.7215 48.0773 80.1869 60.7205 37.4782  25.047      18 49.5013 12.9486
64.4601       0 50.0291 40.0045 91.1675 77.7387 57.1729 43.0056 21.8516 54.5235 14.1424 51.2984 50.3566 58.2433 41.3739 101.188 77.5292 59.4781 49.4541 76.4097 79.9093 76.4324 115.194 133.046 48.6489 57.7307  67.739 43.7959 93.8593 79.0552 50.3216 32.1178 7.22392 74.2532 85.7195 106.859 123.266 44.4587 59.9004 34.8343 92.1547 73.4321 95.4969 43.0045 91.6034 27.0967 73.6469 108.189 8.26731 28.0045 89.2881 70.0747 77.0971 54.8169
26.4911 50.2727       0 18.6562 41.3118 28.4196 12.1944  18.443 28.4687 8.61246 37.9546  13.418 4.24275 17.2288 9.22089 51.3427 28.1802 10.4913 38.2806 27.0899 30.2378 26.5864  77.341 95.1297  5.1396  11.592  18.033 14.4391 44.0132 29.7045 7.66065 17.9545 44.5589 24.4069 35.8786 68.8661 87.1297 26.2357 9.89952 22.1766 42.2965 35.4599 13.1725 20.5232 41.7577 28.2777 24.2827 58.3135 46.2203 23.0452 51.3191 29.4207 27.4669 13.9393
30.5431 40.0764 18.6642       0 59.8262 46.4175 25.8297 4.24285  18.137 22.8245 28.4445 18.1323 18.9954 25.2023  9.8674 69.9006 46.1764 28.1182 42.3258 45.0418   48.55 45.0745   81.38 99.1946 17.1105 26.3258 36.3797 9.24018 62.4996 47.7026 18.4578  8.9743 34.3755 42.8934 54.3757 72.9723 91.1946 7.63916 28.5367 7.22807 60.7982 39.5099 64.1402       3 60.2454 16.0805  42.293 76.7854 36.2474      12 55.3689 36.4268 45.5543  22.047
 63.512 91.5634  41.537 60.0068       0 36.6295 40.7884 59.9694 69.8666 43.8359 79.3061   52.64 41.5694 52.7356 50.7548 15.6291  43.046 32.9045 75.2943 39.1067 31.7077 15.3666 114.261 132.112 45.5048 38.7884 26.0608 55.7544 8.08183 44.0071 46.7123 59.3061  85.956 23.7077 5.84524 105.933 124.112  67.586 31.9294 63.5294       1 70.2871 9.94465  61.938 4.14429 69.6311 34.0795 22.6132 87.6398 64.4049 88.3375 64.9208    30.1 50.8359
51.9309 78.2358 28.6121 46.4912  36.412       0 26.5109 46.6354 54.8495      32 65.7999 40.7172 27.7162 41.5784 37.5041 46.4443 12.6741 18.6386 63.7167 6.34713 10.2181 21.6389 102.686 120.492 33.1798 24.5109 12.4244 43.1409 39.1081 12.1853 34.7172 45.7999 70.7082 14.1424 30.9614 94.3059 112.492 54.0779      20 50.0146 37.3941 60.8987 40.7469 48.4392  36.844 56.1133 4.17032 53.4542 74.1287 50.8635 57.5591 53.7666 8.96586      39
38.6681 57.5712 12.1634 25.9059 40.6184 26.4558       0  26.288 35.7825  20.024 45.2141 25.4087 8.30261  29.287 18.1606 50.6539 26.2108 8.16631 50.4521 23.8881 28.6092 25.8764 89.4316 107.283 17.1489 2.17327 16.5638 24.1606 43.3062 27.7368 19.8012 25.2141 51.8773 23.5802 35.1593 81.0066 99.2834 33.4851 12.7241 29.4268 31.6531 47.6335 44.9563 27.8569 41.0719 35.5305 22.3271 57.6082 53.6004  30.268  63.495 41.4755 25.7893 26.1509
27.0744 43.2169 18.4427 4.24275 59.7571 46.2756 26.1751       0 21.3666 21.0445  31.137 15.0526 19.3681      22 9.22091 69.8333 46.2894  28.321  38.854 45.1583 48.6076 45.0188 77.7585 95.5742 15.8164 26.7236 36.4064 6.10055 62.4455 47.8129 16.5728  11.137 37.5075 42.8385   54.31 69.4039 87.5742      10 28.3261 11.4063 60.7353 36.0408 64.0852       3  60.193 19.8595 42.4051 76.8212 39.1694 15.5792 51.8971  32.989 45.8105 19.1257
42.7816 21.9112 28.3478   18.17 69.5355 56.0761 35.4872 21.2446       0  32.842 10.4913 29.6169 28.6884 31.8991 19.6219 79.5839 55.8513 37.7995 54.5691 54.7417 58.2283 54.7537 93.4443 111.282 26.9674 36.0387  46.058 22.1144 72.1796 57.3775 28.6397 10.4931 16.1709 52.5725  64.056 85.1214 103.282 22.7953 38.2192 13.1514 70.4942   51.75 73.8177   21.17 69.9261 6.73053 51.9422 86.5897 18.1151 6.16999 67.6104 44.0562 55.4161 33.1355
19.9309 54.8782  8.6063  22.827 43.4769      32 20.0106 21.0491 33.0688       0 42.4568  9.0059 12.8081 9.64394 13.1725 53.4917 32.3168 15.7821 30.8299 31.1193 32.4811 28.7148 70.6915 88.4916       6 18.8906 20.3861 15.2832 46.1411 33.8427 4.49156 22.4568 49.2013 26.5332 38.0184 62.3056 48.2883 30.3913      12 26.6782 44.4639 28.8987 47.7826 23.7987 43.8858 32.7812 28.1694 60.4873 50.8795 27.5391 35.1221 21.7688 29.7356       7
52.3752 14.1422  37.941 28.7459    79.1 65.6552 45.1293   31.17 10.6055 42.4346       0 39.2094 38.2559  46.152 29.2852  89.173  65.444 47.3906 64.1623 64.3205 67.8212 64.3459 103.238 121.047   36.56 45.6158  55.651 31.7085 81.7726 66.9698 38.2324      20 7.22807 62.1657 73.6354 94.7615 113.047 33.3586 47.8122 23.7517 80.0589 61.3438 83.4121 31.7459 79.5187 15.9718 61.5488 96.1723 8.37515 16.7465 77.2032 57.9862 65.0084  42.728
13.6238 51.5374 13.5793 18.1311 19.3363 40.4444 25.6739 15.0533 29.8365  8.9743 39.2345       0 17.3008 7.09023 10.8226 62.1007  40.241      23 25.4108  39.114 41.0456  37.299 64.3288 82.2015 8.37515 25.0897 28.9714       9 54.7284 41.7669       6 19.2345 45.9467 35.1184 46.5975 56.0289 74.2015  25.047 20.4923 23.4341 53.0289 22.5917 56.3694 18.0478 15.2525 29.3607 36.3645 69.0843  47.607 24.3316 38.4521 18.8124 38.3197  4.1411
30.4873 50.6084 4.24285 18.9789 41.3727  27.598  8.3898 19.4106  28.784   12.81 38.2781 17.2124       0 21.4046 10.6246 51.3764 27.3791 9.22091 42.2731 26.2333 29.7771 26.6251 81.2435 99.0868  8.9743       8 17.6931 16.5812 44.0501 28.9054 11.6793 18.2781 44.9171 24.4432 26.5745 72.8384 91.0868 26.5602 10.7905  22.505  42.336 39.4559 45.6906 20.9329 41.8086 28.6056 23.4913 58.3254 46.6075 23.4047 55.3138 33.2458 26.9574 18.0327
11.4457 58.4836 17.2332  25.201 52.5325 41.7244 29.3178      22 36.7741  9.7915 46.1757 7.08915 21.4252       0 17.4859 62.6056  42.001 25.4662  23.232 40.9583  39.823 37.7911 62.1008 79.9483 12.7348    28.5 29.4652 16.0504 55.2178  43.525 9.90635 26.1757 52.9089 35.6097 47.0873  53.777 71.9483      32 21.7244 30.3888  53.505 20.4123 56.8555      25 52.9626  36.505 37.9098 69.6053 54.5977 31.2577 36.2764  12.217 38.8071 3.61189
24.3252 41.5888 9.22091 9.87256 50.6023  37.432  18.137 9.22089 19.8265 13.1709 29.3057 10.8288 10.4913 17.4903       0 60.6117  37.182 19.3681  36.111 36.0077 39.4135 35.8008 75.1001 92.9719 7.29926 18.3661 27.2072       6 53.2288 38.7081       9 9.30575 35.9589 33.6199 45.1071 66.7528 84.9719 17.4914 19.1079 13.5305 51.5794 33.2901 54.8701 11.4072 50.9743 19.6306 33.2926 67.5579 33.3248  14.374 49.1513 29.5537 36.6253 13.9536
73.2377 101.351 51.2906 69.7571 15.5749   46.37  50.542 69.7222 79.5868 53.5409 89.0464 62.3321 51.3206 62.4907 60.5015       0 26.1831 42.6495   85.02 48.8592 41.6081 25.8391 123.944 141.792 55.2941  48.542 35.8111 65.5399      11 53.7577 56.5082 69.0466 95.7651 33.6081 15.8057 115.612 133.792 39.3846 41.6838 73.2746 15.7261  82.198       6 71.6916 12.0929 79.3751 43.8249       7 97.4131 74.1426 98.0665 74.6823 39.7945 60.5409
 52.075 77.7825 28.3182 46.1584   38.96 12.6702 26.1746 46.2995 55.9728 32.1801 65.4487  40.377 27.3831 41.7362 37.1725 52.8773       0 18.3049 63.8594 6.34353 22.1129  28.125 102.721 120.553  32.793 24.1746 17.0203 42.7389 35.5547       2  34.377 45.4482 72.1014 22.8271 37.4076 94.4235 112.553 53.7369 20.3332 49.6783 43.8256 61.0394 47.2018 48.1037 43.3173 55.7807      11 21.6469  71.771 50.5399 76.9032 53.9255      20 39.1796
35.3634 59.8122 10.6246 28.1033 32.7119 18.5445  8.1237 28.3271  37.978 15.5967 16.4337      23 9.22089 25.2429 19.4276 42.6944 18.3155       0 47.1461 17.2049 20.7159 17.9571 86.0357 103.897  15.356 6.14104 8.66886 24.9911 35.3838 19.8413      17 19.1074  54.151 15.6808 27.2446 77.7366 95.8974 35.6817 5.00778 31.6253 33.6972   44.33 37.0309 30.0534 33.1249 37.7266 14.4243 49.6804 31.9848 32.5362  60.187 37.4309 17.8961 22.4791
     12 76.3586 38.4103 42.2985 75.0138 63.7276  50.738 38.6624 54.6582 31.7276 64.1492 25.4001 25.0903   23.24 36.0984 85.0528 64.0587  47.441       0 62.9812  63.991 60.2742 39.2149 57.0125 33.3245 49.9116 51.9476 33.1199  77.706 65.5843 30.7209 44.1492 44.9166 58.0916 69.5669 30.7989 49.0125 48.5449 43.7276 48.2232 75.9879 3.18307 79.3442 41.6154 75.4645 54.4915 59.9095 92.0359 46.5792 49.2412 13.0586      30 61.3196 24.7276
50.8388 76.5055  26.996 44.9018  38.923 6.34353 24.9171 45.0411 54.7204 30.9307 64.1888 39.0517 26.1235 40.4914 35.4718 49.0066 6.34713 17.0431 62.6247       0      16 24.1654  101.53 119.364 31.4658 22.9171 13.4559 41.4716 41.5912       6 33.0517 44.1887 70.7902 17.9115 33.4797 93.2178 111.364 52.4793 19.0575 47.3673 39.9068  59.805  43.236 46.8456 39.3503 54.5182 5.40658 56.0218 72.4982 49.3143 75.6658 52.6799 14.1619 37.9307
52.2587   80.18 30.2476  48.523 31.4445 10.2161 28.5665 48.6076 58.4473 32.5528 67.8284 41.2608 29.7716 41.5364 39.4165 41.6702 22.1143 20.6934 64.0513      16       0 16.2446 102.937 120.737 34.3011 26.5665 12.2123 44.5991 34.2841      22 35.5021 47.8284 74.4925       8 26.1366 94.5905 112.737 56.1011 20.7325 52.0423 32.4445 61.2267 35.9899 50.4671      32 58.1433 11.2002 48.6312 76.2302 51.7387 77.0871 53.7276 2.83043 39.5528
48.5477 76.6734 26.5983 45.0639 15.2446 21.6517 25.8486 45.0312 54.9354  28.829 64.3609 37.5272 26.6261 37.7914 35.8137 26.0798 27.9176 17.9549 60.3353 24.1719 16.3666       0 99.3355 117.179 30.5375 23.8486 11.1148  40.821 18.7554 29.0627 31.7556 44.3609 71.0771 8.37515   10.17 90.8979 109.179 52.6474 15.8187 47.3075 16.2446 57.5121 20.3915 46.9995  16.356 54.6856 19.1302 33.0581 72.7703 49.4259 73.3771 49.9764 14.7824  35.829
50.9236 115.144 77.0549 81.0373 113.748 81.6323 89.4411 77.3982 93.4971 70.4778 102.893 64.1367 81.1617  61.961 74.8353 123.787 102.784 86.2228 38.9658 101.661 102.764 96.3471       0  18.137 72.0504  88.729 90.7028 71.8574 116.443 104.309 69.3802 82.8926 109.493 96.8369 108.302 8.28784  10.137 87.2819 82.4778 86.9615 114.723 42.0698 43.3192 80.3514 114.191 93.2283 98.6691 130.787 111.179 88.0085  26.954 68.9137 100.041 63.4778
68.8172 133.202 95.0253 98.9318 131.649 120.349 105.386  95.293 111.384 88.3489 120.778 82.0328 98.9308 79.8572 92.7311 141.707 120.613  104.17 56.8614  119.55 120.668 116.904   18.17       0 89.9918 106.509 108.569 89.7533 81.1141 122.138 87.3088 100.778 127.517 114.721 126.204 26.1366       8 105.178 100.349 104.857 132.624 59.9657 135.972 98.2474 132.077 111.122 48.4692 148.722 129.173 105.892 44.8497 86.8094 117.944 81.3488
 21.503 48.9581  5.1691 17.1152 45.2106 32.7884 17.2992 15.8271 27.1784       6 36.5947 8.28784 9.00339 12.7286 7.30188 55.2654 32.5844 15.2446 33.2874  31.518 34.1323 30.4399 72.1779 90.0175       0 16.7632 22.0185 10.6318 47.8664 34.1107 2.82916 16.5947 43.2972 27.2072 39.7339 63.8302 82.0175 24.7267 13.4987 20.8062 46.2008 30.4707 49.5038  18.376 45.6089 26.9074 28.6814 62.2653 44.9575 21.2071 46.3286 24.9329 31.4234 9.22075
37.9272 58.0767 11.4722 26.4581 38.6184 24.4558 2.18995 26.8804 36.3022 18.8941 45.7846 24.8391       8 28.3783 18.4865 17.4903 22.8357 6.18081 49.7117 23.0769 26.6092 23.8764 88.6012 106.452 16.5732       0 14.5638 24.4865 41.3062 25.7368 19.0807 25.7846 52.3979 21.5802 33.1593 80.2596 98.4523 34.0453 10.8348 29.9854 39.5917 46.8965 42.9563 28.4189 39.0719 36.0771 20.3271 55.6082 54.1081 30.9066 62.7526 40.5676 23.7893 25.2808
40.2991 66.6907 18.0364  36.358 25.8669 12.5744 16.5272 36.4066  46.324 20.5812 55.6546 29.2772 17.6952 29.4821 27.2088 35.9936 17.0159 8.65247  52.086 13.4562 12.2102 11.1349 42.1983 108.799 22.1217 14.5272       0 32.4357  28.564 18.0337 23.4904 35.6545 62.4487 7.29926 20.4233 82.6665 100.799 43.9378 8.64304 39.8802  26.868 49.2702 18.3722 38.3007 26.3037 45.9796  9.0034 42.9922 64.0241 40.7935 65.1307 41.6696 9.43988 27.5812
21.3621 43.9517 14.3769 9.23847 55.5244 42.8341 24.1353 6.10271 21.8747  15.274 31.7048       9 16.3831  16.051       6 65.6498 42.5819 24.8127 33.1494 41.3656 44.4755 40.7654 72.0874 89.9122 10.6317 24.3646 32.4041       0 58.1932 44.0367 10.8231 11.7048   38.34 38.5842 50.0575 63.7165 81.9122  16.051 23.8614  15.274 56.5045 30.3297 59.8328 9.07501 55.9397 22.0382 38.6967 38.6821 40.0207 16.8241 46.1883 27.2291 41.7779 13.0577
65.9421 94.1071 44.0374 62.5035 8.08028   39.12 43.2883 62.4702 72.3135 46.2247 81.8165 55.0604 18.8771 53.3333 53.2525      11 45.5443 35.3981 77.7298 41.6059 34.3622 18.5972 116.742 134.513 48.0257 41.2883 28.5575 58.1815       0 46.5057 49.1382 61.8165 88.4863 26.3622  8.5553 108.314 123.084 70.0834  34.409 66.0244       8 74.9106       5 64.4385       4  72.126 36.5729      18 90.1364 66.8751 90.7682 67.4242  32.558 53.2247
53.6095 79.2849 25.6112 47.6843 43.8254 12.1833 27.6996 47.8267  57.604 33.6894 66.9734 41.8334 28.9076 43.2611 38.7344 53.8558       2 19.8258 65.3976       6      22 29.0854 104.273  122.09 34.3116 14.2446 18.0429  44.304 46.5067       0 35.8334 46.9734 73.7035 23.4367 38.3832  95.928  114.09 55.2633 21.8479  51.208 44.8069 62.5784 48.1562 49.6285 44.2476 57.3085 11.1999 60.8557 73.3677 52.0491 78.4369 55.4495 20.1224 40.6895
18.8526 50.5528 7.72791 18.4601 46.2755 34.4444 19.8605 16.5784 28.7406 4.48591 38.2596       6 11.6886 9.90402       9  56.309 33.8079      17 30.6302  33.114 35.2462 31.5248 69.4881  87.368 2.82889 19.3011 23.1761 10.8332 48.9517 35.7669       0 18.2597 44.8871 29.3429 40.8379 61.2165 41.2718 25.9854 14.6159 22.4695 47.2627 27.8165 50.5904 19.3402    46.7 28.5716 30.3645 63.2261 46.5919 23.3425 43.6746 22.1043 32.5656 6.40439
32.3755 32.3671 17.9412  9.0059 59.1177 45.6553 25.0891   11.17 10.6149 22.4348      20 19.2096 18.2565 26.1522 9.28543 69.1023 45.4441 27.3907 44.1616 44.3206 47.8214 44.3461 83.1811 101.025 16.5602 25.6071 35.6512  11.709 61.7729 46.9699 18.2326       0 26.6945 42.1659 53.6356 74.7277 93.0248 15.5564 27.8125 8.26776 60.0697 41.3463 63.4124 11.9101  56.991 11.4041 41.5489  76.046 28.3666 5.65713 57.2024 37.9864 45.0086 22.7283
 58.813 7.21724 44.3815 34.3659 85.5613 72.1149 51.5167  37.369 16.2218 48.8748 7.21507 40.5091 44.7332 52.5942 35.7254 95.6622 71.8871 53.8373 70.5996 70.7547 74.2644 70.7889 109.483 127.299 43.0002 52.0812  62.094 38.1471 88.2142 73.4132 38.6256 26.4449       0 68.6077 80.1022 101.128 119.299 38.8451  54.253 29.2755 86.5333 67.7808 89.8525 37.3659 85.9613 21.4529 67.9866  102.65 2.82844 22.3659  83.639 63.8589 71.4519 49.1681
46.3848 74.5588 24.4325 42.9017 23.4646 14.1422  23.552 42.8656 52.7779 26.6517 62.1887 35.4723 24.4586 35.6236 33.6501 33.7072 22.8244 15.6766 58.1701  17.907       8 8.28784 97.1676 115.002 28.3584  21.552 7.30188 38.6578 26.3524 23.4335 29.5522 42.1889 68.9105       0 18.1366 88.7521 107.002 50.1799   14.82 46.4224 24.4508 55.3516 27.9899  44.834      24 52.5227 12.5439 40.7062 70.6355 47.2602 71.2103 47.8086 6.42624 33.6517
57.9568 85.7552 35.9773 54.4446 5.83737 31.0569 35.2284 54.4152 64.3664 38.2026 73.7493 47.0902 36.0068 47.1716 45.1917 16.0147 37.4821 27.3403 69.7486 33.5479 26.1694  10.137 48.2005 126.523 39.9002 33.2284 20.4986 50.2173 8.59897 38.4465 41.1286 53.7493 80.4781 18.1694       0 100.328 118.523 62.0241 26.3677 57.9679 6.74569   64.62 10.2391 56.3802 6.16999 64.0663 28.5156 22.8934 82.0292 58.8481 82.7827 59.3552 24.5275 45.2026
42.7184 107.173 68.8785 72.8276 105.618  94.244 28.0228 69.1915 85.3498  62.244 94.6859 55.9285 72.9312 53.7501 66.6268 115.581 94.5099 78.0413 30.7606  93.374 94.5353 90.8054 8.37515 26.1694 63.8792 29.7579 82.4719 63.6489 108.234 96.0358  61.191 74.6778 101.496 88.6237 100.123       0 18.1694 79.0731  74.244 78.7527 106.589  33.865 109.872 72.1449  105.98 15.5074 90.3923 122.581 103.106 79.7983 18.7468 60.7083 91.8598  55.248
60.8171 125.096 87.0555 90.9317 123.644 112.349 99.2727 87.2929 103.324 80.3488 112.784 62.2089 91.0176 71.8571  84.731 133.707 112.617 96.0974 48.8613 111.517 112.642 108.904   10.17       8 81.9502 98.5541 100.569 81.7532 126.333 114.143 79.2927 24.5323 118.603 106.721  118.19 18.1366       0 97.1782 92.3488 96.8568 124.629 51.9656 127.972 90.2472 124.093 103.121 108.521 140.705 121.176 97.8668 36.4833 78.8093 109.938 73.3487
37.0627 44.3403 26.2561 7.63385 67.4046 53.9738 33.4067      10 22.5893 30.3882 33.0833 25.0463 26.5879      32 17.4856 77.5208 53.7669 35.4422 48.8507 52.6043 56.1412 52.6674 87.7118 105.552 24.7227 34.0287 43.9708 16.0504 70.0908  55.293 25.9831 15.5564 38.7398 50.4846 61.9579 79.3944 95.5283       0 36.1286 9.53658  68.388 46.0315 71.7315       7 67.8383 18.2446 49.8865 84.5052 40.6197 16.6078 61.8918 42.9773  53.329 29.0907
31.9309 60.1881 9.89952 28.5266 31.6766      20  12.698 28.3262 38.3685      12 47.8227 20.7191 10.7946 21.5784 19.1079 41.7893 20.3743 5.00299 43.7167 19.2249 20.6536 16.9421 82.6858 100.492 13.5676 10.8149 8.58596 23.8646 34.3677 21.9004 14.7809 27.8228 54.4939 14.7597  26.237 74.3056 92.4915 36.1051       0 32.0461 32.6508 40.8988 36.0079 30.4177  32.112 38.1493 16.1694 48.6942 56.2009 32.9187 56.7583 33.7666  17.977      19
  36.47 34.8322  22.187 7.21507 63.3653 49.9113 29.3325 11.4037 13.0767 26.6812 23.5493 23.4348 17.9068 30.3898 13.5317 73.4503 49.6915 31.6391 48.2559 48.5258 52.0698 48.5927 87.2447 105.072 20.8066  29.846 39.8993  15.283 66.0218 51.2166 22.4792 8.26506 29.0361 46.4127 57.8911 78.8341 97.0723 9.62996 32.0591       0  64.318 45.4384 67.6623 9.90919 63.7887 9.16943 45.7952   80.45 30.9897 7.21542 61.2961 42.1865 49.2573 26.9616
64.5179 92.5817 42.5195 60.9882       1 37.6041 41.7711 60.9563 70.7817 44.7814 80.2801 53.5337 42.5549 53.7193 51.7358 15.8065 44.0314 33.8822  76.305 39.8645 32.7077 16.3666 115.115  132.99 46.5165 39.7711 27.0443 56.6914       8 44.9886 47.6883 60.2815 86.9463 24.7077 6.75317 106.846  124.99 68.5708  32.894  40.074       0 73.4872 10.1079 62.9209       4 70.6107  35.057 22.8055   88.64 65.3709 89.3442 65.9124 31.0547 51.7814
9.07371 73.5971 35.5757 39.4908 72.1703 60.8989  47.813 35.8537 51.9588 28.8989 61.3447 22.5899 39.5856 20.4346 33.2883 82.2172 61.1545 44.5573 3.17989 60.1207 61.2053 57.4466 36.0562 60.0868  30.575 47.1311 49.1184 30.3117  74.873 62.6827 27.8533 41.3447 67.9465 55.2651 66.7359 33.9405 52.0868 45.7363 32.4059 45.4157 73.1683       0 76.5114 38.8066 72.6177 51.6853  57.069 89.2192 69.6615 46.4472      16 27.0463 58.4637 21.8992
67.6067 54.7226 45.6666 64.1348 9.94713 40.7418 44.9173 64.1003 74.0391 47.9017 83.4219  56.688 45.6964 56.8664 54.8797       6  47.172 37.0236 79.3951 43.2348 27.6684 20.2433 118.297 136.122 49.5928 42.9173 30.1879 59.8641       5 48.1348 50.7845  63.422 90.1557  28.002 10.1888 109.962 128.122 71.7139 36.0461 67.6509 9.74384 76.5747       0 66.0677 6.46608 73.7536 38.1995      13 91.8676 68.5224 92.4368 69.0537 34.2457 54.9017
30.0713 43.0764 20.5205       3 61.7266  48.326  27.744       3  21.137 23.7937 31.4445 18.0474 20.9389      25 11.4041 71.7493  48.114 30.0605 41.8559 46.9716 50.4877 46.9962 80.8704  98.706 18.3715 28.2644  38.313 9.07371 64.4229   49.64 19.3363 11.7552 37.3755 44.8156 56.2701 72.4241  90.706       7 30.4162 9.95814 62.7162 39.0399 66.0689       0  62.162 19.0353 44.2059 78.7318 39.2474      15 54.8952 35.9825 47.6762 22.1129
63.7544  91.799 41.7771 60.2431  4.1411 36.8617 41.0289 60.2092 70.0283 10.2161   77.05 52.8042 41.8096 52.9781 50.9923 12.1738 43.2833  33.137 75.5409 39.3464      32 16.2446 114.441 132.298 45.6982 39.0289 26.2979 55.9897       4 44.2445 46.8833 59.5397 49.3475      24 6.13761 106.132 124.298 67.8242 32.1471 63.7647       4 72.7279 6.46267 62.1793       0 69.8649 34.3113 19.1669 87.8597 64.6287 88.5831 14.4066 30.3219 51.0781
42.7061 27.1873 28.2711 15.8864 69.4215 55.9945 35.4091 19.7911 6.72313 32.7659 15.9653  29.539 28.6244 36.4819 19.6165 79.5011 55.7738 37.7219 54.4929 48.0951 58.1507 54.6756 93.5344 111.377 26.8912 35.9185  45.981 22.0291 72.1028    57.3 28.5637 11.4071 21.4811  52.496 63.9854 85.0785 94.9207  18.356  38.143 9.13662 70.4025 51.6773 73.7427 18.7516 69.8508       0 51.8905  86.506 23.3658 5.84677 67.5327 48.3136 39.8428  33.057
 48.042 73.9341 24.3627 42.2924 33.8824 4.15583  22.311 42.4403  52.186 28.1366 61.5899 36.5003 23.5167 37.6832 33.3469 43.9227      11   14.44 59.8256 5.40291 11.1982 19.1081 97.1317 116.641 28.8849  20.311  8.9743 38.8704 36.5596 11.1986 30.5003 41.5899 68.3094   12.55 28.4284 90.4082 108.641 49.8714 16.1366 45.8158 34.8645 57.0063 28.1681 44.2402  34.308 51.9158       0 50.9208 69.9712 46.6903 72.8675 49.8719       9 35.1366
80.1609 108.416 58.2385 76.7038 22.5234  53.328 57.4897 76.6732 86.6088 60.4343 46.4449 69.2521 58.2717 69.4366 67.4507       7  59.746 49.5993 91.9438 55.8079 48.5619 32.8112 130.946 148.756 62.2397 55.4897 42.7588 72.3904      18 60.7061 63.4854 75.9942 98.5711 40.5619 22.7627 122.539 140.756 84.2853 48.6257 80.2248 22.6743  89.125      13 78.6393  19.042  86.326 50.7754       0 104.415 81.0898 104.989 81.6222 46.7901 67.4343
50.8987 8.26538 46.1643 36.3232  87.304 73.8924 53.2893 39.1366 18.1552 50.6584 8.28784  47.433 46.5101 54.3755  37.509  97.424 73.6687 55.6156 72.3858  72.652 76.0439 72.5696  111.35  129.18 44.7838 53.8085 63.8736 39.9327 89.9953 75.1945 46.4561 28.2446 2.83043 70.3884 81.8628 102.967  121.18 40.7518 56.0354 31.0939  88.282 69.5697 91.6419 39.3232 87.7365 23.4001  69.766 104.438       0 24.3232 85.4256 66.2096  73.231 50.9516
37.4276 28.0218 22.9958      12 64.1269 34.0674 30.1262  15.399 6.13761  27.489  16.561 24.2639 23.3542 31.2089 14.3396 74.1542 50.5035  32.454 49.2129 49.3114 52.8802  49.401 88.2339 106.079 21.5013 30.6814  40.709 16.7596 66.8294 52.0301 23.2867 5.65724 22.3754 47.2221 58.6826 79.8298  98.079 16.7622 32.8671 7.22602 65.1102 46.3952 68.4685      15 64.5758 5.84011 46.6045 81.1429 24.2475       0 62.2539 43.0406 50.0675 27.7828
25.0463 89.5147 51.4408 55.3401 88.0607 76.7562 63.8187  51.704 67.7706 34.4971 77.2056 38.4397 55.4356 36.2848 49.1384  98.088 77.0457 60.4292 13.0577 75.9783  77.068 73.3155 27.2554 45.0301 46.3111 62.9573 64.9807 46.1618 90.7406 60.1237 43.7532 57.2056 83.8857 71.1326 82.6242 18.8339 37.0301 61.5865 56.7562 61.2654 89.0486      16 92.3801  54.657 88.4853 67.5312 53.5482 105.087 85.6036 62.2721       0 43.0463 74.3411 37.7562
     18 70.3346  29.427 36.4224 64.7687  53.938 41.4787 32.7947 48.6169 21.9328 58.0144 18.8087 33.6218 12.2108 29.5468 74.8611 54.2576 37.7438      30 53.0709 53.7163  49.981 69.0478 86.8822 24.9379 40.6456 41.6479 27.2257 67.4068 55.7849 22.1093 35.8604 64.6609 47.7989 59.2596 60.7055 78.8822 42.6827  33.938 42.1834 65.7228  27.047 69.0446 35.7494 65.1478 48.3466 50.0905 81.7893 66.3791 41.3489  43.047       0 51.0272 15.8164
  49.69 77.3604  27.475 45.7075 29.7509 8.95982  25.747 45.8102 55.5178 29.9412 65.0028  38.806 26.9528 38.8707 36.6295 39.8967      20 17.8729 61.4795 14.1606 2.82844 14.6186 100.392 118.256 31.7119  23.747 9.44477 41.9531 32.4933 20.1212 32.9269 45.0027 71.6548 6.36917 24.3624 51.3261 110.256 53.2855 18.1326 49.2286 30.7392 58.6601 34.1292 47.6563 30.2423 55.3285       9 46.7709 73.3393 50.1104 74.5156 44.5869       0 36.9412
 12.931 55.1995 13.9565 22.0463 50.4758      39 26.1831  19.127  33.306       7 42.7404 4.14429 18.0384 3.61879 13.9501 60.4917  37.529 22.7077 24.7167 38.1193 39.4811 35.7148 63.6915 81.4916  9.2229 25.4145 27.3861 13.0586 53.1411 40.8427 6.40661 22.7404 49.3961 32.6829 45.0184 55.3056 73.4916 29.0919      19 26.9668 51.4557 21.8988 54.7826 22.1143 50.8858 33.0726 35.1694 67.4873 51.0705 27.5142 37.7583 15.8274 36.7356       0


dist cost node
      0 53.2259  21.095 19.7231 24.2074 48.2597 32.7567 15.6525  32.249 16.7631 40.1622 8.06226 24.5153 10.6301 16.1245  27.313 44.5533 31.0161      12 46.0109 48.3839 34.4819      40 52.2015 16.0312 32.3883 36.8782 11.3137 17.8045 46.5296 14.0357 22.2036 47.1699 40.8534 25.6125      34 46.0109      25 28.4429 26.4008 23.6008 9.05539 21.9545 18.3848 20.5183 33.3017 44.1814 33.8378 48.3839 27.8029   25.02      18 45.8803 10.2956
53.2259       0 34.2053 38.4708 53.4135      28 22.6274 41.9762 21.1896 42.5206 14.1421 46.6476      30 51.4004 37.1618 41.0488 16.4924 29.4109 49.2443 22.0907 38.0526 43.8634  25.632      10  38.833 24.0832 33.2415   42.72 48.0833 16.1245 41.6173 31.6228  7.2111 39.2938 48.0104 32.7567 16.1245 41.0122 34.4093 32.0624  54.037 50.9608 44.6878 41.4367 50.9902 23.0217 27.2947 37.5766 8.24621 26.6833 49.0408 63.1269 36.2215 48.0104
 21.095 34.2053       0 18.6011 21.8403 27.8927  12.083 18.4391 15.6525 8.60233 20.2485 13.3417 4.24264 17.2047 9.21954 13.6015 23.5372 10.4403 23.2594   25.02 30.2324 21.0238 30.1496  35.805 5.09902 11.4018 18.0278 14.3178 14.7648 25.4951 7.61577 11.4018 27.4591 24.0416 18.0278 28.4429 31.7805 26.0768 9.89949 19.6469 22.1359 23.0868 13.1529 20.5183 18.3848 20.3961 23.7697 17.0294  28.178 15.0333 31.8277      29 27.4591 13.8924
19.7231 38.4708 18.6011       0 36.3456  43.909 24.1661 4.24264 18.0278 22.8035 28.2843 18.1108 18.4391 25.1794 9.84886 31.7648 35.4401 27.6586 11.1803 39.3954 48.1664 39.4462 20.5183 34.9285  17.088 25.0599 36.0694 9.21954 28.2843 37.3631 18.4391 8.94427      34 42.5206 34.4819 14.3178 27.7849 7.61577 28.4253  7.2111 36.2215 13.6015 29.4109       3  32.249 15.8114 39.9625  35.609 36.0555      12 13.6015 36.4005 45.3431 22.0227
24.2074 53.4135 21.8403 36.3456       0 35.8469 31.0644 33.9559 37.3363 14.0357 39.4081 19.3132  25.632 13.6015 27.0185 12.8062 38.9487 24.0832 34.4384 36.8917  31.257 15.1327  51.788 56.8243  20.025 29.4109 23.7065 27.8927 8.06226 40.4599 18.0278 32.1403 46.2277 23.3452 5.83095 49.0102 53.4883 43.7379  19.105 40.0125       1  32.249 8.94427 36.8782 4.12311 42.2019 32.6497 18.7883 46.0109 36.6742 46.8188 15.0333 29.6142 15.2315
48.2597      28 27.8927  43.909 35.8469       0      20 45.1885      29      32 20.5913 40.1995      26 41.1096 36.4005 23.7697 12.6491 17.4642 50.9215 6.32456  10.198 21.6333 44.1022 36.4966 32.5576  18.868 12.3693 42.0595 34.5254 12.1655 34.2345 34.9857 22.3607 14.1421 30.0832 47.4236 38.6264 50.2195      20 41.2311 36.7696 50.9608 29.6142 46.5296 35.4401 35.4683 4.12311  17.088 20.0998 34.0588 57.4543 49.7293 8.94427      39
32.7567 22.6274  12.083 24.1661 31.0644      20       0 25.9615 9.84886      20 8.48528 25.2982 8.24621 29.1548 18.0278 19.3132      12 8.06226 32.3883 15.2315 26.0768 24.0832 26.2488      26  17.088       2 15.5242 24.0208 25.4558      14 19.6977 15.2315 15.6205 22.8035 25.9422 28.0179 24.0832 30.2324 12.6491 21.2603 31.6228 33.0606 22.2036 26.9258 28.4253 16.5529 16.2788      18 16.1245 14.1421 37.5899 40.6079 23.3238 25.9422
15.6525 41.9762 18.4391 4.24264 33.9559 45.1885 25.9615       0  21.095 21.0238 31.0161 15.0333 19.2354      22 9.21954 30.8058 37.6563 28.3019 7.28011 41.1096 48.6004 38.6005 24.7588 38.9102 15.8114 26.5707 36.4005 6.08276 25.9615 39.6232 16.5529 11.0454 37.1214   42.45 32.6956 18.3576 31.9061      10 28.3196 11.4018 33.7343 9.43398 27.7308       3 29.8329 19.6977 41.1461 35.3553 39.0128 15.2971 13.6015 32.7567 45.8039  19.105
 32.249 21.1896 15.6525 18.0278 37.3363      29 9.84886  21.095       0 24.1868 10.4403 26.2488 11.7047 31.8904 16.1245 27.1662 18.3576 17.2627 28.2843 23.4307 35.8469 33.0606 16.4924 20.5183 19.2094 11.7047 25.2982 21.5407 30.4138 20.1246 22.0227 10.4403 16.0312  32.573 32.9848 18.4391 16.1555 22.4722      21      13 37.6962 29.8329 28.4605 21.0238 34.0147  6.7082 25.6125 27.2947 18.0278 6.08276 30.3645 44.0454  33.121 28.3196
16.7631 42.5206 8.60233 22.8035 14.0357      32      20 21.0238 24.1868       0 28.4253 8.94427 12.8062 9.48683 13.1529 10.8167 30.4631 15.5242 23.3452 30.5941 31.6228 18.4391  37.855 44.4072       6  18.868 20.2237 15.2643 6.32456  32.311 4.47214 18.1108  35.609 24.1661 11.7047      35 40.2492 30.3645      12      26 14.1421 22.0227  6.7082 23.7697  10.198 28.4605 28.0179  17.088 36.0555 22.8035 34.4819 20.6155 29.1204       7
40.1622 14.1421 20.2485 28.2843 39.4081 20.5913 8.48528 31.0161 10.4403 28.4253       0 33.1059 16.1245 37.4433 24.5153 27.2947 8.48528 15.6525 38.0132 14.4222 29.1204 31.0483 23.6008 18.4391 25.0599      10  21.095 30.4138 33.9411      10 27.7849      20  7.2111      28 34.1321 27.8029 18.4391 32.8938 20.5913 23.4094      40 39.2046 30.6105  31.257 36.8782 15.8114 18.0278 24.7386 8.24621 16.4924 40.8044 49.0408 26.6833 34.1321
8.06226 46.6476 13.3417 18.1108 19.3132 40.1995 25.2982 15.0333 26.2488 8.94427 33.1059       0  17.088 7.07107 10.8167 19.7231 36.8782      23 15.2643 38.0526 40.4969 27.2029 36.6742 46.6905 8.24621 24.7386 28.8617       9 11.6619  38.833       6 17.2047 40.2492 33.1059 19.2094 32.0156 41.2311   25.02 20.3961 23.4094 18.9737 13.4536 14.8661 18.0278 15.2315 28.6007 36.1248      26 41.2311 22.8035 27.5136 18.7883 37.9473 4.12311
24.5153      30 4.24264 18.4391  25.632      26 8.24621 19.2354 11.7047 12.8062 16.1245  17.088       0 21.4009 10.4403 16.0312 20.0998 9.21954      25 22.3607 29.7321 22.8035      27 31.6228 8.94427       8 17.6918 16.2788  18.868 22.0907 11.6619      10 23.3238 24.4131 21.3776 26.2488 27.8568 25.4951 10.7703 17.8885      26  25.318 16.7631 20.8087 22.3607 17.0294 21.9317 17.8885 24.1661 12.1655 32.0156 33.2415 26.9072 18.0278
10.6301 51.4004 17.2047 25.1794 13.6015 41.1096 29.1548      22 31.8904 9.48683 37.4433 7.07107 21.4009       0 17.4642 18.2483 39.9249      25 21.1896  40.025 39.6232 24.6982 43.4626 52.4023 12.7279  28.178      29 16.0312 7.61577 41.7852 9.89949 23.7065 44.6542 31.7805 15.2643 39.0512 47.4342      32 21.2132 30.3645 13.0384 18.7883 12.3693      25 9.89949 34.9857 37.2156 25.1794 45.2769 29.1548 33.9559 12.2066 37.3363 3.60555
16.1245 37.1618 9.21954 9.84886 27.0185 36.4005 18.0278 9.21954 16.1245 13.1529 24.5153 10.8167 10.4403 17.4642       0 21.9545 30.0167 19.2354 14.5602 32.7567 39.4081 29.6816      26 36.2353 7.28011 18.2483 27.2029       6      19 32.0156       9 6.40312 31.3209 33.2415 24.7386 22.0907 30.4795 17.4642  19.105 13.1529      27 15.0333 19.6469 11.4018      23 17.8045  32.311 26.1725 32.7567 12.0416 22.6716 29.5296 36.6197 13.9284
 27.313 41.0488 13.6015 31.7648 12.8062 23.7697 19.3132 30.8058 27.1662 10.8167 27.2947 19.7231 16.0312 18.2483 21.9545       0 26.1725 11.6619 33.9706 24.1868 21.3776 7.81025 43.0116   45.31      15 17.4642 11.4018 25.4951      11 27.6586 14.8661      25 33.8378 13.6015 7.07107 41.9762 42.9535 39.3573  6.7082 33.2415 13.6015 32.8024       6 33.2866 11.7047      33 20.2485       7 33.4215 28.1603 44.4072 25.9615  19.105  17.088
44.5533 16.4924 23.5372 35.4401 38.9487 12.6491      12 37.6563 18.3576 30.4631 8.48528 36.8782 20.0998 39.9249 30.0167 26.1725       0 15.2643 44.2832 6.32456 22.0907 27.7849 32.0156 24.0832 28.6356 12.1655      17 36.0139 34.9857       2 31.0483 26.6833      10 22.8035 33.2415 36.2353      26 40.7185      20  31.305 39.6989 45.0444 30.8058 38.3275 37.2022 24.2074      11 21.6333 8.24621 24.1661 48.4665 50.6063      20      37
31.0161 29.4109 10.4403 27.6586 24.0832 17.4642 8.06226 28.3019 17.2627 15.5242 15.6525      23 9.21954      25 19.2354 11.6619 15.2643       0 33.6155 15.1327 20.5183 16.0312 33.7343 33.8378 15.1327 6.08276 8.60233 24.6982 19.7231      17      17  19.105 22.2036 15.6525 18.6011 34.4384 32.1403 34.6554       5 26.6271 24.7588 33.5261 15.6205      30 22.0227 23.7697 13.3417 10.0499 21.9317 20.1246 41.2311 35.3553 17.6918 22.3607
     12 49.2443 23.2594 11.1803 34.4384 50.9215 32.3883 7.28011 28.2843 23.3452 38.0132 15.2643      25 21.1896 14.5602 33.9706 44.2832 33.6155       0 47.2969 53.3385 41.7253  31.241 46.0977 19.4165 32.7567 41.1825 8.94427 26.9258 46.2709  19.105 18.0278 44.2832 46.6154 34.4093 24.0832 38.9487 13.8924 32.7567 18.3576 34.0147 3.16228 29.8329 8.60233 30.4138 26.9258 46.8188 39.4081 46.0977  22.561 13.0384      30 50.6063 19.2354
46.0109 22.0907   25.02 39.3954 36.8917 6.32456 15.2315 41.1096 23.4307 30.5941 14.4222 38.0526 22.3607  40.025 32.7567 24.1868 6.32456 15.1327 47.2969       0      16 24.0832 38.0132 30.2655      30 14.5602 13.4536 38.6394  34.176       6 32.0624 30.4631 16.1245 17.8885 31.0644 41.7253  32.311 45.2769 18.9737 36.0555 37.7359  47.676 29.5466 42.1545 35.7771 29.6985 5.38516 18.4391      14 28.8444 52.7731 49.7695 14.1421 37.4833
48.3839 38.0526 30.2324 48.1664  31.257  10.198 26.0768 48.6004 35.8469 31.6228 29.1204 40.4969 29.7321 39.6232 39.4081 21.3776 22.0907 20.5183 53.3385      16       0 16.1245 51.8941 46.1736      34 24.4131 12.2066 44.4185  32.249      22 34.9285  39.598 32.0624       8 26.0192 54.0833 47.5395 55.1543 20.5913 46.8615  32.249 52.7731 27.2947  50.448      32 42.5441 11.1803 14.5602      30      40 61.7171 46.0977 2.82843 38.3275
34.4819 43.8634 21.0238 39.4462 15.1327 21.6333 24.0832 38.6005 33.0606 18.4391 31.0483 27.2029 22.8035 24.6982 29.6816 7.81025 27.7849 16.0312 41.7253 24.0832 16.1245       0  49.366 49.4773 22.8035 22.0907 10.8167 33.3017  17.088 28.8444 22.6274  32.311 36.7696 8.24621 10.0499 49.0408 48.1664 47.0106 12.1655 40.4969 16.1245 40.4599   12.53 41.0488 16.1245 39.3192  19.105 6.32456 35.7771 34.9285 52.2015 30.0167 14.5602 24.1868
     40  25.632 30.1496 20.5183  51.788 44.1022 26.2488 24.7588 16.4924  37.855 23.6008 36.6742      27 43.4626      26 43.0116 32.0156 33.7343  31.241 38.0132 51.8941  49.366       0 18.0278 32.0156 28.1603 41.7612 28.8444 44.1475 33.3017 34.4819 19.9249      25 49.0408 48.1664 8.24621 10.0499 18.7883 37.2156 13.6015 51.9711 33.9706 43.2897 22.6716 48.0521 10.0499 41.1825 43.7379 27.8029 15.1327 25.9615 55.4617 49.2443 39.9249
52.2015      10  35.805 34.9285 56.8243 36.4966      26 38.9102 20.5183 44.4072 18.4391 46.6905 31.6228 52.4023 36.2353   45.31 24.0832 33.8378 46.0977 30.2655 46.1736 49.4773 18.0278       0 39.6989 27.8568 39.4588 41.0488 50.4777 24.3311 42.5206      30 14.1421 46.1736 51.8941 26.0192       8 35.6931 38.6264 27.8568 57.3062 48.3011 47.8853 37.6962 53.8516 19.2354 35.0571 43.1741 16.4924 24.4131 43.4166 64.5368 44.0454 48.8365
16.0312  38.833 5.09902  17.088  20.025 32.5576  17.088 15.8114 19.2094       6 25.0599 8.24621 8.94427 12.7279 7.28011      15 28.6356 15.1327 19.4165      30      34 22.8035 32.0156 39.6989       0 16.4924 21.9317 10.6301 12.1655 30.5941 2.82843 12.1655  32.249 27.2029 17.4642      29 34.9857 24.6982 13.4164      20 20.0998 18.7883 12.3693 18.3576 16.1245 22.8473 28.4429      20 33.1059  17.088 29.4109 24.8395  31.305 9.21954
32.3883 24.0832 11.4018 25.0599 29.4109  18.868       2 26.5707 11.7047  18.868      10 24.7386       8  28.178 18.2483 17.4642 12.1655 6.08276 32.7567 14.5602 24.4131 22.0907 28.1603 27.8568 16.4924       0 13.6015 24.1868 24.0832 14.1421 18.9737 16.1245 16.9706 20.8806 24.1868 29.6816 26.0768 31.4006 10.7703 22.6274      30 33.2415 20.6155 27.7308 26.9072 18.3848      15      16 17.2047 15.6205 38.5876 39.4081 21.6333 25.0799
36.8782 33.2415 18.0278 36.0694 23.7065 12.3693 15.5242 36.4005 25.2982 20.2237  21.095 28.8617 17.6918      29 27.2029 11.4018      17 8.60233 41.1825 13.4536 12.2066 10.8167 41.7612 39.4588 21.9317 13.6015       0  32.249 22.2036 18.0278 23.0868 27.6586 26.2488 7.28011 17.8885 42.9418 39.0512 43.1856   8.544 35.2278 24.5967 40.7185 17.2627 38.2884 23.0868 31.9531 8.94427       5 25.0799 28.6531 49.5782 37.3631 9.43398 27.1662
11.3137   42.72 14.3178 9.21954 27.8927 42.0595 24.0208 6.08276 21.5407 15.2643 30.4138       9 16.2788 16.0312       6 25.4951 36.0139 24.6982 8.94427 38.6394 44.4185 33.3017 28.8444 41.0488 10.6301 24.1868  32.249       0 19.9249 38.0132 10.8167 11.1803  37.108 37.8021 26.8328 23.4094 34.7131 16.0312 23.8537 15.2643 27.6586 9.05539 21.9545 9.05539 23.7697 22.0227 37.9473 30.6105 38.6394 16.6433 19.2354 27.2029 41.6773 13.0384
17.8045 48.0833 14.7648 28.2843 8.06226 34.5254 25.4558 25.9615 30.4138 6.32456 33.9411 11.6619  18.868 7.61577      19      11 34.9857 19.7231 26.9258  34.176  32.249  17.088 44.1475 50.4777 12.1655 24.0832 22.2036 19.9249       0 36.7151      10 24.3311 41.0366 24.3311 7.81025 41.0488 46.5188 35.6931 15.2315 32.0624       8      25       5 28.8617       4 34.7851 30.8058      18 41.2311 29.1204      39 15.6525 30.0666 7.81025
46.5296 16.1245 25.4951 37.3631 40.4599 12.1655      14 39.6232 20.1246  32.311      10  38.833 22.0907 41.7852 32.0156 27.6586       2      17 46.2709       6      22 28.8444 33.3017 24.3311 30.5941 14.1421 18.0278 38.0132 36.7151       0 32.9848 28.6356  10.198 23.4094 34.7131 37.8021 26.8328 42.5441 21.6333 33.1059 41.2311 47.0425   32.45 40.2616  38.833  25.807 11.1803 22.8035       8      26 50.3289 52.3546 20.0998 38.8973
14.0357 41.6173 7.61577 18.4391 18.0278 34.2345 19.6977 16.5529 22.0227 4.47214 27.7849       6 11.6619 9.89949       9 14.8661 31.0483      17  19.105 32.0624 34.9285 22.6274 34.4819 42.5206 2.82843 18.9737 23.0868 10.8167      10 32.9848       0 14.5602 34.9857 27.7849 16.1555 31.0644 37.7359 25.9615 14.5602 22.0907      18 18.0278 11.1803 19.3132      14 25.4951 30.1496 20.5913 35.7771 19.6977 30.0167 22.0227  32.311 6.40312
22.2036 31.6228 11.4018 8.94427 32.1403 34.9857 15.2315 11.0454 10.4403 18.1108      20 17.2047      10 23.7065 6.40312      25 26.6833  19.105 18.0278 30.4631  39.598  32.311 19.9249      30 12.1655 16.1245 27.6586 11.1803 24.3311 28.6356 14.5602       0 26.3059 34.4093 29.0689 17.1172 24.0832 15.5563 20.5913 8.24621  32.249 19.4165 24.0208 11.7047 28.2843 11.4018 31.0644 27.7849 28.0713 5.65685 22.4722 35.8469 36.7696 20.1246
47.1699  7.2111 27.4591      34 46.2277 22.3607 15.6205 37.1214 16.0312  35.609  7.2111 40.2492 23.3238 44.6542 31.3209 33.8378      10 22.2036 44.2832 16.1245 32.0624 36.7696      25 14.1421  32.249 16.9706 26.2488  37.108 41.0366  10.198 34.9857 26.3059       0 32.5576 40.8044 30.8707 17.2047 37.6563 27.2029 28.2843 46.8615 45.7056 37.5366      37 43.8634 19.6469      21 30.4631 2.82843      22 45.7056 56.2228      30 41.3401
40.8534 39.2938 24.0416 42.5206 23.3452 14.1421 22.8035   42.45  32.573 24.1661      28 33.1059 24.4131 31.7805 33.2415 13.6015 22.8035 15.6525 46.6154 17.8885       8 8.24621 49.0408 46.1736 27.2029 20.8806 7.28011 37.8021 24.3311 23.4094 27.7849 34.4093 32.5576       0 18.0278 50.0899 46.1736 49.8197 14.1421   42.19 24.3311  45.793 19.4165 44.5533      24 39.2173   12.53  7.2111 31.0483 35.7771 55.8659 38.1182 6.32456 30.6757
25.6125 48.0104 18.0278 34.4819 5.83095 30.0832 25.9422 32.6956 32.9848 11.7047 34.1321 19.2094 21.3776 15.2643 24.7386 7.07107 33.2415 18.6011 34.4093 31.0644 26.0192 10.0499 48.1664 51.8941 17.4642 24.1868 17.8885 26.8328 7.81025 34.7131 16.1555 29.0689 40.8044 18.0278       0 46.1736 49.0408 42.0595 13.6015 37.2156  6.7082 32.6497 5.09902 35.4683 6.08276 38.3275 26.8328      13 40.4599 33.0606 46.0652 20.0998 24.1868 15.5563
     34 32.7567 28.4429 14.3178 49.0102 47.4236 28.0179 18.3576 18.4391      35 27.8029 32.0156 26.2488 39.0512 22.0907 41.9762 36.2353 34.4384 24.0832 41.7253 54.0833 49.0408 8.24621 26.0192      29 29.6816 42.9418 23.4094 41.0488 37.8021 31.0644 17.1172 30.8707 50.0899 46.1736       0 18.0278 10.8167      37       9 49.0408 27.0185 41.1096 15.8114 45.0444 12.0416 44.0454 44.0114  33.541 14.3178   17.72 50.5964 51.3128 35.6931
46.0109 16.1245 31.7805 27.7849 53.4883 38.6264 24.0832 31.9061 16.1555 40.2492 18.4391 41.2311 27.8568 47.4342 30.4795 42.9535      26 32.1403 38.9487  32.311 47.5395 48.1664 10.0499       8 34.9857 26.0768 39.0512 34.7131 46.5188 26.8328 37.7359 24.0832 17.2047 46.1736 49.0408 18.0278       0 27.8927 36.4966 20.5913 53.8516 41.3401 44.5982 30.4138 50.1597 12.7279 36.4005 42.0476      20 18.4391 35.5106 59.6406 45.1221 43.8292
     25 41.0122 26.0768 7.61577 43.7379 50.2195 30.2324      10 22.4722 30.3645 32.8938   25.02 25.4951      32 17.4642 39.3573 40.7185 34.6554 13.8924 45.2769 55.1543 47.0106 18.7883 35.6931 24.6982 31.4006 43.1856 16.0312 35.6931 42.5441 25.9615 15.5563 37.6563 49.8197 42.0595 10.8167 27.8927       0  35.805 9.48683  43.566      17      37       7 39.6232 18.1108 46.4004 43.0116  40.025 16.5529 8.06226 42.5793 52.3259 29.0689
