      0 64.6705 26.6225 30.5287 63.2418 51.9504 38.7629 26.8932 42.8779 19.9504 52.4155 13.6302 30.5537 11.4645 80.1869 60.7205 37.4782  25.047      18 49.5013 12.9486
64.4601       0 50.0291 38.6561 91.1675 77.7387 57.1729 43.0056 21.8516 54.5235 14.1424 51.2984 50.3566 58.2433 108.189 8.26731 28.0045 89.2881 70.0747 77.0971 54.8169
26.4911 50.2727       0 18.6562 41.3118 28.4196 12.1944  18.443 15.7318 8.61246 37.9546  13.418 4.24275 17.2288 58.3135 46.2203 23.0452 51.3191 29.4207 27.4669 13.9393
30.5431 40.0764 18.6642       0 59.8262 46.4175 25.8297 4.24285  18.137 22.8245 28.4445 18.1323 18.9954 25.2023 73.8463 36.2474      12 55.3689 36.4268 45.7377  22.047
 63.512 91.5634  41.537 60.0068       0 36.6295 40.7884 59.9694 69.8666 43.8359 79.3061   52.64 41.5694 52.7356 22.6132 87.6398 64.4239 88.3375 64.9208    30.1 50.8359
51.9309 78.2358 28.6121 46.4912  36.412       0 26.5109 46.6354 56.3652      32 65.7999 40.7172 27.7162 41.5784 53.4542 74.1287 50.8635 76.7583 53.3042 8.96586      39
38.6681 57.5712 12.1634 25.9059 40.6184 26.4558       0  26.288 35.7825  20.024 45.2141 25.4087 8.30261  29.287 57.6082 53.6004  30.268  63.495 41.4755 25.2245 26.1509
27.0744 43.2169 18.4427 4.24275 59.7571 46.5194 26.1751       0 21.3666 21.0445  31.137 15.0526 19.3681      22 76.8212 39.1694 15.5792 51.8971  32.989 45.8105 19.1257
42.7816 21.5002 27.5848   18.17 69.5355 56.0761 35.4872 21.2446       0  32.842 10.4913 29.6169 28.6884 36.5618 86.5897 18.1151 6.16999 67.6104 48.3937 55.4161 33.1355
19.9309 54.8782  8.6063  22.827  42.319      32 20.0106 21.0491 33.0688       0 42.4568  9.0059 12.8081 9.64394 60.4873 50.8795 27.5391 44.7583 21.8323 29.7356       7
52.3752 14.1422  37.941 28.7459    79.1 64.0288 45.1293   31.17 10.6055 42.4346       0 39.2094 38.2559  46.152 96.1723 8.37515 16.7465 77.2032 57.9862 65.0084  42.728
13.6238 51.5374 13.5793 18.1311 52.0569 40.4444 25.6612 15.0533 29.8365  8.9743 39.2345       0 17.3008 7.09023 69.0843  47.607 24.3316 38.4521 18.8124 38.3197  4.1411
30.4873 50.6084 4.24285 18.9789 41.3727  27.598  8.3898 19.4106  28.784   12.81 38.2781 17.2124       0 21.4193 58.3254 46.6075 23.4047 55.3138 33.6128 26.9574 18.0327
11.4457 58.4836 17.2332  25.201 52.5325 41.7244 29.3178      22 31.8981  9.7915 46.1757 7.08915 21.4252       0 69.6053 54.5977 31.2577 36.2764  12.217 38.8071 3.61189
80.1609 108.416 58.2385 76.7038 22.5234  53.328 57.4897 76.6732 86.6088 60.4343 95.9942 68.7155 58.2717 69.4366       0 104.415 81.0898 104.989 81.6222 46.7901 67.4343
60.5988 8.26538 46.1643 36.3232  87.304 73.8924 53.2893 39.1366 18.1552 50.6584 8.28784  47.433 46.5101 54.3755 56.6542       0 24.3232 85.4256 66.2096  73.231 50.9516
37.4276 28.0218 22.9958      12 64.1269 50.7038 30.1262  15.399 6.13761  27.489  16.561 24.2639 23.3542 31.2089 81.1429 24.2475       0 24.6739 43.0406 50.0675 27.7828
25.0463 89.5147 51.4408 55.3401 88.0607 76.7562 63.8187  51.704 67.7706 44.7562 77.2056 38.4397 55.4356 36.2848 105.087 85.6036 62.2721       0 43.0463 74.3411 37.7562
     18 70.3346  29.427 36.4224 64.7687  53.938 41.4787 32.7947 48.6169 21.9328 58.0144 18.8087 33.6218 12.2108 81.7893 66.3791 43.1148  43.047       0 51.0272 15.8164
  49.69 77.3604  27.475 45.7075 29.7509 8.95982  25.747 45.8102 55.5178 29.9412 65.0028  38.806 26.9528 38.8707 46.7709 73.3393 50.1104 74.5156 51.0622       0 36.8332
 12.931 55.1995 13.9565 22.0463 50.4758      39 26.1831  19.127  33.306       7 42.7404 4.14429 18.0384 3.61879 67.4873 51.0705 27.8592 37.7583 15.8274 36.7356       0


dist cost node

      0 53.2259  21.095 19.7231 24.2074 48.2597 32.7567 15.6525  32.249 16.7631 40.1622 8.06226 24.5153 10.6301 33.8378 48.3839 27.8029   25.02      18 45.8803 10.2956
53.2259       0 34.2053 38.4708 53.4135      28 22.6274 41.9762 21.1896 42.5206 14.1421 46.6476      30 51.4004 37.5766 8.24621 26.6833 49.0408 63.1269 36.2215 48.0104
 21.095 34.2053       0 18.6011 21.8403 27.8927  12.083 18.4391 15.6525 8.60233 20.2485 13.3417 4.24264 17.2047 17.0294  28.178 15.0333 31.8277      29 27.4591 13.8924
19.7231 38.4708 18.6011       0 36.3456  43.909 24.1661 4.24264 18.0278 22.8035 28.2843 18.1108 18.4391 25.1794  35.609 36.0555      12 13.6015 36.4005 45.3431 22.0227
24.2074 53.4135 21.8403 36.3456       0 35.8469 31.0644 33.9559 37.3363 14.0357 39.4081 19.3132  25.632 13.6015 18.7883 46.0109 36.6742 46.8188 15.0333 29.6142 15.2315
48.2597      28 27.8927  43.909 35.8469       0      20 45.1885      29      32 20.5913 40.1995      26 41.1096  17.088 20.0998 34.0588 57.4543 49.7293 8.94427      39
32.7567 22.6274  12.083 24.1661 31.0644      20       0 25.9615 9.84886      20 8.48528 25.2982 8.24621 29.1548      18 16.1245 14.1421 37.5899 40.6079 23.3238 25.9422
15.6525 41.9762 18.4391 4.24264 33.9559 45.1885 25.9615       0  21.095 21.0238 31.0161 15.0333 19.2354      22 35.3553 39.0128 15.2971 13.6015 32.7567 45.8039  19.105
 32.249 21.1896 15.6525 18.0278 37.3363      29 9.84886  21.095       0 24.1868 10.4403 26.2488 11.7047 31.8904 27.2947 18.0278 6.08276 30.3645 44.0454  33.121 28.3196
16.7631 42.5206 8.60233 22.8035 14.0357      32      20 21.0238 24.1868       0 28.4253 8.94427 12.8062 9.48683  17.088 36.0555 22.8035 34.4819 20.6155 29.1204       7
40.1622 14.1421 20.2485 28.2843 39.4081 20.5913 8.48528 31.0161 10.4403 28.4253       0 33.1059 16.1245 37.4433 24.7386 8.24621 16.4924 40.8044 49.0408 26.6833 34.1321
8.06226 46.6476 13.3417 18.1108 19.3132 40.1995 25.2982 15.0333 26.2488 8.94427 33.1059       0  17.088 7.07107      26 41.2311 22.8035 27.5136 18.7883 37.9473 4.12311
24.5153      30 4.24264 18.4391  25.632      26 8.24621 19.2354 11.7047 12.8062 16.1245  17.088       0 21.4009 17.8885 24.1661 12.1655 32.0156 33.2415 26.9072 18.0278
10.6301 51.4004 17.2047 25.1794 13.6015 41.1096 29.1548      22 31.8904 9.48683 37.4433 7.07107 21.4009       0 25.1794 45.2769 29.1548 33.9559 12.2066 37.3363 3.60555
33.8378 37.5766 17.0294  35.609 18.7883  17.088      18 35.3553 27.2947  17.088 24.7386      26 17.8885 25.1794       0 29.5296 29.7321 48.8365 32.7567 12.1655 23.7697
48.3839 8.24621  28.178 36.0555 46.0109 20.0998 16.1245 39.0128 18.0278 36.0555 8.24621 41.2311 24.1661 45.2769 29.5296       0 24.0832 48.0521 56.6127 28.0713 42.0595
27.8029 26.6833 15.0333      12 36.6742 34.0588 14.1421 15.2971 6.08276 22.8035 16.4924 22.8035 12.1655 29.1548 29.7321 24.0832       0 24.3516 41.3401 37.2022 25.5539
  25.02 49.0408 31.8277 13.6015 46.8188 57.4543 37.5899 13.6015 30.3645 34.4819 40.8044 27.5136 32.0156 33.9559 48.8365 48.0521 24.3516       0 43.0116 58.8982 31.6228
     18 63.1269      29 36.4005 15.0333 49.7293 40.6079 32.7567 44.0454 20.6155 49.0408 18.7883 33.2415 12.2066 32.7567 56.6127 41.3401 43.0116       0 44.2832 15.8114
45.8803 36.2215 27.4591 45.3431 29.6142 8.94427 23.3238 45.8039  33.121 29.1204 26.6833 37.9473 26.9072 37.3363 12.1655 28.0713 37.2022 58.8982 44.2832       0 35.9026
10.2956 48.0104 13.8924 22.0227 15.2315      39 25.9422  19.105 28.3196       7 34.1321 4.12311 18.0278 3.60555 23.7697 42.0595 25.5539 31.6228 15.8114 35.9026       0

