      1e+20 2.37228e+22  2.3354e+22 2.65957e+22     171.604     168.122     189.623     120.416     162.111     144.471       1e+40 2.37228e+32  2.3354e+32 2.65957e+32
2.37228e+22       1e+20  1.9684e+22 4.70106e+21     170.578     103.325      140.89     132.004     177.609     136.561 2.37228e+32       1e+40  1.9684e+32 4.70106e+31
 2.3354e+22  1.9684e+22       1e+20 2.43516e+22     63.1269     113.991     64.7765     139.989     71.5052     106.024  2.3354e+32  1.9684e+32       1e+40 2.43516e+32
2.65957e+22 4.70106e+21 2.43516e+22       1e+20     216.982       148.6      187.83     171.642     223.573     180.712 2.65957e+32 4.70106e+31 2.43516e+32       1e+40
1.71604e+22 1.70578e+22 6.31269e+21 2.16982e+22       1e+10     70.0071     34.8855     80.5233          12     48.1664     171.604     170.578     63.1269     216.982
1.68122e+22 1.03325e+22 1.13991e+22   1.486e+22     70.0071       1e+10     49.2544     47.8017     75.2928     34.4819     168.122     103.325     113.991       148.6
1.89623e+22  1.4089e+22 6.47765e+21  1.8783e+22     34.8855     49.2544       1e+10     80.2808     45.8803     47.4236     189.623      140.89     64.7765      187.83
1.20416e+22 1.32004e+22 1.39989e+22 1.71642e+22     80.5233     47.8017     80.2808       1e+10     78.4092          34     120.416     132.004     139.989     171.642
1.62111e+22 1.77609e+22 7.15052e+21 2.23573e+22          12     75.2928     45.8803     78.4092       1e+10     48.6621     162.111     177.609     71.5052     223.573
1.44471e+22 1.36561e+22 1.06024e+22 1.80712e+22     48.1664     34.4819     47.4236          34     48.6621       1e+10     144.471     136.561     106.024     180.712
      1e+40 2.37228e+32  2.3354e+32 2.65957e+32 1.71604e+22 1.68122e+22 1.89623e+22 1.20416e+22 1.62111e+22 1.44471e+22       1e+20 2.37228e+22  2.3354e+22 2.65957e+22
2.37228e+32       1e+40  1.9684e+32 4.70106e+31 1.70578e+22 1.03325e+22  1.4089e+22 1.32004e+22 1.77609e+22 1.36561e+22 2.37228e+22       1e+20  1.9684e+22 4.70106e+21
 2.3354e+32  1.9684e+32       1e+40 2.43516e+32 6.31269e+21 1.13991e+22 6.47765e+21 1.39989e+22 7.15052e+21 1.06024e+22  2.3354e+22  1.9684e+22       1e+20 2.43516e+22
2.65957e+32 4.70106e+31 2.43516e+32       1e+40 2.16982e+22   1.486e+22  1.8783e+22 1.71642e+22 2.23573e+22 1.80712e+22 2.65957e+22 4.70106e+21 2.43516e+22       1e+20
