      1e+20 1.64779e+22 1.47679e+22 1.32257e+22 1.20615e+22 1.94165e+22 1.71898e+22     157.724     123.329     201.636     127.122     144.309     151.238     148.499      124.02     124.278     94.3663     100.648     154.616      132.31      143.84     159.138     127.613     136.821     124.471     88.0909     96.5194      95.462     86.6487     95.1315     95.6347     97.6524     137.568     116.078      129.12     129.004     108.301     163.982     164.542     136.682     139.086     119.887      168.44     171.604     128.413     150.748     149.683       1e+40 1.64779e+32 1.47679e+32 1.32257e+32 1.20615e+32 1.94165e+32 1.71898e+32
1.64779e+22       1e+20 2.24722e+21       5e+21 9.50158e+21 3.10483e+21 5.44518e+21     112.379     96.2601     148.489     173.666     159.226     148.839     108.167     77.3369     126.669     102.416     142.359     131.187     80.6598     176.799     106.005     120.917     172.743     91.2853     119.867     127.264     110.059     151.169     127.632     148.223     125.539     131.046     149.807     167.475     132.944     111.252     145.114     99.0051     169.853     159.101     132.654     105.849      136.85     130.115     113.442     118.714 1.64779e+32       1e+40 2.24722e+31       5e+31 9.50158e+31 3.10483e+31 5.44518e+31
1.47679e+22 2.24722e+21       1e+20 2.76586e+21 7.28629e+21 5.29245e+21 4.36807e+21     93.2309     74.2496     132.673     151.344     137.644     127.883     88.1192     55.1725     104.652     80.1124     119.887     111.018      59.203     154.871     87.3155     99.0858     150.655     69.3109     97.5756     104.809     87.6584      128.86      105.19     125.782     103.078     109.636      127.44     145.248     111.072     88.8144      125.24     81.4923     147.801     137.295     110.454     88.5268     118.106     108.245     93.4773     98.4886 1.47679e+32 2.24722e+31       1e+40 2.76586e+31 7.28629e+31 5.29245e+31 4.36807e+31
1.32257e+22       5e+21 2.76586e+21       1e+20 4.52548e+21 7.96492e+21 4.08044e+21     69.6348     46.7547         113     123.693     110.422     101.356     63.2456     27.5862     77.1038     54.1202     92.6607     85.6154     32.6497      127.35     64.6297     71.7008     123.045     41.8688     71.4703     77.8203     61.0983     102.528     78.2943     98.8433     76.0263      82.662     99.8098     117.593     83.6301     61.2944      100.09     61.0082     120.208     109.877      82.807          68     94.5939     80.8084     68.6222     73.1642 1.32257e+32       5e+31 2.76586e+31       1e+40 4.52548e+31 7.96492e+31 4.08044e+31
1.20615e+22 9.50158e+21 7.28629e+21 4.52548e+21       1e+20 1.23709e+22 6.54905e+21     39.8121     3.16228     87.0919     78.8162     65.7343     58.5235     30.4631     17.6918     31.8904     26.2488     50.6952     47.0106     17.2627      82.134     39.4081     26.9258     77.7946           5     37.3631     38.0526     26.9258     64.1249     39.0128     58.0517     36.0555          39     55.2268     72.4707     38.6005      19.105     61.2046     43.9318     74.9533     64.8151     37.6431     48.1664     60.8276      35.805     34.4819     36.3456 1.20615e+32 9.50158e+31 7.28629e+31 4.52548e+31       1e+40 1.23709e+32 6.54905e+31
1.94165e+22 3.10483e+21 5.29245e+21 7.96492e+21 1.23709e+22       1e+20 7.22011e+21     135.871     124.619     166.436     202.514     186.196     174.668     133.056     106.231     154.806     133.015     172.308     155.878     108.231     204.475     129.016     148.678     200.848      119.62     150.479     157.429      140.46     181.747     157.867     178.443     155.653     157.877     178.891      196.01     160.705     140.801     169.145     120.673     197.874     186.561     161.236     127.028     159.261     157.892     138.105     143.684 1.94165e+32 3.10483e+31 5.29245e+31 7.96492e+31 1.23709e+32       1e+40 7.22011e+31
1.71898e+22 5.44518e+21 4.36807e+21 4.08044e+21 6.54905e+21 7.22011e+21       1e+20     65.1153     64.9384      94.921     139.846     119.038     105.802     64.0703     52.1536     91.7606     85.4751     115.918     85.9127     48.2597     138.423          58     84.8646      135.96      60.531      101.02     103.484     90.0222     129.557     104.389     123.471     101.494     91.3017     117.953     132.503     96.2549     84.5931     98.2904     48.9183     132.834     120.441     99.2975          55     87.4586     93.6216     68.6003     74.4043 1.71898e+32 5.44518e+31 4.36807e+31 4.08044e+31 6.54905e+31 7.22011e+31       1e+40
1.57724e+22 1.12379e+22 9.32309e+21 6.96348e+21 3.98121e+21 1.35871e+22 6.51153e+21       1e+10     36.6742     47.4342     81.6149     56.3028     41.5933     9.43398     48.1664     39.8497     64.6375     69.8928      21.095          39     76.2168      7.2111     33.6155     75.1864     37.9473     70.1783     64.6607     62.2896     87.0919     66.0379     78.1089     62.9682          32     64.3817     73.6817     40.3113     49.5177     33.3017     17.4642     72.0347     58.9406     47.5395          15          25     38.6394     7.61577          12     157.724     112.379     93.2309     69.6348     39.8121     135.871     65.1153
1.23329e+22 9.62601e+21 7.42496e+21 4.67547e+21 3.16228e+20 1.24619e+22 6.49384e+21     36.6742       1e+10     83.9345     77.9359     63.8201     56.0803      27.313     19.2094     30.4138          29     50.9902     44.0454      17.088     80.6226     36.4005          25     76.4853           5     39.2173     39.0128     29.0689     65.0077       40.05     58.5491     37.0135     36.6742     54.5894     71.4003     36.8782      20.025     58.3095     41.2311     73.5935     63.1269     36.6197     45.2769     57.7062     34.0588     31.3209     33.2415     123.329     96.2601     74.2496     46.7547     3.16228     124.619     64.9384
2.01636e+22 1.48489e+22 1.32673e+22    1.13e+22 8.70919e+21 1.66436e+22  9.4921e+21     47.4342     83.9345       1e+10     102.181     72.8011     58.1378      56.648      94.921     77.8332     110.941     105.759     47.3814     85.3288     89.2693     49.8197      74.027     92.0489     85.3815       113.6     105.551     107.378     123.065     106.963      113.23     104.235     65.0692      94.578     94.7048     74.3303     94.0319     42.0595     52.0096      89.493          78     83.4865          45     30.4138     74.2496     52.8015     52.4786     201.636     148.489     132.673         113     87.0919     166.436      94.921
1.27122e+22 1.73666e+22 1.51344e+22 1.23693e+22 7.88162e+21 2.02514e+22 1.39846e+22     81.6149     77.9359     102.181       1e+10     29.4109      44.911     78.1025     96.4002     48.3011      76.844     36.2491     63.0079     94.6678     17.4929     88.1192     55.0364     11.3137     82.9277     62.6099     51.1077     68.2422          42     51.4782     35.6931     52.1536       50.01     24.0416           8     43.6578     62.9365     60.8769     98.4784     13.0384     24.5153     41.3401     96.5194     75.3127     46.2385     75.1332     69.7209     127.122     173.666     151.344     123.693     78.8162     202.514     139.846
1.44309e+22 1.59226e+22 1.37644e+22 1.10422e+22 6.57343e+21 1.86196e+22 1.19038e+22     56.3028     63.8201     72.8011     29.4109       1e+10          16     55.0727      83.006     34.4384     73.7564     43.9659     35.9026     78.5684     19.9249     63.3246      38.833      20.025     68.6003          65     53.0377     65.9242     58.1808     54.0833     48.7545          53     28.3196     28.2312     21.9317     27.2947     55.6597     31.5753      73.736     17.1172     5.65685     31.7805     70.6045     46.2709     30.0167     50.9902     45.1885     144.309     159.226     137.644     110.422     65.7343     186.196     119.038
1.51238e+22 1.48839e+22 1.27883e+22 1.01356e+22 5.85235e+21 1.74668e+22 1.05802e+22     41.5933     56.0803     58.1378      44.911          16       1e+10     41.8688      74.686     31.0161          72     51.0392     20.6155     68.7968     35.5106     48.7647     32.5576     36.0139     60.4152     66.9403     55.9732      65.192     67.3573     57.2451     57.4891     55.3624     19.6469     37.4833      37.108     24.1868     53.0094     16.1555     59.0339     33.0606     20.3961       32.28     55.3624     30.4138     26.0192     37.2022     31.4006     151.238     148.839     127.883     101.356     58.5235     174.668     105.802
1.48499e+22 1.08167e+22 8.81192e+21 6.32456e+21 3.04631e+21 1.33056e+22 6.40703e+21     9.43398      27.313      56.648     78.1025     55.0727     41.8688       1e+10     40.0125     33.2415     55.2178     62.8172     23.0217     31.4006      74.686     11.7047     26.4764     72.8011     28.8617     61.2209      56.356     53.0377     79.6994     57.7062     71.0634     54.5894     28.1603     59.0085      70.342     35.1283     40.4599     37.1214     21.0238     69.6419     56.8595     41.1947     21.5407     32.0624     33.0151     5.38516     10.6301     148.499     108.167     88.1192     63.2456     30.4631     133.056     64.0703
 1.2402e+22 7.73369e+21 5.51725e+21 2.75862e+21 1.76918e+21 1.06231e+22 5.21536e+21     48.1664     19.2094      94.921     96.4002      83.006      74.686     40.0125       1e+10     49.5177     33.3766     66.8506     60.6383     9.84886     99.7647     45.1221     44.2041      95.483     14.4222     49.0408     52.8867     38.0526     78.6448     53.6004     73.6817     50.9608     55.5698     72.6705     90.1388     56.0803     34.9285     75.1864      45.618     92.6337     82.3286     55.3173     51.6236     72.0625     53.2635     45.0999     48.6621      124.02     77.3369     55.1725     27.5862     17.6918     106.231     52.1536
1.24278e+22 1.26669e+22 1.04652e+22 7.71038e+21 3.18904e+21 1.54806e+22 9.17606e+21     39.8497     30.4138     77.8332     48.3011     34.4384     31.0161     33.2415     49.5177       1e+10     41.0122     30.0832     30.4795     46.6154     50.2494     44.7214     7.07107     46.0977     35.3836     37.1618     27.8029     34.2345     47.4236     29.2062     38.2753     26.6271     13.4164     26.4764     41.3401     7.28011     22.0907     40.3113      54.231     43.1856     33.0151           8     54.3415     47.5079           5       32.28     28.6356     124.278     126.669     104.652     77.1038     31.8904     154.806     91.7606
9.43663e+21 1.02416e+22 8.01124e+21 5.41202e+21 2.62488e+21 1.33015e+22 8.54751e+21     64.6375          29     110.941      76.844     73.7564          72     55.2178     33.3766     41.0122       1e+10     41.7253     66.7608     39.5601     85.4927      65.192     40.4475     79.6053     30.2324     17.4642     26.1725     8.60233     48.7545     26.1725     46.4004     24.8395     53.2353     53.3385     72.5603     48.0937     19.0263     79.4292     70.1783     77.3886     70.8802     41.9762     74.2496     82.6378     46.0109     58.3095     58.6003     94.3663     102.416     80.1124     54.1202     26.2488     133.015     85.4751
1.00648e+22 1.42359e+22 1.19887e+22 9.26607e+21 5.06952e+21 1.72308e+22 1.15918e+22     69.8928     50.9902     105.759     36.2491     43.9659     51.0392     62.8172     66.8506     30.0832     41.7253       1e+10     58.8218     67.9117     48.3735     74.4648     36.4005     41.5933     55.5428     26.4197     15.5563     33.2415     17.4929     15.6205     8.24621     17.0294     41.0488     16.1245     33.7343     31.6228     31.9531     65.1153     83.5464     40.1995     39.0512     22.8254     84.2021     75.4321      32.249     62.2977     58.6941     100.648     142.359     119.887     92.6607     50.6952     172.308     115.918
1.54616e+22 1.31187e+22 1.11018e+22 8.56154e+21 4.70106e+21 1.55878e+22 8.59127e+21      21.095     44.0454     47.3814     63.0079     35.9026     20.6155     23.0217     60.6383     30.4795     66.7608     58.8218       1e+10     53.1413     55.7853     28.3019     27.2947     55.4437     47.3814      66.888      58.258     61.8466     76.2758     59.6657     66.5733     57.0088     17.8045     49.3964     55.0091     27.2029     48.4665     14.5602     38.4708      52.345     39.2046     36.2353     34.7851     17.0294     26.9072     17.8045       12.53     154.616     131.187     111.018     85.6154     47.0106     155.878     85.9127
 1.3231e+22 8.06598e+21  5.9203e+21 3.26497e+21 1.72627e+21 1.08231e+22 4.82597e+21          39      17.088     85.3288     94.6678     78.5684     68.7968     31.4006     9.84886     46.6154     39.5601     67.9117     53.1413       1e+10     96.3328     35.5106     40.4599     92.6175     12.3693     53.4603     55.2268     42.5793     81.3019     56.1427     75.3127     53.2353      50.448     71.5542     87.9204     52.4976     36.3456     67.6757     35.7771     89.6437     78.5175     53.3385     41.7852     63.3877      49.679     36.6742     40.8044      132.31     80.6598      59.203     32.6497     17.2627     108.231     48.2597
 1.4384e+22 1.76799e+22 1.54871e+22  1.2735e+22  8.2134e+21 2.04475e+22 1.38423e+22     76.2168     80.6226     89.2693     17.4929     19.9249     35.5106      74.686     99.7647     50.2494     85.4927     48.3735     55.7853     96.3328       1e+10     83.2166     55.9017     7.07107     85.5628     73.4983     61.4003     77.0779     57.7062     62.0967       50.04     61.9839     47.1699     32.9848     15.0333     43.8634     69.1158          50     93.6376     8.24621     18.0278     45.2217     90.5207     65.0077     46.6905     70.7743          65      143.84     176.799     154.871      127.35      82.134     204.475     138.423
1.59138e+22 1.06005e+22 8.73155e+21 6.46297e+21 3.94081e+21 1.29016e+22     5.8e+21      7.2111     36.4005     49.8197     88.1192     63.3246     48.7647     11.7047     45.1221     44.7214      65.192     74.4648     28.3019     35.5106     83.2166       1e+10     38.0789     82.0061     36.7151     72.4224     67.9779     63.7809     91.3947     69.3181     82.7103     66.1891     38.2099     70.0643     80.2309     46.0109      51.614     40.3113     10.4403      78.848     65.8027     52.6118     9.84886     30.8707     44.1022     13.0384     18.4391     159.138     106.005     87.3155     64.6297     39.4081     129.016          58
1.27613e+22 1.20917e+22 9.90858e+21 7.17008e+21 2.69258e+21 1.48678e+22 8.48646e+21     33.6155          25      74.027     55.0364      38.833     32.5576     26.4764     44.2041     7.07107     40.4475     36.4005     27.2947     40.4599     55.9017     38.0789       1e+10     52.2015     29.8329     39.6611     31.8904     34.7851     53.4883     33.3017      44.643     30.4138     13.0384      33.541     47.8853     12.0416      21.587     39.0512     47.3814     49.2037     38.2099     15.0333     47.8017     44.1022     9.21954          26     23.0217     127.613     120.917     99.0858     71.7008     26.9258     148.678     84.8646
1.36821e+22 1.72743e+22 1.50655e+22 1.23045e+22 7.77946e+21 2.00848e+22  1.3596e+22     75.1864     76.4853     92.0489     11.3137      20.025     36.0139     72.8011      95.483     46.0977     79.6053     41.5933     55.4437     92.6175     7.07107     82.0061     52.2015       1e+10     81.4678     67.0522     55.0273     71.1126      50.636     55.6597     43.0116     55.7136     44.7772     26.5707           8     40.2244     63.8201     51.4782     92.4446     3.16228     16.2788     40.3609      89.822     66.2722     43.0116     69.2604     63.6003     136.821     172.743     150.655     123.045     77.7946     200.848      135.96
1.24471e+22 9.12853e+21 6.93109e+21 4.18688e+21       5e+20  1.1962e+22  6.0531e+21     37.9473           5     85.3815     82.9277     68.6003     60.4152     28.8617     14.4222     35.3836     30.2324     55.5428     47.3814     12.3693     85.5628     36.7151     29.8329     81.4678       1e+10     42.2019     43.0465     31.6228     69.1158     44.0114     62.9682     41.0488     41.1825     59.5399     76.4003     41.7732     24.0832     61.8142     40.3113     78.5684     68.0147     41.6173          45      60.208     38.9487     33.3766          36     124.471     91.2853     69.3109     41.8688           5      119.62      60.531
8.80909e+21 1.19867e+22 9.75756e+21 7.14703e+21 3.73631e+21 1.50479e+22  1.0102e+22     70.1783     39.2173       113.6     62.6099          65     66.9403     61.2209     49.0408     37.1618     17.4642     26.4197      66.888     53.4603     73.4983     72.4224     39.6611     67.0522     42.2019       1e+10     12.1655          11      31.305     11.4018     29.6985          12     50.5668     40.5216     59.4643     43.0116     20.8087     77.4726     79.2591     65.2534      61.131     34.7131     82.0975     83.7616     41.7852     62.9682     61.6198     88.0909     119.867     97.5756     71.4703     37.3631     150.479      101.02
9.65194e+21 1.27264e+22 1.04809e+22 7.78203e+21 3.80526e+21 1.57429e+22 1.03484e+22     64.6607     39.0128     105.551     51.1077     53.0377     55.9732      56.356     52.8867     27.8029     26.1725     15.5563      58.258     55.2268     61.4003     67.9779     31.8904     55.0273     43.0465     12.1655       1e+10     17.6918     26.0768     1.41421     21.0238           2     41.0488     28.4605     47.5395     32.6497          19     67.6018     75.9605     53.1601     49.0408     23.7697     77.8203     75.2861     31.9061     57.1402     54.8179     96.5194     127.264     104.809     77.8203     38.0526     157.429     103.484
 9.5462e+21 1.10059e+22 8.76584e+21 6.10983e+21 2.69258e+21  1.4046e+22 9.00222e+21     62.2896     29.0689     107.378     68.2422     65.9242      65.192     53.0377     38.0526     34.2345     8.60233     33.2415     61.8466     42.5793     77.0779     63.7809     34.7851     71.1126     31.6228          11     17.6918       1e+10     41.4367     17.8045     38.2753     16.2788     47.0744     44.7772     64.0078     41.0488     13.4164     73.7631     69.8928      68.942     62.8172     34.2345     73.2462     78.2624     39.2046     55.4437     54.9181      95.462     110.059     87.6584     61.0983     26.9258      140.46     90.0222
8.66487e+21 1.51169e+22  1.2886e+22 1.02528e+22 6.41249e+21 1.81747e+22 1.29557e+22     87.0919     65.0077     123.065          42     58.1808     67.3573     79.6994     78.6448     47.4236     48.7545     17.4929     76.2758     81.3019     57.7062     91.3947     53.4883      50.636     69.1158      31.305     26.0768     41.4367       1e+10     25.1794     9.89949     28.0713     58.5235     30.2324     42.7551     49.0918     45.0444     82.0366      100.17     50.2195     52.7731     40.3113     101.193     92.8009     49.7393     79.4796     76.0592     86.6487     151.169      128.86     102.528     64.1249     181.747     129.557
9.51315e+21 1.27632e+22  1.0519e+22 7.82943e+21 3.90128e+21 1.57867e+22 1.04389e+22     66.0379       40.05     106.963     51.4782     54.0833     57.2451     57.7062     53.6004     29.2062     26.1725     15.6205     59.6657     56.1427     62.0967     69.3181     33.3017     55.6597     44.0114     11.4018     1.41421     17.8045     25.1794       1e+10     20.5913     3.16228     42.4382     29.1204     48.1041          34      20.025     68.9638     77.2528     53.8516       50.01     25.0799     79.1581     76.6942     33.2866     58.5235     56.2228     95.1315     127.632      105.19     78.2943     39.0128     157.867     104.389
9.56347e+21 1.48223e+22 1.25782e+22 9.88433e+21 5.80517e+21 1.78443e+22 1.23471e+22     78.1089     58.5491      113.23     35.6931     48.7545     57.4891     71.0634     73.6817     38.2753     46.4004     8.24621     66.5733     75.3127       50.04     82.7103      44.643     43.0116     62.9682     29.6985     21.0238     38.2753     9.89949     20.5913       1e+10     22.8473     48.8774     20.5913     35.0143     39.4462     39.0512     72.1388     91.7824       42.19     43.4626     30.8707     92.4446      83.006     40.2492     70.5195     66.8506     95.6347     148.223     125.782     98.8433     58.0517     178.443     123.471
9.76524e+21 1.25539e+22 1.03078e+22 7.60263e+21 3.60555e+21 1.55653e+22 1.01494e+22     62.9682     37.0135     104.235     52.1536          53     55.3624     54.5894     50.9608     26.6271     24.8395     17.0294     57.0088     53.2353     61.9839     66.1891     30.4138     55.7136     41.0488          12           2     16.2788     28.0713     3.16228     22.8473       1e+10     39.9625     29.1548     48.3322     31.7805          17     66.6483     74.0945     53.7587      49.163     23.0868     76.0263      74.027     30.8869     55.4707     53.2635     97.6524     125.539     103.078     76.0263     36.0555     155.653     101.494
1.37568e+22 1.31046e+22 1.09636e+22  8.2662e+21     3.9e+21 1.57877e+22 9.13017e+21          32     36.6742     65.0692       50.01     28.3196     19.6469     28.1603     55.5698     13.4164     53.2353     41.0488     17.8045      50.448     47.1699     38.2099     13.0384     44.7772     41.1825     50.5668     41.0488     47.0744     58.5235     42.4382     48.8774     39.9625       1e+10     32.7567     42.2019     9.43398     34.2345     26.9258     48.5077     41.6293     29.1548     18.4391          47     34.6554     9.21954     25.1794          20     137.568     131.046     109.636      82.662          39     157.877     91.3017
1.16078e+22 1.49807e+22  1.2744e+22 9.98098e+21 5.52268e+21 1.78891e+22 1.17953e+22     64.3817     54.5894      94.578     24.0416     28.2312     37.4833     59.0085     72.6705     26.4764     53.3385     16.1245     49.3964     71.5542     32.9848     70.0643      33.541     26.5707     59.5399     40.5216     28.4605     44.7772     30.2324     29.1204     20.5913     29.1548     32.7567       1e+10     19.2354     24.0832     38.8973     52.8015          80     24.7386     23.0868     18.6815     79.3095     64.8845          26     57.1402      52.469     116.078     149.807      127.44     99.8098     55.2268     178.891     117.953
 1.2912e+22 1.67475e+22 1.45248e+22 1.17593e+22 7.24707e+21  1.9601e+22 1.32503e+22     73.6817     71.4003     94.7048           8     21.9317      37.108      70.342     90.1388     41.3401     72.5603     33.7343     55.0091     87.9204     15.0333     80.2309     47.8853           8     76.4003     59.4643     47.5395     64.0078     42.7551     48.1041     35.0143     48.3322     42.2019     19.2354       1e+10     36.2491     57.4891     53.1601     90.6091     7.61577     16.7631     34.8281     88.5664     67.4685     38.9102     67.2681     61.8142      129.12     167.475     145.248     117.593     72.4707      196.01     132.503
1.29004e+22 1.32944e+22 1.11072e+22 8.36301e+21 3.86005e+21 1.60705e+22 9.62549e+21     40.3113     36.8782     74.3303     43.6578     27.2947     24.1868     35.1283     56.0803     7.28011     48.0937     31.6228     27.2029     52.4976     43.8634     46.0109     12.0416     40.2244     41.7732     43.0116     32.6497     41.0488     49.0918          34     39.4462     31.7805     9.43398     24.0832     36.2491       1e+10     29.2746     34.9857     56.0357     37.2022     26.2488     9.21954     55.2268     43.9318     2.82843     33.0606     28.4429     129.004     132.944     111.072     83.6301     38.6005     160.705     96.2549
1.08301e+22 1.11252e+22 8.88144e+21 6.12944e+21  1.9105e+21 1.40801e+22 8.45931e+21     49.5177      20.025     94.0319     62.9365     55.6597     53.0094     40.4599     34.9285     22.0907     19.0263     31.9531     48.4665     36.3456     69.1158      51.614      21.587     63.8201     24.0832     20.8087          19     13.4164     45.0444      20.025     39.0512          17     34.2345     38.8973     57.4891     29.2746       1e+10     60.6383     58.5918     61.2944     53.3104     24.1661     61.2944      64.846      27.074       42.45     41.6173     108.301     111.252     88.8144     61.2944      19.105     140.801     84.5931
1.63982e+22 1.45114e+22  1.2524e+22  1.0009e+22 6.12046e+21 1.69145e+22 9.82904e+21     33.3017     58.3095     42.0595     60.8769     31.5753     16.1555     37.1214     75.1864     40.3113     79.4292     65.1153     14.5602     67.6757          50     40.3113     39.0512     51.4782     61.8142     77.4726     67.6018     73.7631     82.0366     68.9638     72.1388     66.6483     26.9258     52.8015     53.1601     34.9857     60.6383       1e+10      49.679     48.6621     36.4005     44.1022     44.6542     15.0333     35.7771     31.7648     26.9258     163.982     145.114      125.24      100.09     61.2046     169.145     98.2904
1.64542e+22 9.90051e+21 8.14923e+21 6.10082e+21 4.39318e+21 1.20673e+22 4.89183e+21     17.4642     41.2311     52.0096     98.4784      73.736     59.0339     21.0238      45.618      54.231     70.1783     83.5464     38.4708     35.7771     93.6376     10.4403     47.3814     92.4446     40.3113     79.2591     75.9605     69.8928      100.17     77.2528     91.7824     74.0945     48.5077          80     90.6091     56.0357     58.5918      49.679       1e+10     89.2861      76.243     62.2013     7.07107     38.6005          54     23.3452     28.8617     164.542     99.0051     81.4923     61.0082     43.9318     120.673     48.9183
1.36682e+22 1.69853e+22 1.47801e+22 1.20208e+22 7.49533e+21 1.97874e+22 1.32834e+22     72.0347     73.5935      89.493     13.0384     17.1172     33.0606     69.6419     92.6337     43.1856     77.3886     40.1995      52.345     89.6437     8.24621      78.848     49.2037     3.16228     78.5684     65.2534     53.1601      68.942     50.2195     53.8516       42.19     53.7587     41.6293     24.7386     7.61577     37.2022     61.2944     48.6621     89.2861       1e+10     13.1529     37.6431     86.6833     63.3877          40     66.0984     60.4401     136.682     169.853     147.801     120.208     74.9533     197.874     132.834
1.39086e+22 1.59101e+22 1.37295e+22 1.09877e+22 6.48151e+21 1.86561e+22 1.20441e+22     58.9406     63.1269          78     24.5153     5.65685     20.3961     56.8595     82.3286     33.0151     70.8802     39.0512     39.2046     78.5175     18.0278     65.8027     38.2099     16.2788     68.0147      61.131     49.0408     62.8172     52.7731       50.01     43.4626      49.163     29.1548     23.0868     16.7631     26.2488     53.3104     36.4005      76.243     13.1529       1e+10     29.1548     73.5459     50.8035     29.0689     53.1413     47.4342     139.086     159.101     137.295     109.877     64.8151     186.561     120.441
1.19887e+22 1.32654e+22 1.10454e+22  8.2807e+21 3.76431e+21 1.61236e+22 9.92975e+21     47.5395     36.6197     83.4865     41.3401     31.7805       32.28     41.1947     55.3173           8     41.9762     22.8254     36.2353     53.3385     45.2217     52.6118     15.0333     40.3609     41.6173     34.7131     23.7697     34.2345     40.3113     25.0799     30.8707     23.0868     18.4391     18.6815     34.8281     9.21954     24.1661     44.1022     62.2013     37.6431     29.1548       1e+10     62.1691     53.0754     9.43398      40.025     36.0555     119.887     132.654     110.454      82.807     37.6431     161.236     99.2975
 1.6844e+22 1.05849e+22 8.85268e+21     6.8e+21 4.81664e+21 1.27028e+22     5.5e+21          15     45.2769          45     96.5194     70.6045     55.3624     21.5407     51.6236     54.3415     74.2496     84.2021     34.7851     41.7852     90.5207     9.84886     47.8017      89.822          45     82.0975     77.8203     73.2462     101.193     79.1581     92.4446     76.0263          47     79.3095     88.5664     55.2268     61.2944     44.6542     7.07107     86.6833     73.5459     62.1691       1e+10     32.5576     53.4603     22.2036          27      168.44     105.849     88.5268          68     48.1664     127.028          55
1.71604e+22  1.3685e+22 1.18106e+22 9.45939e+21 6.08276e+21 1.59261e+22 8.74586e+21          25     57.7062     30.4138     75.3127     46.2709     30.4138     32.0624     72.0625     47.5079     82.6378     75.4321     17.0294     63.3877     65.0077     30.8707     44.1022     66.2722      60.208     83.7616     75.2861     78.2624     92.8009     76.6942      83.006      74.027     34.6554     64.8845     67.4685     43.9318      64.846     15.0333     38.6005     63.3877     50.8035     53.0754     32.5576       1e+10     43.8406          27     24.5153     171.604      136.85     118.106     94.5939     60.8276     159.261     87.4586
1.28413e+22 1.30115e+22 1.08245e+22 8.08084e+21  3.5805e+21 1.57892e+22 9.36216e+21     38.6394     34.0588     74.2496     46.2385     30.0167     26.0192     33.0151     53.2635           5     46.0109      32.249     26.9072      49.679     46.6905     44.1022     9.21954     43.0116     38.9487     41.7852     31.9061     39.2046     49.7393     33.2866     40.2492     30.8869     9.21954          26     38.9102     2.82843      27.074     35.7771          54          40     29.0689     9.43398     53.4603     43.8406       1e+10      31.257     26.9258     128.413     130.115     108.245     80.8084      35.805     157.892     93.6216
1.50748e+22 1.13442e+22 9.34773e+21 6.86222e+21 3.44819e+21 1.38105e+22 6.86003e+21     7.61577     31.3209     52.8015     75.1332     50.9902     37.2022     5.38516     45.0999       32.28     58.3095     62.2977     17.8045     36.6742     70.7743     13.0384          26     69.2604     33.3766     62.9682     57.1402     55.4437     79.4796     58.5235     70.5195     55.4707     25.1794     57.1402     67.2681     33.0606       42.45     31.7648     23.3452     66.0984     53.1413      40.025     22.2036          27      31.257       1e+10     5.83095     150.748     113.442     93.4773     68.6222     34.4819     138.105     68.6003
1.49683e+22 1.18714e+22 9.84886e+21 7.31642e+21 3.63456e+21 1.43684e+22 7.44043e+21          12     33.2415     52.4786     69.7209     45.1885     31.4006     10.6301     48.6621     28.6356     58.6003     58.6941       12.53     40.8044          65     18.4391     23.0217     63.6003          36     61.6198     54.8179     54.9181     76.0592     56.2228     66.8506     53.2635          20      52.469     61.8142     28.4429     41.6173     26.9258     28.8617     60.4401     47.4342     36.0555          27     24.5153     26.9258     5.83095       1e+10     149.683     118.714     98.4886     73.1642     36.3456     143.684     74.4043
      1e+40 1.64779e+32 1.47679e+32 1.32257e+32 1.20615e+32 1.94165e+32 1.71898e+32 1.57724e+22 1.23329e+22 2.01636e+22 1.27122e+22 1.44309e+22 1.51238e+22 1.48499e+22  1.2402e+22 1.24278e+22 9.43663e+21 1.00648e+22 1.54616e+22  1.3231e+22  1.4384e+22 1.59138e+22 1.27613e+22 1.36821e+22 1.24471e+22 8.80909e+21 9.65194e+21  9.5462e+21 8.66487e+21 9.51315e+21 9.56347e+21 9.76524e+21 1.37568e+22 1.16078e+22  1.2912e+22 1.29004e+22 1.08301e+22 1.63982e+22 1.64542e+22 1.36682e+22 1.39086e+22 1.19887e+22  1.6844e+22 1.71604e+22 1.28413e+22 1.50748e+22 1.49683e+22       1e+20 1.64779e+22 1.47679e+22 1.32257e+22 1.20615e+22 1.94165e+22 1.71898e+22
1.64779e+32       1e+40 2.24722e+31       5e+31 9.50158e+31 3.10483e+31 5.44518e+31 1.12379e+22 9.62601e+21 1.48489e+22 1.73666e+22 1.59226e+22 1.48839e+22 1.08167e+22 7.73369e+21 1.26669e+22 1.02416e+22 1.42359e+22 1.31187e+22 8.06598e+21 1.76799e+22 1.06005e+22 1.20917e+22 1.72743e+22 9.12853e+21 1.19867e+22 1.27264e+22 1.10059e+22 1.51169e+22 1.27632e+22 1.48223e+22 1.25539e+22 1.31046e+22 1.49807e+22 1.67475e+22 1.32944e+22 1.11252e+22 1.45114e+22 9.90051e+21 1.69853e+22 1.59101e+22 1.32654e+22 1.05849e+22  1.3685e+22 1.30115e+22 1.13442e+22 1.18714e+22 1.64779e+22       1e+20 2.24722e+21       5e+21 9.50158e+21 3.10483e+21 5.44518e+21
1.47679e+32 2.24722e+31       1e+40 2.76586e+31 7.28629e+31 5.29245e+31 4.36807e+31 9.32309e+21 7.42496e+21 1.32673e+22 1.51344e+22 1.37644e+22 1.27883e+22 8.81192e+21 5.51725e+21 1.04652e+22 8.01124e+21 1.19887e+22 1.11018e+22  5.9203e+21 1.54871e+22 8.73155e+21 9.90858e+21 1.50655e+22 6.93109e+21 9.75756e+21 1.04809e+22 8.76584e+21  1.2886e+22  1.0519e+22 1.25782e+22 1.03078e+22 1.09636e+22  1.2744e+22 1.45248e+22 1.11072e+22 8.88144e+21  1.2524e+22 8.14923e+21 1.47801e+22 1.37295e+22 1.10454e+22 8.85268e+21 1.18106e+22 1.08245e+22 9.34773e+21 9.84886e+21 1.47679e+22 2.24722e+21       1e+20 2.76586e+21 7.28629e+21 5.29245e+21 4.36807e+21
1.32257e+32       5e+31 2.76586e+31       1e+40 4.52548e+31 7.96492e+31 4.08044e+31 6.96348e+21 4.67547e+21    1.13e+22 1.23693e+22 1.10422e+22 1.01356e+22 6.32456e+21 2.75862e+21 7.71038e+21 5.41202e+21 9.26607e+21 8.56154e+21 3.26497e+21  1.2735e+22 6.46297e+21 7.17008e+21 1.23045e+22 4.18688e+21 7.14703e+21 7.78203e+21 6.10983e+21 1.02528e+22 7.82943e+21 9.88433e+21 7.60263e+21  8.2662e+21 9.98098e+21 1.17593e+22 8.36301e+21 6.12944e+21  1.0009e+22 6.10082e+21 1.20208e+22 1.09877e+22  8.2807e+21     6.8e+21 9.45939e+21 8.08084e+21 6.86222e+21 7.31642e+21 1.32257e+22       5e+21 2.76586e+21       1e+20 4.52548e+21 7.96492e+21 4.08044e+21
1.20615e+32 9.50158e+31 7.28629e+31 4.52548e+31       1e+40 1.23709e+32 6.54905e+31 3.98121e+21 3.16228e+20 8.70919e+21 7.88162e+21 6.57343e+21 5.85235e+21 3.04631e+21 1.76918e+21 3.18904e+21 2.62488e+21 5.06952e+21 4.70106e+21 1.72627e+21  8.2134e+21 3.94081e+21 2.69258e+21 7.77946e+21       5e+20 3.73631e+21 3.80526e+21 2.69258e+21 6.41249e+21 3.90128e+21 5.80517e+21 3.60555e+21     3.9e+21 5.52268e+21 7.24707e+21 3.86005e+21  1.9105e+21 6.12046e+21 4.39318e+21 7.49533e+21 6.48151e+21 3.76431e+21 4.81664e+21 6.08276e+21  3.5805e+21 3.44819e+21 3.63456e+21 1.20615e+22 9.50158e+21 7.28629e+21 4.52548e+21       1e+20 1.23709e+22 6.54905e+21
1.94165e+32 3.10483e+31 5.29245e+31 7.96492e+31 1.23709e+32       1e+40 7.22011e+31 1.35871e+22 1.24619e+22 1.66436e+22 2.02514e+22 1.86196e+22 1.74668e+22 1.33056e+22 1.06231e+22 1.54806e+22 1.33015e+22 1.72308e+22 1.55878e+22 1.08231e+22 2.04475e+22 1.29016e+22 1.48678e+22 2.00848e+22  1.1962e+22 1.50479e+22 1.57429e+22  1.4046e+22 1.81747e+22 1.57867e+22 1.78443e+22 1.55653e+22 1.57877e+22 1.78891e+22  1.9601e+22 1.60705e+22 1.40801e+22 1.69145e+22 1.20673e+22 1.97874e+22 1.86561e+22 1.61236e+22 1.27028e+22 1.59261e+22 1.57892e+22 1.38105e+22 1.43684e+22 1.94165e+22 3.10483e+21 5.29245e+21 7.96492e+21 1.23709e+22       1e+20 7.22011e+21
1.71898e+32 5.44518e+31 4.36807e+31 4.08044e+31 6.54905e+31 7.22011e+31       1e+40 6.51153e+21 6.49384e+21  9.4921e+21 1.39846e+22 1.19038e+22 1.05802e+22 6.40703e+21 5.21536e+21 9.17606e+21 8.54751e+21 1.15918e+22 8.59127e+21 4.82597e+21 1.38423e+22     5.8e+21 8.48646e+21  1.3596e+22  6.0531e+21  1.0102e+22 1.03484e+22 9.00222e+21 1.29557e+22 1.04389e+22 1.23471e+22 1.01494e+22 9.13017e+21 1.17953e+22 1.32503e+22 9.62549e+21 8.45931e+21 9.82904e+21 4.89183e+21 1.32834e+22 1.20441e+22 9.92975e+21     5.5e+21 8.74586e+21 9.36216e+21 6.86003e+21 7.44043e+21 1.71898e+22 5.44518e+21 4.36807e+21 4.08044e+21 6.54905e+21 7.22011e+21       1e+20
