      0 31.0644  27.313 12.0416 19.2354 15.8114 8.94427 27.5726      13 13.4164 10.8167 27.8029  19.105 20.0998 21.0238
31.0644       0 28.0179 19.6977 48.7955 35.2278 33.3017 15.0748  21.587 43.1856 32.8024       4 28.0713 19.9249 39.8121
 27.313 28.0179       0 26.2488 34.5254 41.6173 21.2132 13.2382 30.4795 31.0161  19.105 28.1603 40.3609 10.2956 17.8885
12.0416 19.6977 26.2488       0 31.0644 17.4642 17.4642 20.7183 4.24264 25.2389 18.1108 16.1245 14.1421 16.2788 28.0179
19.2354 48.7955 34.5254 31.0644       0      30 15.8114 41.1491 32.2025 5.83095      17 46.0109 36.6742 32.6497 18.1108
15.8114 35.2278 41.6173 17.4642      30       0 24.6982 38.1215 14.0357 25.1794 26.6271  31.257 9.21954 32.6497 36.7151
8.94427 33.3017 21.2132 17.4642 15.8114 24.6982       0 25.5392  20.025 10.7703 2.23607 30.8058 27.6586  17.088  12.083
27.5726 15.0748 13.2382 20.7183 41.1491 38.1215 25.5392       0 24.6221 36.3077 24.1506 15.9765 34.0478     8.5 27.9866
     13  21.587 30.4795 4.24264 32.2025 14.0357  20.025 24.6221       0 26.4008 21.0238   17.72 9.89949 20.5183  31.257
13.4164 43.1856 31.0161 25.2389 5.83095 25.1794 10.7703 36.3077 26.4008       0 12.3693 40.3113  31.257 27.8568 16.5529
10.8167 32.8024  19.105 18.1108      17 26.6271 2.23607 24.1506 21.0238 12.3693       0 30.5287 29.1204 15.6525 10.4403
27.8029       4 28.1603 16.1245 46.0109  31.257 30.8058 15.9765   17.72 40.3113 30.5287       0 24.0832  19.105 38.2753
 19.105 28.0713 40.3609 14.1421 36.6742 9.21954 27.6586 34.0478 9.89949  31.257 29.1204 24.0832       0 30.4138 39.5601
20.0998 19.9249 10.2956 16.2788 32.6497 32.6497  17.088     8.5 20.5183 27.8568 15.6525  19.105 30.4138       0 20.2485
21.0238 39.8121 17.8885 28.0179 18.1108 36.7151  12.083 27.9866  31.257 16.5529 10.4403 38.2753 39.5601 20.2485       0

