      0  17.088 20.3961 24.7257  12.083 24.7588 10.2611 10.7355 15.5563 23.7539 13.0384 11.1803 20.0998  31.241 27.5136
 17.088       0 28.6356 13.0599 20.2485 24.0208 7.04911 11.5434 7.07107  18.554 5.83095 21.3776 8.94427 27.2029 18.0278
20.3961 28.6356       0  25.926 9.05539 13.1529 23.0931 29.5169 31.7805 18.3371 22.8473 31.3209 24.0832      20 24.5967
24.7257 13.0599  25.926       0 20.6243 15.8354 15.7178 23.6349 20.1137     8.9 12.4483 32.5632 4.83322  16.005 5.24976
 12.083 20.2485 9.05539 20.6243       0 13.8924 14.2088    20.5 22.8035 15.5322 14.4222 23.2594 17.4929 21.0238  21.095
24.7588 24.0208 13.1529 15.8354 13.8924       0  21.473 30.0042 29.6142 6.94622 19.4165  35.609 16.2788 7.28011 12.7279
10.2611 7.04911 23.0931 15.7178 14.2088  21.473       0 8.76584 8.75728 17.7409 3.26956 16.8609 10.8853 26.3304  19.588
10.7355 11.5434 29.5169 23.6349    20.5 30.0042 8.76584       0 6.18466 26.5047 11.6726 10.0125 18.9011 35.0892 27.9866
15.5563 7.07107 31.7805 20.1137 22.8035 29.6142 8.75728 6.18466       0 24.8847  10.198 16.0312 15.8114 33.6155      25
23.7539  18.554 18.3371     8.9 15.5322 6.94622 17.7409 26.5047 24.8847       0 15.0083 33.6786 10.0125 8.73212 6.26498
13.0384 5.83095 22.8473 12.4483 14.4222 19.4165 3.26956 11.6726  10.198 15.0083       0 20.1246 7.61577 23.7065 16.4012
11.1803 21.3776 31.3209 32.5632 23.2594  35.609 16.8609 10.0125 16.0312 33.6786 20.1246       0 27.7308 41.7253 36.3593
20.0998 8.94427 24.0832 4.83322 17.4929 16.2788 10.8853 18.9011 15.8114 10.0125 7.61577 27.7308       0 18.4391 9.21954
 31.241 27.2029      20  16.005 21.0238 7.28011 26.3304 35.0892 33.6155 8.73212 23.7065 41.7253 18.4391       0 11.1803
27.5136 18.0278 24.5967 5.24976  21.095 12.7279  19.588 27.9866      25 6.26498 16.4012 36.3593 9.21954 11.1803       0

