      0  50.774 30.8707 11.0454  42.107 34.0147 19.0263 52.0096 8.06226 30.1496 45.8039  45.607 8.06226 39.1152 43.4166
 50.774       0 30.0167 41.2311 30.0167 27.5136 35.3836 5.38516 43.8292 46.0977       6 15.0333 51.7397 41.7612 17.4642
30.8707 30.0167       0  27.074   42.45 34.2053 27.6586 28.2843 22.8473 16.1245 24.0208 34.8855 36.1386 14.8661 15.2315
11.0454 41.2311  27.074       0  31.257      23       8 43.1393 9.21954 32.2025 36.7696 34.7851 10.6301  38.833 36.6742
 42.107 30.0167   42.45  31.257       0 8.94427 23.3452 35.0143 39.2938 55.8032 30.4138 15.1327 38.2099 57.3149 39.9249
34.0147 27.5136 34.2053      23 8.94427       0      15 31.7805 30.5941 47.0106 26.1725 14.8661 31.0483 49.0408 33.7343
19.0263 35.3836 27.6586       8 23.3452      15       0 38.0132 16.1555 36.4005 31.6228  27.313      17 41.2311 33.9559
52.0096 5.38516 28.2843 43.1393 35.0143 31.7805 38.0132       0 44.6542 44.0454 6.40312 20.2237 53.7587 38.6394 14.1421
8.06226 43.8292 22.8473 9.21954 39.2938 30.5941 16.1555 44.6542       0 24.0416 38.5876 40.3113      14 32.0156 35.4683
30.1496 46.0977 16.1245 32.2025 55.8032 47.0106 36.4005 44.0454 24.0416       0 40.1123 50.3289 37.6563 10.8167 30.2655
45.8039       6 24.0208 36.7696 30.4138 26.1725 31.6228 6.40312 38.5876 40.1123       0 16.5529 47.3814 36.0555 12.2066
 45.607 15.0333 34.8855 34.7851 15.1327 14.8661  27.313 20.2237 40.3113 50.3289 16.5529       0 44.2832 49.0918 27.8029
8.06226 51.7397 36.1386 10.6301 38.2099 31.0483      17 53.7587      14 37.6563 47.3814 44.2832       0 46.0109 47.0106
39.1152 41.7612 14.8661  38.833 57.3149 49.0408 41.2311 38.6394 32.0156 10.8167 36.0555 49.0918 46.0109       0 24.5153
43.4166 17.4642 15.2315 36.6742 39.9249 33.7343 33.9559 14.1421 35.4683 30.2655 12.2066 27.8029 47.0106 24.5153       0


