     0 30.0832   32.45  56.231 21.7083 22.0227 52.0865 28.0179 5.38516 22.8254 24.0416      26 6.08276 29.1548 52.3259
30.0832       0 21.9545 45.2252 13.3135 33.1059 54.4059 7.07107      26 9.48683 6.08276 34.1321 33.1059      11 39.4588
  32.45 21.9545       0 25.5131 30.2035 19.6469 32.6497 27.8568 31.7805 16.1245 20.6155 18.0278 38.0789 31.9531 20.6155
 56.231 45.2252 25.5131       0 55.4109 37.1769 23.4034 51.9588 56.5378 41.4019 45.4744 33.3635 62.1974 56.0635 5.99333
21.7083 13.3135 30.2035 55.4109       0 33.6341   60.21 7.63217 16.5303 14.0801 10.1119 36.1006 22.6991     7.5 50.0225
22.0227 33.1059 19.6469 37.1769 33.6341       0 30.0666  35.805 24.7386 23.7065 28.3019 4.12311      28 39.0512 34.6554
52.0865 54.4059 32.6497 23.4034   60.21 30.0666       0 59.6825 54.5894 47.0106 51.9711 26.1725 58.0345 63.6318 26.4764
28.0179 7.07107 27.8568 51.9588 7.63217  35.805 59.6825       0 23.1948 12.8062 7.81025 37.5366 29.8329 4.12311 46.2709
5.38516      26 31.7805 56.5378 16.5303 24.7386 54.5894 23.1948       0 19.8494 20.1246 28.4429  7.2111 24.0208 52.2015
22.8254 9.48683 16.1245 41.4019 14.0801 23.7065 47.0106 12.8062 19.8494       0       5      25 27.0185 16.6433 36.1248
24.0416 6.08276 20.6155 45.4744 10.1119 28.3019 51.9711 7.81025 20.1246       5       0 29.8329 27.2947 11.6619      40
     26 34.1321 18.0278 33.3635 36.1006 4.12311 26.1725 37.5366 28.4429      25 29.8329       0 32.0156 41.0122 31.1448
6.08276 33.1059 38.0789 62.1974 22.6991      28 58.0345 29.8329  7.2111 27.0185 27.2947 32.0156       0 30.1496 58.1808
29.1548      11 31.9531 56.0635     7.5 39.0512 63.6318 4.12311 24.0208 16.6433 11.6619 41.0122 30.1496       0 50.3587
52.3259 39.4588 20.6155 5.99333 50.0225 34.6554 26.4764 46.2709 52.2015 36.1248      40 31.1448 58.1808 50.3587       0

