     0 32.5576 23.7697 12.0416 16.2788  21.095 3.60555 26.4433  18.868 10.6301 10.2956 29.7321 24.3311 21.3776 15.6525
32.5576       0 28.0179 25.0799 48.7955 35.2278 33.3017 15.0748 15.2315 43.1856   42.45       4 28.0713 18.2483 39.8121
23.7697 28.0179       0 28.4253 34.5254 41.6173 21.2132 13.2382 25.5539 31.0161 28.1603 28.1603 40.3609  10.198 17.8885
12.0416 25.0799 28.4253       0 26.8328 13.4164 15.0333  25.005 9.84886 21.0238 21.8403 21.4709      13 21.5407 26.6833
16.2788 48.7955 34.5254 26.8328       0      30 15.8114 41.1491      35 5.83095  6.7082 46.0109 36.6742 35.7771 18.1108
 21.095 35.2278 41.6173 13.4164      30       0 24.6982 38.1215  21.095 25.1794 27.6586  31.257 9.21954 34.9285 36.7151
3.60555 33.3017 21.2132 15.0333 15.8114 24.6982       0 25.5392 20.6155 10.7703 9.21954 30.8058 27.6586 20.2485  12.083
26.4433 15.0748 13.2382  25.005 41.1491 38.1215 25.5392       0 17.9234 36.3077  34.442 15.9765 34.0478 5.40833 27.9866
 18.868 15.2315 25.5539 9.84886      35  21.095 20.6155 17.9234       0 29.2062 29.1548 11.6619 16.1245 16.2788 30.1496
10.6301 43.1856 31.0161 21.0238 5.83095 25.1794 10.7703 36.3077 29.2062       0 3.60555 40.3113  31.257 31.0161 16.5529
10.2956   42.45 28.1603 21.8403  6.7082 27.6586 9.21954  34.442 29.1548 3.60555       0 39.8246 33.0151 29.0689      13
29.7321       4 28.1603 21.4709 46.0109  31.257 30.8058 15.9765 11.6619 40.3113 39.8246       0 24.0832 18.0278 38.2753
24.3311 28.0713 40.3609      13 36.6742 9.21954 27.6586 34.0478 16.1245  31.257 33.0151 24.0832       0 32.0156 39.5601
21.3776 18.2483  10.198 21.5407 35.7771 34.9285 20.2485 5.40833 16.2788 31.0161 29.0689 18.0278 32.0156       0 22.8035
15.6525 39.8121 17.8885 26.6833 18.1108 36.7151  12.083 27.9866 30.1496 16.5529      13 38.2753 39.5601 22.8035       0

