      0 38.9487 27.1662 37.3631 24.7386 15.8114 31.7805 31.7648      13 21.5407 30.0832 43.8292 28.6356 40.3609 16.5529
38.9487       0 29.0689 36.6742 61.0328 38.4838 67.4166 41.0122 27.0185 59.0339 15.0333 7.07107 38.1182 56.0357      55
27.1662 29.0689       0 11.4018 39.1152 15.2315 44.0454 12.0416      17 38.9102 14.0357 29.4109 9.05539      27   42.19
37.3631 36.6742 11.4018       0 44.2719 23.0217 47.8539 9.43398 28.3019 45.1221 22.4722      35  10.198 21.9317 51.0882
24.7386 61.0328 39.1152 44.2719       0 24.2074 7.07107  35.171 34.1321 4.47214 48.7955 64.5368  34.176  33.541 19.2354
15.8114 38.4838 15.2315 23.0217 24.2074       0 29.7321 16.1555 14.0357 23.7065      25 41.0488 13.3417 25.2389 28.0713
31.7805 67.4166 44.0454 47.8539 7.07107 29.7321       0 38.4838 40.7063 11.0454 54.6717 70.6045 38.0789 34.0147 25.2982
31.7648 41.0122 12.0416 9.43398  35.171 16.1555 38.4838       0 25.6125 36.3456      26 40.7922 3.60555 15.0333 43.7379
     13 27.0185      17 28.3019 34.1321 14.0357 40.7063 25.6125       0 32.0156  17.088  31.241 22.0227 38.0789 29.5466
21.5407 59.0339 38.9102 45.1221 4.47214 23.7065 11.0454 36.3456 32.0156       0 47.5079 62.9365 34.9285 36.4005 14.7648
30.0832 15.0333 14.0357 22.4722 48.7955      25 54.6717      26  17.088 47.5079       0 16.1245 23.0868 41.0122 46.6154
43.8292 7.07107 29.4109      35 64.5368 41.0488 70.6045 40.7922  31.241 62.9365 16.1245       0 38.3275 55.7315  60.208
28.6356 38.1182 9.05539  10.198  34.176 13.3417 38.0789 3.60555 22.0227 34.9285 23.0868 38.3275       0 18.0278 41.3038
40.3609 56.0357      27 21.9317  33.541 25.2389 34.0147 15.0333 38.0789 36.4005 41.0122 55.7315 18.0278       0 47.8853
16.5529      55   42.19 51.0882 19.2354 28.0713 25.2982 43.7379 29.5466 14.7648 46.6154  60.208 41.3038 47.8853       0


