      0 34.7131 27.1662 12.0416 19.2354 15.8114      25 27.5726      13 21.5407 30.0832 27.8029 28.6356 33.0151 21.0238
34.7131       0 26.0192 22.6716 53.6004 34.5398 50.6952 24.4182 22.8035 54.8179 12.1655 9.05539      35 50.4876 47.1275
27.1662 26.0192       0  21.095 44.4072 15.2315      29 39.4367      17 38.9102 14.0357 26.9258 9.05539 25.2982 47.5395
12.0416 22.6716  21.095       0 31.0644 17.4642 32.0624 20.7183 4.24264 32.7567 19.2354 16.1245 26.2488 36.4005 28.0179
19.2354 53.6004 44.4072 31.0644       0      30 28.3019 41.1491 32.2025 14.2127 49.2443 46.0109 43.1045 40.2492 18.1108
15.8114 34.5398 15.2315 17.4642      30       0 16.1555 38.1215 14.0357 23.7065      25  31.257 13.3417 18.9737 36.7151
     25 50.6952      29 32.0624 28.3019 16.1555       0 51.7421 29.4279 15.5242 40.8167 47.0744 22.4722 12.3693 42.0119
27.5726 24.4182 39.4367 20.7183 41.1491 38.1215 51.7421       0 24.6221 48.5412 30.7937 15.9765 46.2196 57.0898 27.9866
     13 22.8035      17 4.24264 32.2025 14.0357 29.4279 24.6221       0 32.0156  17.088   17.72 22.0227 32.7567  31.257
21.5407 54.8179 38.9102 32.7567 14.2127 23.7065 15.5242 48.5412 32.0156       0 47.5079 48.8774 34.9285 27.8927 31.0161
30.0832 12.1655 14.0357 19.2354 49.2443      25 40.8167 30.7937  17.088 47.5079       0 15.5563 23.0868 39.0512 47.0425
27.8029 9.05539 26.9258 16.1245 46.0109  31.257 47.0744 15.9765   17.72 48.8774 15.5563       0  35.171 49.0408 38.2753
28.6356      35 9.05539 26.2488 43.1045 13.3417 22.4722 46.2196 22.0227 34.9285 23.0868  35.171       0 16.5529 49.6588
33.0151 50.4876 25.2982 36.4005 40.2492 18.9737 12.3693 57.0898 32.7567 27.8927 39.0512 49.0408 16.5529       0  52.345
21.0238 47.1275 47.5395 28.0179 18.1108 36.7151 42.0119 27.9866  31.257 31.0161 47.0425 38.2753 49.6588  52.345       0

