
      0 40.4969 27.1662 20.2237 50.3587 13.4164 36.0139 33.6155      13 51.9711 30.0832 57.5847 25.2982  6.7082 18.3576
40.4969       0 20.2485 41.4367 14.4222 32.8024 13.1529 27.8927 27.5136 27.2947 10.4403  17.088 26.0768  45.618  54.231
27.1662 20.2485       0 37.8021 24.6982 15.2971 9.84886 10.7703      17      25 14.0357 35.4683 5.83095 30.1496  44.643
20.2237 41.4367 37.8021       0 54.8179 30.0167  43.382 47.3814 21.2132 61.7738   32.28      57 38.8973      26 17.0294
50.3587 14.4222 24.6982 54.8179       0 39.8497 14.8661 26.8701 38.0132 16.0312  22.561 14.5602 29.5296 54.3415 66.0681
13.4164 32.8024 15.2971 30.0167 39.8497       0      25 20.2485      11 39.2046 23.3452 49.3964 12.1655      15 31.7648
36.0139 13.1529 9.84886  43.382 14.8661      25       0 14.8661 24.3311 18.6011 12.8062 26.1725      15 39.6232 52.6118
33.6155 27.8927 10.7703 47.3814 26.8701 20.2485 14.8661       0 26.1725 20.2237 24.1868 40.2244 8.60233 34.7131 51.8941
     13 27.5136      17 21.2132 38.0132      11 24.3311 26.1725       0 41.7852  17.088 44.5982 17.6918 18.6011 28.2843
51.9711 27.2947      25 61.7738 16.0312 39.2046 18.6011 20.2237 41.7852       0 31.1448 30.1496  27.074 54.1479 69.6419
30.0832 10.4403 14.0357   32.28  22.561 23.3452 12.8062 24.1868  17.088 31.1448       0 27.5136 19.4165 35.3553 44.0454
57.5847  17.088 35.4683      57 14.5602 49.3964 26.1725 40.2244 44.5982 30.1496 27.5136       0 41.0366 62.6498  70.859
25.2982 26.0768 5.83095 38.8973 29.5296 12.1655      15 8.60233 17.6918  27.074 19.4165 41.0366       0  27.074 43.4626
 6.7082  45.618 30.1496      26 54.3415      15 39.6232 34.7131 18.6011 54.1479 35.3553 62.6498  27.074       0 19.8494
18.3576  54.231  44.643 17.0294 66.0681 31.7648 52.6118 51.8941 28.2843 69.6419 44.0454  70.859 43.4626 19.8494       0

