      0 14.8661 43.0174 33.4552 15.3379 14.4222 29.5466 18.3576 24.5967 20.8087 25.0799 44.0114 9.84886 47.7598 32.8024
14.8661       0 45.5247 34.1211    28.5 3.60555 34.0588 4.47214 17.2627 31.7805      30 36.0555 5.09902      50 39.9625
43.0174 45.5247       0 11.7154    35.5 41.9345 13.7295 43.8463  31.504 28.6094 18.0693 30.5041 43.4108 4.74342 15.5081
33.4552 34.1211 11.7154       0 29.4109 30.5164  8.8459 32.2219 19.8305 23.9426 10.9659 22.9401  32.423 15.9452 16.1012
15.3379    28.5    35.5 29.4109       0 26.6693 22.1416 30.7612 30.6472 7.43303  18.554 47.1832 23.5213 40.0281 21.7083
14.4222 3.60555 41.9345 30.5164 26.6693       0 30.6105 4.12311 14.0357 29.2746 26.6271 33.2415       5 46.4004 36.7151
29.5466 34.0588 13.7295  8.8459 22.1416 30.6105       0 33.2866 23.5372 15.8114 4.47214  31.305 31.1448 18.4391 8.06226
18.3576 4.47214 43.8463 32.2219 30.7612 4.12311 33.2866       0 13.9284 33.1361 29.5296      32 8.60233 48.1664 39.8121
24.5967 17.2627  31.504 19.8305 30.6472 14.0357 23.5372 13.9284       0 29.7321 21.0238 19.6469 18.1108 35.4683  31.257
20.8087 31.7805 28.6094 23.9426 7.43303 29.2746 15.8114 33.1361 29.7321       0 13.0384 43.9318 27.2029 33.0151 14.3178
25.0799      30 18.0693 10.9659  18.554 26.6271 4.47214 29.5296 21.0238 13.0384       0 31.6228 26.8701 22.8035 10.4403
44.0114 36.0555 30.5041 22.9401 47.1832 33.2415  31.305      32 19.6469 43.9318 31.6228       0 37.6563  32.249      39
9.84886 5.09902 43.4108  32.423 23.5213       5 31.1448 8.60233 18.1108 27.2029 26.8701 37.6563       0 48.0208 36.4005
47.7598      50 4.74342 15.9452 40.0281 46.4004 18.4391 48.1664 35.4683 33.0151 22.8035  32.249 48.0208       0 19.4165
32.8024 39.9625 15.5081 16.1012 21.7083 36.7151 8.06226 39.8121  31.257 14.3178 10.4403      39 36.4005 19.4165       0


