
      0 29.0689 42.0119 36.1248 11.1803 26.9258 5.09902  34.176 33.9411 5.59017 22.2036 53.2353 35.3553 47.3814 32.5576
29.0689       0 52.1536 26.0768 36.0555 12.6491 24.0208 14.3178 26.4764 34.5145      40  49.163  19.105 60.2163 48.7955
42.0119 52.1536       0 31.6228 32.5576      40 43.1856 43.1393 29.2062 43.4885 20.3961 24.5153 39.0512 8.60233 12.2066
36.1248 26.0768 31.6228       0 34.9285 14.1421 33.3017      13       3  41.003 30.0666 23.0868 8.06226 40.2244 33.9559
11.1803 36.0555 32.5576 34.9285       0      30 14.8661  37.054 32.2025 11.0114 12.1655  47.634 36.6742 37.0135 22.0227
26.9258 12.6491      40 14.1421      30       0 22.8254 7.28011 14.0357  32.423 30.4631      37 9.21954 48.2701 38.0132
5.09902 24.0208 43.1856 33.3017 14.8661 22.8254       0 29.9666 31.4006    10.5 24.3516      52 31.6228 49.2443 34.7851
 34.176 14.3178 43.1393      13  37.054 7.28011 29.9666       0 14.4222 39.6894 36.4005 35.6931 5.09902 51.6624 42.9418
33.9411 26.4764 29.2062       3 32.2025 14.0357 31.4006 14.4222       0 38.6685  27.074 23.0217 9.89949 37.8021 31.0483
5.59017 34.5145 43.4885  41.003 11.0114  32.423    10.5 39.6894 38.6685       0 23.1355 56.8705 40.6971 48.0026 33.0038
22.2036      40 20.3961 30.0666 12.1655 30.4631 24.3516 36.4005  27.074 23.1355       0 37.5366 34.3657 25.1794 10.4403
53.2353  49.163 24.5153 23.0868  47.634      37      52 35.6931 23.0217 56.8705 37.5366       0 30.5941      31 34.4384
35.3553  19.105 39.0512 8.06226 36.6742 9.21954 31.6228 5.09902 9.89949 40.6971 34.3657 30.5941       0  47.634 39.9249
47.3814 60.2163 8.60233 40.2244 37.0135 48.2701 49.2443 51.6624 37.8021 48.0026 25.1794      31  47.634       0      15
32.5576 48.7955 12.2066 33.9559 22.0227 38.0132 34.7851 42.9418 31.0483 33.0038 10.4403 34.4384 39.9249      15       0


