 0 48.3011 44.1814 59.9416 38.4708 31.6228 34.6554 47.7598 29.2746  27.074 46.0977 39.9625 44.9222 70.8308      44
48.3011       0 26.0192 50.9902  61.327 34.5398 50.6952 38.0526 22.8035 63.8905 12.1655 9.05539      35 60.7289 78.7718
44.1814 26.0192       0  25.632 39.6989 15.2315      29 12.0416      17 47.8853 14.0357 26.9258 9.05539 36.2353 59.4643
59.9416 50.9902  25.632       0 35.5106 29.2062 29.1548 14.4222      40 51.0098  38.833 52.5547 18.0278 11.3137 55.3624
38.4708  61.327 39.6989 35.5106       0 26.8328 10.8167   32.45 39.5601 17.4642 51.6236   57.28 32.6497 43.0465 20.5913
31.6228 34.5398 15.2315 29.2062 26.8328       0 16.1555 16.1555 14.0357 32.7567      25  31.257 13.3417 40.4599 45.3431
34.6554 50.6952      29 29.1548 10.8167 16.1555       0 22.8473 29.4279 22.0907 40.8167 47.0744 22.4722 38.6005 30.6105
47.7598 38.0526 12.0416 14.4222   32.45 16.1555 22.8473       0 25.6125 44.3847      26 38.6005 3.60555 25.6125      53
29.2746 22.8035      17      40 39.5601 14.0357 29.4279 25.6125       0 41.1096  17.088   17.72 22.0227  51.225 56.0803
 27.074 63.8905 47.8853 51.0098 17.4642 32.7567 22.0907 44.3847 41.1096       0 56.7274 57.6888 43.3244 59.6825 17.1172
46.0977 12.1655 14.0357  38.833 51.6236      25 40.8167      26  17.088 56.7274       0 15.5563 23.0868 48.7032 70.2922
39.9625 9.05539 26.9258 52.5547   57.28  31.257 47.0744 38.6005   17.72 57.6888 15.5563       0  35.171 63.0714 73.3553
44.9222      35 9.05539 18.0278 32.6497 13.3417 22.4722 3.60555 22.0227 43.3244 23.0868  35.171       0 29.2062 53.0094
70.8308 60.7289 36.2353 11.3137 43.0465 40.4599 38.6005 25.6125  51.225 59.6825 48.7032 63.0714 29.2062       0 61.5224
     44 78.7718 59.4643 55.3624 20.5913 45.3431 30.6105      53 56.0803 17.1172 70.2922 73.3553 53.0094 61.5224       0

