      0 96.2549 286.225 283.196 288.106 148.405 144.222 138.842 204.824 211.021 109.073 117.038 176.479 162.635 98.4124 161.941 147.231 147.868 107.117 140.801 124.531 125.399 158.382 162.049 136.894  131.32 159.113 125.782 154.208 122.776 186.682 113.071 139.086 129.283 151.268 189.391 171.172 134.213 112.004 171.747     130 175.559  156.78 195.788  119.52 115.317 188.664 151.476 96.6282 171.231  191.69 118.878 128.787  194.33 103.005 170.751 167.108 188.098 195.474 119.269       0 96.2549 286.225 283.196 288.106 148.405 144.222 138.842 204.824 211.021
96.2549       0   257.2 199.111 224.589 141.156 205.565 46.3249 108.747 136.488 49.7393      55 98.0816 80.6536 40.4969  104.69 90.5539 89.0955 56.8595 107.331 111.611 42.0476 109.343 93.1933 112.361 100.846 91.8368 111.086 89.0225 95.1893 124.036 51.8652 108.747 89.8944 87.3212   128.6 90.1388 56.9386 92.9624 107.415 65.7647 109.554 124.423 147.085 74.2428 75.7694 105.323 111.517 37.9473 121.017 106.066 79.7057 88.1192  109.33 51.6236 91.4166 98.4784 101.833 134.034 52.4023 96.2549       0   257.2 199.111 224.589 141.156 205.565 46.3249 108.747 136.488
286.225   257.2       0  190.16 109.252 138.423 230.489 276.886 256.955 158.319  207.87   202.2 182.833 197.618 218.687 155.048 167.523 169.499 202.181 152.761   162.2 220.907 148.122  172.63 152.306 161.227 172.192 161.208 172.792 169.071 144.101 205.412 152.742 169.248 173.404 138.716 191.481 205.801 177.341 157.918 192.211 158.095 135.074 113.146 184.391 184.719 190.937 146.219 221.504 137.379 197.185  180.48 170.742 194.517  207.82 187.747 168.671 200.145  135.68 205.061 286.225   257.2       0  190.16 109.252 138.423 230.489 276.886 256.955 158.319
283.196 199.111  190.16       0      85 200.878 322.453 183.109 118.983 76.6942 174.393 166.595 106.794 121.037 184.784 132.231 143.252 141.382 177.725 167.705 194.987 160.028 142.664 123.693 178.941 174.542 127.094 192.751 132.439 180.693  109.59 170.426 171.735  167.72 135.595 110.277 112.161 149.215   192.2  118.68 154.208 114.232  163.67 126.811 170.062  175.96 95.0053 156.119 186.604 134.462 93.1933 173.954 167.027 90.0888 181.025 112.446 119.369 97.3293 105.688 163.991 283.196 199.111  190.16       0      85 200.878 322.453 183.109 118.983 76.6942
288.106 224.589 109.252      85       0 166.904 286.882  225.73  180.56 90.4268 184.114 176.264 128.141 146.168 196.163 126.649  141.76 141.683 183.142 150.333 174.026 182.603 129.877 132.004 158.003 159.531 133.933 172.012 137.786 167.765 102.786 180.361  153.16 159.138 140.218 99.3277 137.058  167.72 179.627 119.038 163.049 116.078 138.033 95.0053 168.808 172.792 126.811 138.521 198.736 117.239 130.115 169.248 159.477 126.574 188.162 134.792 126.625  134.38 93.3006 176.233 288.106 224.589 109.252      85       0 166.904 286.882  225.73  180.56 90.4268
148.405 141.156 138.423 200.878 166.904       0  122.54  176.23 193.259  127.35 94.4299 93.0054 118.207 120.905     101 77.3886 76.3217 79.4796 85.7088 43.3244 29.7321 119.067 64.0703 96.6023 32.5576 44.2832 93.4719 30.0832 89.5545 47.0956 93.3488 94.1329 39.5601 57.4282 87.4643 91.4385 121.672 109.037 48.3839  91.022 90.7965      95 38.2099 76.0592      71 67.1863 134.112 50.2494 103.368 67.8823 141.156 64.0312 59.4138 140.982 90.2552 118.068 97.2471 140.943 95.4254 98.0051 148.405 141.156 138.423 200.878 166.904       0  122.54  176.23 193.259  127.35
144.222 205.565 230.489 322.453 286.882  122.54       0 251.199 293.804 247.164 179.179 183.003 229.941 226.491 177.508 193.041 186.196 188.958 170.652 156.208 129.321 207.183 181.011 208.125 144.402 151.093 204.561 131.503 199.529 147.139 213.284 181.463 152.003 161.276 196.657 212.219 230.521 204.619 137.931 207.251 188.733 211.634 158.808 198.588 166.508 160.206 246.175 167.048 178.239 188.064 252.462 159.962 162.659 253.243  171.68 227.693 210.535 251.024 216.781 188.215 144.222 205.565 230.489 322.453 286.882  122.54       0 251.199 293.804 247.164
138.842 46.3249 276.886 183.109  225.73  176.23 251.199       0 74.2428  135.37      82 83.3847 99.0858 81.6884 77.7817 122.156 111.328 108.849  91.022 136.945 148.003 58.4637 130.973 104.446 144.779  132.74 104.709 147.003 104.216 129.139 134.525 82.0975 139.442 120.071  103.87 139.786 89.8721  72.111 130.138 119.365 88.5268 119.817 152.082 163.768 105.385 109.073 99.0202 137.528 76.1183 140.118 96.5194 112.219 118.089 100.125 87.2067 92.8493 108.757 92.0869 144.031 78.6384 138.842 46.3249 276.886 183.109  225.73  176.23 251.199       0 74.2428  135.37
204.824 108.747 256.955 118.983  180.56 193.259 293.804 74.2428       0 99.0404 114.978 110.802 79.3095 72.4224 118.802 119.239 117.004 113.842 123.227  149.94 171.292 87.6926  132.22   98.27 161.186 150.479 100.896 169.523  104.12 151.159 117.017 112.446 153.792 137.801 105.948 122.066 73.1642 89.3085 157.785 108.665 106.174 106.301 158.862 150.053 128.631 134.629 67.1193 144.368  118.87 135.074 60.2993 135.695 135.989 62.6498 122.674 77.1038 99.2975 58.0345 123.406 105.603 204.824 108.747 256.955 118.983  180.56 193.259 293.804 74.2428       0 99.0404
211.021 136.488 158.319 76.6942 90.4268  127.35 247.164  135.37 99.0404       0  102.24 94.1913 38.4838  56.356 113.635 55.5428 66.9403  65.307 104.019 91.4166 118.701  94.578 66.3702 49.0102 102.927 97.9439 52.0865 116.469 57.2189     104 34.0588 98.2497 95.5249 91.0824 60.2993 36.1248 47.0106 80.7775 115.521 42.0595 81.0555 37.6431 89.2749 60.0083 94.3663  100.02 36.8782 80.1561 115.849 59.5483 41.3401 97.7446 90.4434 38.0789 108.019 45.1885 44.1022 45.2217 33.2866 92.6553 211.021 136.488 158.319 76.6942 90.4268  127.35 247.164  135.37 99.0404       0
109.073 49.7393  207.87 174.393 184.114 94.4299 179.179      82 114.978  102.24       0 8.06226 67.6018 55.3624  12.083 58.6686  43.566 42.9418 9.21954 57.7754 66.0076  28.178 60.8769 53.6004 63.7887  51.923 50.9902 65.0077 46.5725 47.3814 81.3449       4 59.4643 40.3113 43.9659 85.0882 63.0635 27.7849 48.3735  65.146 21.3776 68.4105 74.7061 99.6393 24.6982 27.2947 80.7775 61.8547 14.7648 73.2462 84.7585 30.8058 38.4838  86.977 7.81025 62.1691 58.8558 81.7068      91 10.7703 109.073 49.7393  207.87 174.393 184.114 94.4299 179.179      82 114.978  102.24
117.038      55   202.2 166.595 176.264 93.0054 183.003 83.3847 110.802 94.1913 8.06226       0 59.8415 48.3322 19.9249 51.3128 36.4005 35.5106 12.8062 54.1202 65.6201 26.4764 54.4885 45.5412 61.4003  49.366 42.9535 64.3817 38.6005 46.0435 73.5391 4.12311 56.2939 36.8782 36.0555 77.3886 55.6597 21.9317 49.0408 57.2451 13.3417 60.4401 70.3847 92.8493 22.0227 26.3059 73.3757 56.8243 22.4722 66.5282 77.6209 29.0172 34.9285  79.712 14.5602 54.5711 50.8035 74.7329 83.2586 5.38516 117.038      55   202.2 166.595 176.264 93.0054 183.003 83.3847 110.802 94.1913
176.479 98.0816 182.833 106.794 128.141 118.207 229.941 99.0858 79.3095 38.4838 67.6018 59.8415       0 18.0278 78.1025 41.2311 43.8634 41.0122 71.3092 76.0263 101.237 56.3205  54.626 22.0227 88.0057 79.3095 25.4951 99.1564 30.4138  82.807 39.0512 63.6396 80.2122 68.6804 33.3017 44.3847 9.21954 43.2897 92.6175 29.4279 47.8017 27.0185 81.5414 71.8471  66.242 72.5603 16.2788      68  80.025 55.9017 23.0217 71.5612 67.3573 23.3452 74.3303  6.7082 21.0238 22.8473 47.1699 57.2189 176.479 98.0816 182.833 106.794 128.141 118.207 229.941 99.0858 79.3095 38.4838
162.635 80.6536 197.618 121.037 146.168 120.905 226.491 81.6884 72.4224  56.356 55.3624 48.3322 18.0278       0 64.5368 48.0104 44.5982 41.4367 60.8276 77.6209  100.17 39.4588  60.407 27.0185 89.0505 78.7718 29.0689   98.27 31.7805 80.4487 53.6656 51.6236 81.5414 66.5733 33.5261 59.0339 9.48683 28.4429 88.6172 40.2616 38.6005 39.5601 86.6833 85.0706 60.1082 66.4831 26.0768 72.0347 66.0984  65.192 29.4109 66.5282 64.8999 31.7805 62.7694 11.4018 29.6142 26.4008 62.7694 44.5982 162.635 80.6536 197.618 121.037 146.168 120.905 226.491 81.6884 72.4224  56.356
98.4124 40.4969 218.687 184.784 196.163     101 177.508 77.7817 118.802 113.635  12.083 19.9249 78.1025 64.5368       0 70.7107 55.5698 55.0091 16.6433 67.2309 71.7008  31.241 72.4707  65.307 71.8679 60.4152 62.8172 71.0211 58.5235 54.7083 93.4077 15.8114 68.4251   49.93 55.9732   97.17 72.8354 36.1386 53.2353 77.1622 33.2415 80.3617 84.5991   111.4 34.4093 35.3412 90.4268 72.4707 2.82843      85 93.8616 39.3573 48.2597 96.3172 11.1803 72.3395 70.6116 90.5207 103.078 21.0238 98.4124 40.4969 218.687 184.784 196.163     101 177.508 77.7817 118.802 113.635
161.941  104.69 155.048 132.231 126.649 77.3886 193.041 122.156 119.239 55.5428 58.6686 51.3128 41.2311 48.0104 70.7107       0 15.2315 15.8114  56.648 36.8782 63.8201 66.0303 13.4164  21.095 48.8365 42.5441 19.0263 61.6117 18.0278 48.4665      25 55.2268 41.1096 35.9026 18.3576 27.4591 46.0977  50.774 60.0833 14.2127 39.0512 18.6011 40.3113  42.638 42.4264 47.0425 56.8243 27.2029 73.4302 18.0278 63.9531 44.0114 35.5106 63.6318 61.8466 42.2019 20.2485 64.0781  33.541 52.6308 161.941  104.69 155.048 132.231 126.649 77.3886 193.041 122.156 119.239 55.5428
147.231 90.5539 167.523 143.252  141.76 76.3217 186.196 111.328 117.004 66.9403  43.566 36.4005 43.8634 44.5982 55.5698 15.2315       0 3.16228 41.4367 33.1059 57.3847 53.6656 19.6977 21.9317 44.7772 35.4683 18.3848 55.3173 13.6015 39.2046 39.4588 40.2244 37.1214 25.2389 11.1803   42.45  45.793 39.2173 49.7393 25.1794 24.8395 29.4279 43.0465 56.5862      28 33.2415 60.1415 28.0713 58.3095 30.4795 66.7083 30.8058 24.1868 67.2086 46.6154 42.4382 24.6982 65.8027 48.5077 38.1838 147.231 90.5539 167.523 143.252  141.76 76.3217 186.196 111.328 117.004 66.9403
147.868 89.0955 169.499 141.382 141.683 79.4796 188.958 108.849 113.842  65.307 42.9418 35.5106 41.0122 41.4367 55.0091 15.8114 3.16228       0 41.4849 36.2491 60.3075 51.4782 22.1359 19.2094 47.8853 38.4187 15.6205  58.258 10.6301 41.8688 39.0512 39.4462 40.2492 27.8029 8.06226 42.3792   42.72 36.7696 52.1536      24 23.3452 28.0713 46.0977      58 29.1548 34.7131   57.28 31.1448 57.7062 32.2025 63.7809  32.573 26.6271 64.3506 46.4866 39.4081 22.3607 62.8013 48.3839 36.8782 147.868 89.0955 169.499 141.382 141.683 79.4796 188.958 108.849 113.842  65.307
107.117 56.8595 202.181 177.725 183.142 85.7088 170.652  91.022 123.227 104.019 9.21954 12.8062 71.3092 60.8276 16.6433  56.648 41.4367 41.4849       0 50.6063 57.0088 37.1618 56.8595 55.0091 55.6597 44.0114 52.0096 56.0803 47.0956  38.833 80.5233 10.8167 51.8941 33.2866 44.1814 83.8153 67.7791 34.7131 39.2046 64.9384 23.5372  68.593 67.9559 95.9635 17.8045 18.9737   85.44 55.9732 19.4165 69.6419 89.9611 22.8473 31.6228 91.9239 5.65685 66.4078 60.0083 87.2067 89.8443 17.6918 107.117 56.8595 202.181 177.725 183.142 85.7088 170.652  91.022 123.227 104.019
140.801 107.331 152.761 167.705 150.333 43.3244 156.208 136.945  149.94 91.4166 57.7754 54.1202 76.0263 77.6209 67.2309 36.8782 33.1059 36.2491 50.6063       0 27.2947 78.6384 25.0599 54.0833 12.0416 9.48683  50.774 25.0599 46.5296 18.0278 58.1808 56.3028 4.24264 17.4642 44.2832 58.1893 78.7718 67.0075 29.4279 51.0882 49.0408 55.4437 17.6918 55.7315 33.1059 32.2025 92.2009 12.1655 69.9714 34.7131 99.0454 28.0179 19.3132 99.2018 56.0803 75.2928 55.4437 98.4784 63.6003 58.4637 140.801 107.331 152.761 167.705 150.333 43.3244 156.208 136.945  149.94 91.4166
124.531 111.611   162.2 194.987 174.026 29.7321 129.321 148.003 171.292 118.701 66.0076 65.6201 101.237  100.17 71.7008 63.8201 57.3847 60.3075 57.0088 27.2947       0 92.0706 52.3546 79.2465 16.4924 21.9317  75.743 2.23607 70.9366 20.2485 85.4283 66.1891 23.2594 33.6155 68.2495  85.235 102.801 83.8153 18.6815 78.0064 65.7875 82.4197      36 79.1012 44.1475 39.3192 117.516      39 73.9797 61.3514 124.085 36.8782 35.3553 124.579 61.2046 99.6393 81.3449 123.065 90.4765  70.859 124.531 111.611   162.2 194.987 174.026 29.7321 129.321 148.003 171.292 118.701
125.399 42.0476 220.907 160.028 182.603 119.067 207.183 58.4637 87.6926  94.578  28.178 26.4764 56.3205 39.4588  31.241 66.0303 53.6656 51.4782 37.1618 78.6384 92.0706       0 73.3485 51.8556  87.023 75.0067 50.9313 90.7965 48.9183 72.3395 82.9759 26.5707 81.3019 62.0725 47.8017 87.7838 48.8365 15.5563 75.4321 66.5282 30.0832 68.2495 93.6216   108.6 48.1664 52.7731  65.123 79.1202 31.6228 83.5284 67.0671 55.3263  60.075 70.0071 35.5106 49.7293 57.0088 63.1981  92.957 21.2132 125.399 42.0476 220.907 160.028 182.603 119.067 207.183 58.4637 87.6926  94.578
158.382 109.343 148.122 142.664 129.877 64.0703 181.011 130.973  132.22 66.3702 60.8769 54.4885  54.626  60.407 72.4707 13.4164 19.6977 22.1359 56.8595 25.0599 52.3546 73.3485       0 33.9559 36.6197   32.28 31.4006 50.1199      29 39.4588 33.2415 57.9828 29.1548 29.2746 28.1603 33.7343  59.203 58.8727 51.4782 27.0185 44.1022 31.1448 26.9258 39.1152 40.2492 43.3244 70.2353 14.1421 75.2861      13 77.3692 39.5601 29.6142  77.026  62.426 55.3624 33.6155 77.4726 39.4588 57.0088 158.382 109.343 148.122 142.664 129.877 64.0703 181.011 130.973  132.22 66.3702
162.049 93.1933  172.63 123.693 132.004 96.6023 208.125 104.446   98.27 49.0102 53.6004 45.5412 22.0227 27.0185  65.307  21.095 21.9317 19.2094 55.0091 54.0833 79.2465 51.8556 33.9559       0 66.0303 57.3149 3.60555 77.1557 8.94427 61.0737 31.1448 49.6488 58.2495 47.0106  12.083 36.0694 25.2982 36.4005 71.2811      15  32.249 16.4012 60.7289 59.5063 46.4866 52.5547 38.2884 46.6154 67.6831 38.2099      45 50.9902 45.8039 45.3431 59.0762 21.5407 5.38516 44.4185 41.1096  44.643 162.049 93.1933  172.63 123.693 132.004 96.6023 208.125 104.446   98.27 49.0102
136.894 112.361 152.306 178.941 158.003 32.5576 144.402 144.779 161.186 102.927 63.7887 61.4003 88.0057 89.0505 71.8679 48.8365 44.7772 47.8853 55.6597 12.0416 16.4924  87.023 36.6197 66.0303       0 12.0416 62.6817 14.3178 58.3095 17.4929 69.3542 62.9682 7.81025   25.02 55.9464  68.942 90.5539  76.531 25.2389 63.0317 58.3095 67.3573 20.3961      63 39.4588 36.6879 104.202 22.8254 74.4648 44.9444 111.018 32.9848 27.0185 111.212 60.7454 87.1321 67.4759 110.386 74.0945 66.1891 136.894 112.361 152.306 178.941 158.003 32.5576 144.402 144.779 161.186 102.927
 131.32 100.846 161.227 174.542 159.531 44.2832 151.093  132.74 150.479 97.9439  51.923  49.366 79.3095 78.7718 60.4152 42.5441 35.4683 38.4187 44.0114 9.48683 21.9317 75.0067   32.28 57.3149 12.0416       0 53.8145 19.8494 49.0408   8.544 65.4599 50.9902 8.48528 13.1529 46.4004 65.9697 81.0247 64.7765 20.0998 56.6039 46.5296 61.0574 26.4008 65.1153 27.4591 25.0799 95.5877 21.0238 63.0714 43.1856 102.176 21.1896 15.1327  102.65 49.2443  77.801 59.4643 101.213 71.5891 54.1479  131.32 100.846 161.227 174.542 159.531 44.2832 151.093  132.74 150.479 97.9439
159.113 91.8368 172.192 127.094 133.933 93.4719 204.561 104.709 100.896 52.0865 50.9902 42.9535 25.4951 29.0689 62.8172 19.0263 18.3848 15.6205 52.0096  50.774  75.743 50.9313 31.4006 3.60555 62.6817 53.8145       0 73.6614 5.38516 57.4891 32.2025 47.0744 54.9181 43.4166   8.544 36.8782 28.2312 35.3836 67.6757 15.6205 29.6142 17.8885 57.9741 59.0593 43.0116 49.0408 41.7732 43.6578 65.2534 36.6742 48.4149 47.4236 42.2019 48.8365 56.2228 24.5967       8 47.7074 42.2019 42.3792 159.113 91.8368 172.192 127.094 133.933 93.4719 204.561 104.709 100.896 52.0865
125.782 111.086 161.208 192.751 172.012 30.0832 131.503 147.003 169.523 116.469 65.0077 64.3817 99.1564   98.27 71.0211 61.6117 55.3173  58.258 56.0803 25.0599 2.23607 90.7965 50.1199 77.1557 14.3178 19.8494 73.6614       0  68.884 18.6815 83.1925 65.0692 21.0238 31.7648 66.2193  83.006 100.802   82.28 18.3848 75.8024  64.195 80.2122 34.0147 77.0584 42.7551 38.1182 115.434 36.7696 73.3485 59.1354 122.025 35.5106  33.541 122.495  60.407 97.6166 79.2086 121.037 88.2553 69.5845 125.782 111.086 161.208 192.751 172.012 30.0832 131.503 147.003 169.523 116.469
154.208 89.0225 172.792 132.439 137.786 89.5545 199.529 104.216  104.12 57.2189 46.5725 38.6005 30.4138 31.7805 58.5235 18.0278 13.6015 10.6301 47.0956 46.5296 70.9366 48.9183      29 8.94427 58.3095 49.0408 5.38516  68.884       0 52.4023 35.3553   42.72 50.6063 38.2884 3.16228 39.6611  32.249 33.4215  62.426 18.7883 25.2982 21.8403 54.9181 59.9083 37.6431 43.6578  46.669 40.2616 61.0328 36.0555 53.1507 42.0476 37.0135 53.7401 51.4782 28.8444 13.1529 52.2015 45.2769 38.4838 154.208 89.0225 172.792 132.439 137.786 89.5545 199.529 104.216  104.12 57.2189
122.776 95.1893 169.071 180.693 167.765 47.0956 147.139 129.139 151.159     104 47.3814 46.0435  82.807 80.4487 54.7083 48.4665 39.2046 41.8688  38.833 18.0278 20.2485 72.3395 39.4588 61.0737 17.4929   8.544 57.4891 18.6815 52.4023       0 72.2772 47.0425 16.6433 14.1421 49.5177 73.1642 83.6301 63.6003 12.0416 62.1691 45.5412 66.6408 34.6699 73.5459 24.1868 20.0998 99.0353 29.2746 57.2451 51.0098 105.361 17.0294 15.6205 106.104 43.6807 80.6598 63.8201 104.062 78.9177 51.1566 122.776 95.1893 169.071 180.693 167.765 47.0956 147.139 129.139 151.159     104
186.682 124.036 144.101  109.59 102.786 93.3488 213.284 134.525 117.017 34.0588 81.3449 73.5391 39.0512 53.6656 93.4077      25 39.4588 39.0512 80.5233 58.1808 85.4283 82.9759 33.2415 31.1448 69.3542 65.4599 32.2025 83.1925 35.3553 72.2772       0 77.6209 62.1691  60.531 37.5766 5.38516 47.4342 67.4759 84.1724 16.6433 60.4152 14.8661 55.2268 33.0606 67.2681 72.0278   50.04 46.5296 96.0052 25.4951 57.1402 69.0072 60.2993 55.4437   85.44 43.6578 26.1725      59      10 73.7902 186.682 124.036 144.101  109.59 102.786 93.3488 213.284 134.525 117.017 34.0588
113.071 51.8652 205.412 170.426 180.361 94.1329 181.463 82.0975 112.446 98.2497       4 4.12311 63.6396 51.6236 15.8114 55.2268 40.2244 39.4462 10.8167 56.3028 66.1891 26.5707 57.9828 49.6488 62.9682 50.9902 47.0744 65.0692   42.72 47.0425 77.6209       0 58.2409 38.8973 40.1622 81.4371  59.203 24.4131 49.0306 61.3514 17.4642   64.56 72.9178 96.5401 23.5372      27  76.922 59.6825 18.3848 70.1783 80.9938 30.1496      37 83.1685 11.1803 58.2495 54.9181      78 87.3212  7.2111 113.071 51.8652 205.412 170.426 180.361 94.1329 181.463 82.0975 112.446 98.2497
139.086 108.747 152.742 171.735  153.16 39.5601 152.003 139.442 153.792 95.5249 59.4643 56.2939 80.2122 81.5414 68.4251 41.1096 37.1214 40.2492 51.8941 4.24264 23.2594 81.3019 29.1548 58.2495 7.81025 8.48528 54.9181 21.0238 50.6063 16.6433 62.1691 58.2409       0 19.4165 48.3011 62.0322 82.8553 70.1142 27.2029 55.3173 52.0096 59.6657 18.0278 58.3095 34.7851  33.121 96.4002 15.8114 71.1196 38.3275 103.228 29.0689 21.3776 103.407 57.2451  79.404 59.6657 102.626 67.3573 60.8276 139.086 108.747 152.742 171.735  153.16 39.5601 152.003 139.442 153.792 95.5249
129.283 89.8944 169.248  167.72 159.138 57.4282 161.276 120.071 137.801 91.0824 40.3113 36.8782 68.6804 66.5733   49.93 35.9026 25.2389 27.8029 33.2866 17.4642 33.6155 62.0725 29.2746 47.0106   25.02 13.1529 43.4166 31.7648 38.2884 14.1421  60.531 38.8973 19.4165       0 35.3836 62.0725  69.527 51.6236 24.5967 49.0408 33.3766 53.4883 34.6699 66.8506 15.6525 15.6205 84.8999 23.6008 52.6972 41.9762 91.2195 11.4018       2 91.9674  38.833 66.5282   49.93 89.9389 68.0294 41.4367 129.283 89.8944 169.248  167.72 159.138 57.4282 161.276 120.071 137.801 91.0824
151.268 87.3212 173.404 135.595 140.218 87.4643 196.657  103.87 105.948 60.2993 43.9659 36.0555 33.3017 33.5261 55.9732 18.3576 11.1803 8.06226 44.1814 44.2832 68.2495 47.8017 28.1603  12.083 55.9464 46.4004   8.544 66.2193 3.16228 49.5177 37.5766 40.1622 48.3011 35.3836       0 41.6773 34.6699   32.45 59.4054 21.1896 22.8473 24.5153 53.4603  60.803 34.4819 40.4969 49.5177 38.6394 58.5235 36.2491 55.9017 38.9102 34.0588 56.5862 48.6621 31.4006 16.2788 54.8179 47.4131 36.2353 151.268 87.3212 173.404 135.595 140.218 87.4643 196.657  103.87 105.948 60.2993
189.391   128.6 138.716 110.277 99.3277 91.4385 212.219 139.786 122.066 36.1248 85.0882 77.3886 44.3847 59.0339   97.17 27.4591   42.45 42.3792 83.8153 58.1893  85.235 87.7838 33.7343 36.0694  68.942 65.9697 36.8782  83.006 39.6611 73.1642 5.38516 81.4371 62.0322 62.0725 41.6773       0  52.811 72.2496 85.1587 21.2603 64.4127      20 53.6004      28 69.8713 74.3303      55 46.2385 99.8098 24.1868 62.0322 71.1126 62.0081  60.208 88.8651 49.0408  31.241 64.0312 6.08276 77.8974 189.391   128.6 138.716 110.277 99.3277 91.4385 212.219 139.786 122.066 36.1248
171.172 90.1388 191.481 112.161 137.058 121.672 230.521 89.8721 73.1642 47.0106 63.0635 55.6597 9.21954 9.48683 72.8354 46.0977  45.793   42.72 67.7791 78.7718 102.801 48.8365  59.203 25.2982 90.5539 81.0247 28.2312 100.802  32.249 83.6301 47.4342  59.203 82.8553  69.527 34.6699  52.811       0  37.054 92.6553 36.0139 44.7214 34.3657 86.0233 79.8311      65 71.4003   17.72 71.8679 74.5453 62.1289 22.4722 70.9366 68.0147 24.1661  70.214       4 26.1725 20.5183 55.9464 52.3927 171.172 90.1388 191.481 112.161 137.058 121.672 230.521 89.8721 73.1642 47.0106
134.213 56.9386 205.801 149.215  167.72 109.037 204.619  72.111 89.3085 80.7775 27.7849 21.9317 43.2897 28.4429 36.1386  50.774 39.2173 36.7696 34.7131 67.0075 83.8153 15.5563 58.8727 36.4005  76.531 64.7765 35.3836   82.28 33.4215 63.6003 67.4759 24.4131 70.1142 51.6236   32.45 72.2496  37.054       0 68.8767 50.9902 18.2483 52.8015 80.7527 93.2309 39.9249  45.618 54.4518 65.9242 37.6563 68.4763 57.7235 47.1699 49.6488  60.208 35.5106  37.054 41.6173 54.4059 77.4661 17.2047 134.213 56.9386 205.801 149.215  167.72 109.037 204.619  72.111 89.3085 80.7775
112.004 92.9624 177.341   192.2 179.627 48.3839 137.931 130.138 157.785 115.521 48.3735 49.0408 92.6175 88.6172 53.2353 60.0833 49.7393 52.1536 39.2046 29.4279 18.6815 75.4321 51.4782 71.2811 25.2389 20.0998 67.6757 18.3848  62.426 12.0416 84.1724 49.0306 27.2029 24.5967 59.4054 85.1587 92.6553 68.8767       0 73.5391 51.6236      78 44.7772 85.1587 29.1548 23.2594 108.706 41.1096 55.4437 63.0317 114.769 22.2036 25.5539 115.745      43 89.9389 74.4312 113.172  90.934 54.4059 112.004 92.9624 177.341   192.2 179.627 48.3839 137.931 130.138 157.785 115.521
171.747 107.415 157.918  118.68 119.038  91.022 207.251 119.365 108.665 42.0595  65.146 57.2451 29.4279 40.2616 77.1622 14.2127 25.1794      24 64.9384 51.0882 78.0064 66.5282 27.0185      15 63.0317 56.6039 15.6205 75.8024 18.7883 62.1691 16.6433 61.3514 55.3173 49.0408 21.1896 21.2603 36.0139 50.9902 73.5391       0 44.0114 4.47214 53.3385 44.9444 53.0848 58.4209 44.0114 41.1096  79.712 26.4764  51.264 55.9017 48.3839 50.5668 69.6348 32.0156 10.7703  51.923 26.6271 57.2713 171.747 107.415 157.918  118.68 119.038  91.022 207.251 119.365 108.665 42.0595
    130 65.7647 192.211 154.208 163.049 90.7965 188.733 88.5268 106.174 81.0555 21.3776 13.3417 47.8017 38.6005 33.2415 39.0512 24.8395 23.3452 23.5372 49.0408 65.7875 30.0832 44.1022  32.249 58.3095 46.5296 29.6142  64.195 25.2982 45.5412 60.4152 17.4642 52.0096 33.3766 22.8473 64.4127 44.7214 18.2483 51.6236 44.0114       0 47.1275  63.561 81.3204 22.4722 28.6007 62.2415 49.0408 35.7351 55.3173 67.1193 29.5296 31.4006 68.8767 27.0185 43.0813 37.4833 64.6607  70.214 13.6015     130 65.7647 192.211 154.208 163.049 90.7965 188.733 88.5268 106.174 81.0555
175.559 109.554 158.095 114.232 116.078      95 211.634 119.817 106.301 37.6431 68.4105 60.4401 27.0185 39.5601 80.3617 18.6011 29.4279 28.0713  68.593 55.4437 82.4197 68.2495 31.1448 16.4012 67.3573 61.0574 17.8885 80.2122 21.8403 66.6408 14.8661   64.56 59.6657 53.4883 24.5153      20 34.3657 52.8015      78 4.47214 47.1275       0 57.1402  45.607 57.2189 62.6498 40.8044 45.2769 82.8613 29.4109 48.0833  60.208  52.811 47.1699 73.1642 30.4138 11.3137 49.0306 24.7588 60.1664 175.559 109.554 158.095 114.232 116.078      95 211.634 119.817 106.301 37.6431
 156.78 124.423 135.074  163.67 138.033 38.2099 158.808 152.082 158.862 89.2749 74.7061 70.3847 81.5414 86.6833 84.5991 40.3113 43.0465 46.0977 67.9559 17.6918      36 93.6216 26.9258 60.7289 20.3961 26.4008 57.9741 34.0147 54.9181 34.6699 55.2268 72.9178 18.0278 34.6699 53.4603 53.6004 86.0233 80.7527 44.7772 53.3385  63.561 57.1402       0 43.1856 50.2494 49.8197 97.0464      15  87.367 29.7321 104.216  45.607 36.3593 103.769 73.4983 82.2192 60.5392 104.389 57.9828 74.3303  156.78 124.423 135.074  163.67 138.033 38.2099 158.808 152.082 158.862 89.2749
195.788 147.085 113.146 126.811 95.0053 76.0592 198.588 163.768 150.053 60.0083 99.6393 92.8493 71.8471 85.0706   111.4  42.638 56.5862      58 95.9635 55.7315 79.1012   108.6 39.1152 59.5063      63 65.1153 59.0593 77.0584 59.9083 73.5459 33.0606 96.5401 58.3095 66.8506  60.803      28 79.8311 93.2309 85.1587 44.9444 81.3204  45.607 43.1856       0 79.2591 81.8596      83 44.3847 114.202 26.4008 90.0222 77.8781  67.624 88.1419 101.514 75.9276 55.7136 92.0217 27.6586 94.7629 195.788 147.085 113.146 126.811 95.0053 76.0592 198.588 163.768 150.053 60.0083
 119.52 74.2428 184.391 170.062 168.808      71 166.508 105.385 128.631 94.3663 24.6982 22.0227  66.242 60.1082 34.4093 42.4264      28 29.1548 17.8045 33.1059 44.1475 48.1664 40.2492 46.4866 39.4588 27.4591 43.0116 42.7551 37.6431 24.1868 67.2681 23.5372 34.7851 15.6525 34.4819 69.8713      65 39.9249 29.1548 53.0848 22.4722 57.2189 50.2494 79.2591       0 6.40312 81.8352 38.2099 37.2022 53.2259 87.4185 7.28011 13.8924 88.7525 23.4307 62.6817 50.6952 85.4283 75.9539 27.0185  119.52 74.2428 184.391 170.062 168.808      71 166.508 105.385 128.631 94.3663
115.317 75.7694 184.719  175.96 172.792 67.1863 160.206 109.073 134.629  100.02 27.2947 26.3059 72.5603 66.4831 35.3412 47.0425 33.2415 34.7131 18.9737 32.2025 39.3192 52.7731 43.3244 52.5547 36.6879 25.0799 49.0408 38.1182 43.6578 20.0998 72.0278      27  33.121 15.6205 40.4969 74.3303 71.4003  45.618 23.2594 58.4209 28.6007 62.6498 49.8197 81.8596 6.40312       0 88.2043 39.2046 38.0132 56.3028 93.8136 4.24264 14.4222 95.1315 24.1661 69.0652 56.6127 91.8314  80.399 31.5753 115.317 75.7694 184.719  175.96 172.792 67.1863 160.206 109.073 134.629  100.02
188.664 105.323 190.937 95.0053 126.811 134.112 246.175 99.0202 67.1193 36.8782 80.7775 73.3757 16.2788 26.0768 90.4268 56.8243 60.1415   57.28   85.44 92.2009 117.516  65.123 70.2353 38.2884 104.202 95.5877 41.7732 115.434  46.669 99.0353   50.04  76.922 96.4002 84.8999 49.5177      55   17.72 54.4518 108.706 44.0114 62.2415 40.8044 97.0464      83 81.8352 88.2043       0  83.863 92.0706  70.214 7.28011 87.4185 83.5464 7.07107 87.9318 19.2354 36.8917 9.21954 56.3205 70.0928 188.664 105.323 190.937 95.0053 126.811 134.112 246.175 99.0202 67.1193 36.8782
151.476 111.517 146.219 156.119 138.521 50.2494 167.048 137.528 144.368 80.1561 61.8547 56.8243      68 72.0347 72.4707 27.2029 28.0713 31.1448 55.9732 12.1655      39 79.1202 14.1421 46.6154 22.8254 21.0238 43.6578 36.7696 40.2616 29.2746 46.5296 59.6825 15.8114 23.6008 38.6394 46.2385 71.8679 65.9242 41.1096 41.1096 49.0408 45.2769      15 44.3847 38.2099 39.2046  83.863       0 75.2861  22.561 90.9175      35 24.8395 90.7359 61.6198 68.1542 47.0106 90.7855 51.5461 60.4152 151.476 111.517 146.219 156.119 138.521 50.2494 167.048 137.528 144.368 80.1561
96.6282 37.9473 221.504 186.604 198.736 103.368 178.239 76.1183  118.87 115.849 14.7648 22.4722  80.025 66.0984 2.82843 73.4302 58.3095 57.7062 19.4165 69.9714 73.9797 31.6228 75.2861 67.6831 74.4648 63.0714 65.2534 73.3485 61.0328 57.2451 96.0052 18.3848 71.1196 52.6972 58.5235 99.8098 74.5453 37.6563 55.4437  79.712 35.7351 82.8613  87.367 114.202 37.2022 38.0132 92.0706 75.2861       0 87.8009 95.3415 42.0595 51.0392 97.8621 13.8924 74.1687 73.0068 91.9239 105.702 23.1948 96.6282 37.9473 221.504 186.604 198.736 103.368 178.239 76.1183  118.87 115.849
171.231 121.017 137.379 134.462 117.239 67.8823 188.064 140.118 135.074 59.5483 73.2462 66.5282 55.9017  65.192      85 18.0278 30.4795 32.2025 69.6419 34.7131 61.3514 83.5284      13 38.2099 44.9444 43.1856 36.6742 59.1354 36.0555 51.0098 25.4951 70.1783 38.3275 41.9762 36.2491 24.1868 62.1289 68.4763 63.0317 26.4764 55.3173 29.4109 29.7321 26.4008 53.2259 56.3028  70.214  22.561 87.8009       0 77.4919 52.4976   42.45 76.5506 75.1665 58.1378 36.0139  78.339 29.1548 68.6222 171.231 121.017 137.379 134.462 117.239 67.8823 188.064 140.118 135.074 59.5483
 191.69 106.066 197.185 93.1933 130.115 141.156 252.462 96.5194 60.2993 41.3401 84.7585 77.6209 23.0217 29.4109 93.8616 63.9531 66.7083 63.7809 89.9611 99.0454 124.085 67.0671 77.3692      45 111.018 102.176 48.4149 122.025 53.1507 105.361 57.1402 80.9938 103.228 91.2195 55.9017 62.0322 22.4722 57.7235 114.769  51.264 67.1193 48.0833 104.216 90.0222 87.4185 93.8136 7.28011 90.9175 95.3415 77.4919       0 93.2363 89.8053 3.60555 92.1141 24.8395  43.909 4.47214 63.1269      74  191.69 106.066 197.185 93.1933 130.115 141.156 252.462 96.5194 60.2993 41.3401
118.878 79.7057  180.48 173.954 169.248 64.0312 159.962 112.219 135.695 97.7446 30.8058 29.0172 71.5612 66.5282 39.3573 44.0114 30.8058  32.573 22.8473 28.0179 36.8782 55.3263 39.5601 50.9902 32.9848 21.1896 47.4236 35.5106 42.0476 17.0294 69.0072 30.1496 29.0689 11.4018 38.9102 71.1126 70.9366 47.1699 22.2036 55.9017 29.5296  60.208  45.607 77.8781 7.28011 4.24264 87.4185      35 42.0595 52.4976 93.2363       0 10.2956 94.4034  28.178 68.4105 54.7814 91.4385 77.1622 34.1321 118.878 79.7057  180.48 173.954 169.248 64.0312 159.962 112.219 135.695 97.7446
128.787 88.1192 170.742 167.027 159.477 59.4138 162.659 118.089 135.989 90.4434 38.4838 34.9285 67.3573 64.8999 48.2597 35.5106 24.1868 26.6271 31.6228 19.3132 35.3553  60.075 29.6142 45.8039 27.0185 15.1327 42.2019  33.541 37.0135 15.6205 60.2993      37 21.3776       2 34.0588 62.0081 68.0147 49.6488 25.5539 48.3839 31.4006  52.811 36.3593  67.624 13.8924 14.4222 83.5464 24.8395 51.0392   42.45 89.8053 10.2956       0 90.6091 37.2022 65.0692 48.8774  88.459      68 39.4588 128.787 88.1192 170.742 167.027 159.477 59.4138 162.659 118.089 135.989 90.4434
 194.33  109.33 194.517 90.0888 126.574 140.982 253.243 100.125 62.6498 38.0789  86.977  79.712 23.3452 31.7805 96.3172 63.6318 67.2086 64.3506 91.9239 99.2018 124.579 70.0071  77.026 45.3431 111.212  102.65 48.8365 122.495 53.7401 106.104 55.4437 83.1685 103.407 91.9674 56.5862  60.208 24.1661  60.208 115.745 50.5668 68.8767 47.1699 103.769 88.1419 88.7525 95.1315 7.07107 90.7359 97.8621 76.5506 3.60555 94.4034 90.6091       0 94.2444 26.0768 43.8292 8.06226 61.0082  76.243  194.33  109.33 194.517 90.0888 126.574 140.982 253.243 100.125 62.6498 38.0789
103.005 51.6236  207.82 181.025 188.162 90.2552  171.68 87.2067 122.674 108.019 7.81025 14.5602 74.3303 62.7694 11.1803 61.8466 46.6154 46.4866 5.65685 56.0803 61.2046 35.5106  62.426 59.0762 60.7454 49.2443 56.2228  60.407 51.4782 43.6807   85.44 11.1803 57.2451  38.833 48.6621 88.8651  70.214 35.5106      43 69.6348 27.0185 73.1642 73.4983 101.514 23.4307 24.1661 87.9318 61.6198 13.8924 75.1665 92.1141  28.178 37.2022 94.2444       0 69.1231  64.195 89.1572 94.8683 18.3576 103.005 51.6236  207.82 181.025 188.162 90.2552  171.68 87.2067 122.674 108.019
170.751 91.4166 187.747 112.446 134.792 118.068 227.693 92.8493 77.1038 45.1885 62.1691 54.5711  6.7082 11.4018 72.3395 42.2019 42.4382 39.4081 66.4078 75.2928 99.6393 49.7293 55.3624 21.5407 87.1321  77.801 24.5967 97.6166 28.8444 80.6598 43.6578 58.2495  79.404 66.5282 31.4006 49.0408       4  37.054 89.9389 32.0156 43.0813 30.4138 82.2192 75.9276 62.6817 69.0652 19.2354 68.1542 74.1687 58.1378 24.8395 68.4105 65.0692 26.0768 69.1231       0 22.2036 23.4307 52.3259 51.6236 170.751 91.4166 187.747 112.446 134.792 118.068 227.693 92.8493 77.1038 45.1885
167.108 98.4784 168.671 119.369 126.625 97.2471 210.535 108.757 99.2975 44.1022 58.8558 50.8035 21.0238 29.6142 70.6116 20.2485 24.6982 22.3607 60.0083 55.4437 81.3449 57.0088 33.6155 5.38516 67.4759 59.4643       8 79.2086 13.1529 63.8201 26.1725 54.9181 59.6657   49.93 16.2788  31.241 26.1725 41.6173 74.4312 10.7703 37.4833 11.3137 60.5392 55.7136 50.6952 56.6127 36.8917 47.0106 73.0068 36.0139  43.909 54.7814 48.8774 43.8292  64.195 22.2036       0 43.8634 36.0694      50 167.108 98.4784 168.671 119.369 126.625 97.2471 210.535 108.757 99.2975 44.1022
188.098 101.833 200.145 97.3293  134.38 140.943 251.024 92.0869 58.0345 45.2217 81.7068 74.7329 22.8473 26.4008 90.5207 64.0781 65.8027 62.8013 87.2067 98.4784 123.065 63.1981 77.4726 44.4185 110.386 101.213 47.7074 121.037 52.2015 104.062      59      78 102.626 89.9389 54.8179 64.0312 20.5183 54.4059 113.172  51.923 64.6607 49.0306 104.389 92.0217 85.4283 91.8314 9.21954 90.7855 91.9239  78.339 4.47214 91.4385  88.459 8.06226 89.1572 23.4307 43.8634       0 65.4905 70.9366 188.098 101.833 200.145 97.3293  134.38 140.943 251.024 92.0869 58.0345 45.2217
195.474 134.034  135.68 105.688 93.3006 95.4254 216.781 144.031 123.406 33.2866      91 83.2586 47.1699 62.7694 103.078  33.541 48.5077 48.3839 89.8443 63.6003 90.4765  92.957 39.4588 41.1096 74.0945 71.5891 42.2019 88.2553 45.2769 78.9177      10 87.3212 67.3573 68.0294 47.4131 6.08276 55.9464 77.4661  90.934 26.6271  70.214 24.7588 57.9828 27.6586 75.9539  80.399 56.3205 51.5461 105.702 29.1548 63.1269 77.1622      68 61.0082 94.8683 52.3259 36.0694 65.4905       0 83.6481 195.474 134.034  135.68 105.688 93.3006 95.4254 216.781 144.031 123.406 33.2866
119.269 52.4023 205.061 163.991 176.233 98.0051 188.215 78.6384 105.603 92.6553 10.7703 5.38516 57.2189 44.5982 21.0238 52.6308 38.1838 36.8782 17.6918 58.4637  70.859 21.2132 57.0088  44.643 66.1891 54.1479 42.3792 69.5845 38.4838 51.1566 73.7902  7.2111 60.8276 41.4367 36.2353 77.8974 52.3927 17.2047 54.4059 57.2713 13.6015 60.1664 74.3303 94.7629 27.0185 31.5753 70.0928 60.4152 23.1948 68.6222      74 34.1321 39.4588  76.243 18.3576 51.6236      50 70.9366 83.6481       0 119.269 52.4023 205.061 163.991 176.233 98.0051 188.215 78.6384 105.603 92.6553
      0 96.2549 286.225 283.196 288.106 148.405 144.222 138.842 204.824 211.021 109.073 117.038 176.479 162.635 98.4124 161.941 147.231 147.868 107.117 140.801 124.531 125.399 158.382 162.049 136.894  131.32 159.113 125.782 154.208 122.776 186.682 113.071 139.086 129.283 151.268 189.391 171.172 134.213 112.004 171.747     130 175.559  156.78 195.788  119.52 115.317 188.664 151.476 96.6282 171.231  191.69 118.878 128.787  194.33 103.005 170.751 167.108 188.098 195.474 119.269       0 96.2549 286.225 283.196 288.106 148.405 144.222 138.842 204.824 211.021
96.2549       0   257.2 199.111 224.589 141.156 205.565 46.3249 108.747 136.488 49.7393      55 98.0816 80.6536 40.4969  104.69 90.5539 89.0955 56.8595 107.331 111.611 42.0476 109.343 93.1933 112.361 100.846 91.8368 111.086 89.0225 95.1893 124.036 51.8652 108.747 89.8944 87.3212   128.6 90.1388 56.9386 92.9624 107.415 65.7647 109.554 124.423 147.085 74.2428 75.7694 105.323 111.517 37.9473 121.017 106.066 79.7057 88.1192  109.33 51.6236 91.4166 98.4784 101.833 134.034 52.4023 96.2549       0   257.2 199.111 224.589 141.156 205.565 46.3249 108.747 136.488
286.225   257.2       0  190.16 109.252 138.423 230.489 276.886 256.955 158.319  207.87   202.2 182.833 197.618 218.687 155.048 167.523 169.499 202.181 152.761   162.2 220.907 148.122  172.63 152.306 161.227 172.192 161.208 172.792 169.071 144.101 205.412 152.742 169.248 173.404 138.716 191.481 205.801 177.341 157.918 192.211 158.095 135.074 113.146 184.391 184.719 190.937 146.219 221.504 137.379 197.185  180.48 170.742 194.517  207.82 187.747 168.671 200.145  135.68 205.061 286.225   257.2       0  190.16 109.252 138.423 230.489 276.886 256.955 158.319
283.196 199.111  190.16       0      85 200.878 322.453 183.109 118.983 76.6942 174.393 166.595 106.794 121.037 184.784 132.231 143.252 141.382 177.725 167.705 194.987 160.028 142.664 123.693 178.941 174.542 127.094 192.751 132.439 180.693  109.59 170.426 171.735  167.72 135.595 110.277 112.161 149.215   192.2  118.68 154.208 114.232  163.67 126.811 170.062  175.96 95.0053 156.119 186.604 134.462 93.1933 173.954 167.027 90.0888 181.025 112.446 119.369 97.3293 105.688 163.991 283.196 199.111  190.16       0      85 200.878 322.453 183.109 118.983 76.6942
288.106 224.589 109.252      85       0 166.904 286.882  225.73  180.56 90.4268 184.114 176.264 128.141 146.168 196.163 126.649  141.76 141.683 183.142 150.333 174.026 182.603 129.877 132.004 158.003 159.531 133.933 172.012 137.786 167.765 102.786 180.361  153.16 159.138 140.218 99.3277 137.058  167.72 179.627 119.038 163.049 116.078 138.033 95.0053 168.808 172.792 126.811 138.521 198.736 117.239 130.115 169.248 159.477 126.574 188.162 134.792 126.625  134.38 93.3006 176.233 288.106 224.589 109.252      85       0 166.904 286.882  225.73  180.56 90.4268
148.405 141.156 138.423 200.878 166.904       0  122.54  176.23 193.259  127.35 94.4299 93.0054 118.207 120.905     101 77.3886 76.3217 79.4796 85.7088 43.3244 29.7321 119.067 64.0703 96.6023 32.5576 44.2832 93.4719 30.0832 89.5545 47.0956 93.3488 94.1329 39.5601 57.4282 87.4643 91.4385 121.672 109.037 48.3839  91.022 90.7965      95 38.2099 76.0592      71 67.1863 134.112 50.2494 103.368 67.8823 141.156 64.0312 59.4138 140.982 90.2552 118.068 97.2471 140.943 95.4254 98.0051 148.405 141.156 138.423 200.878 166.904       0  122.54  176.23 193.259  127.35
144.222 205.565 230.489 322.453 286.882  122.54       0 251.199 293.804 247.164 179.179 183.003 229.941 226.491 177.508 193.041 186.196 188.958 170.652 156.208 129.321 207.183 181.011 208.125 144.402 151.093 204.561 131.503 199.529 147.139 213.284 181.463 152.003 161.276 196.657 212.219 230.521 204.619 137.931 207.251 188.733 211.634 158.808 198.588 166.508 160.206 246.175 167.048 178.239 188.064 252.462 159.962 162.659 253.243  171.68 227.693 210.535 251.024 216.781 188.215 144.222 205.565 230.489 322.453 286.882  122.54       0 251.199 293.804 247.164
138.842 46.3249 276.886 183.109  225.73  176.23 251.199       0 74.2428  135.37      82 83.3847 99.0858 81.6884 77.7817 122.156 111.328 108.849  91.022 136.945 148.003 58.4637 130.973 104.446 144.779  132.74 104.709 147.003 104.216 129.139 134.525 82.0975 139.442 120.071  103.87 139.786 89.8721  72.111 130.138 119.365 88.5268 119.817 152.082 163.768 105.385 109.073 99.0202 137.528 76.1183 140.118 96.5194 112.219 118.089 100.125 87.2067 92.8493 108.757 92.0869 144.031 78.6384 138.842 46.3249 276.886 183.109  225.73  176.23 251.199       0 74.2428  135.37
204.824 108.747 256.955 118.983  180.56 193.259 293.804 74.2428       0 99.0404 114.978 110.802 79.3095 72.4224 118.802 119.239 117.004 113.842 123.227  149.94 171.292 87.6926  132.22   98.27 161.186 150.479 100.896 169.523  104.12 151.159 117.017 112.446 153.792 137.801 105.948 122.066 73.1642 89.3085 157.785 108.665 106.174 106.301 158.862 150.053 128.631 134.629 67.1193 144.368  118.87 135.074 60.2993 135.695 135.989 62.6498 122.674 77.1038 99.2975 58.0345 123.406 105.603 204.824 108.747 256.955 118.983  180.56 193.259 293.804 74.2428       0 99.0404
211.021 136.488 158.319 76.6942 90.4268  127.35 247.164  135.37 99.0404       0  102.24 94.1913 38.4838  56.356 113.635 55.5428 66.9403  65.307 104.019 91.4166 118.701  94.578 66.3702 49.0102 102.927 97.9439 52.0865 116.469 57.2189     104 34.0588 98.2497 95.5249 91.0824 60.2993 36.1248 47.0106 80.7775 115.521 42.0595 81.0555 37.6431 89.2749 60.0083 94.3663  100.02 36.8782 80.1561 115.849 59.5483 41.3401 97.7446 90.4434 38.0789 108.019 45.1885 44.1022 45.2217 33.2866 92.6553 211.021 136.488 158.319 76.6942 90.4268  127.35 247.164  135.37 99.0404       0

