      0 82.2192 244.444 264.609 7.61577 144.309 200.861 142.359 160.066 131.898 192.824 122.801 158.644 167.287 114.856 126.479 186.904 127.012 118.849 165.801 183.731  126.27 132.442       0 82.2192 244.444 264.609 7.61577
82.2192       0 286.225 263.685 75.5381 187.096 243.074 201.936 219.329 179.067 246.789 187.489 218.961 212.558 178.617 188.003 230.601 164.402 184.762 209.442  228.65 184.911 175.411 82.2192       0 286.225 263.685 75.5381
244.444 286.225       0 142.215  243.92 101.134 43.8634 111.018 97.4166 112.606  63.561 134.034 100.603 77.1622 138.438 126.254 57.5847 122.299 139.032  78.924 60.7289 122.919 113.217 244.444 286.225       0 142.215  243.92
264.609 263.685 142.215       0   260.1  152.62 138.235 193.752 192.575 166.027 176.876 209.881 196.026 151.093  207.87 200.562  143.67 152.977 213.694 147.323 147.557 192.961 158.218 264.609 263.685 142.215       0   260.1
7.61577 75.5381  243.92   260.1       0 143.293 200.192 143.694 161.471  131.32 193.631 124.844 160.206 166.784 116.662 128.004 186.336 125.132 121.083 165.082 183.295 127.318  131.32 7.61577 75.5381  243.92   260.1       0
144.309 187.096 101.134  152.62 143.293       0 57.2713 44.2832 51.2445 14.5602 63.5295 57.3149 53.6004 25.4951 55.4707 48.0833  43.909 23.6008 61.0737 22.4722 41.6173 40.3609  12.083 144.309 187.096 101.134  152.62 143.293
200.861 243.074 43.8634 138.235 200.192 57.2713       0 72.7805 63.0714 68.9638  38.833 95.1893 66.6408 33.7343 98.2497 86.5794 14.1421 78.7718  100.13 35.1141      18 82.0549 69.3542 200.861 243.074 43.8634 138.235 200.192
142.359 201.936 111.018 193.752 143.694 44.2832 72.7805       0 17.8045 36.3456 51.5461 23.0217 17.0294 44.4185 28.4605 16.1555 59.7746 59.2115 28.0179 47.2017 55.3624 17.0294 45.7056 142.359 201.936 111.018 193.752 143.694
160.066 219.329 97.4166 192.575 161.471 51.2445 63.0714 17.8045       0 47.8539 35.3553 38.8973 3.60555 41.6173  45.618 33.6155 51.8652 70.5762 43.6807  45.793 47.4342 34.6554 56.3205 160.066 219.329 97.4166 192.575 161.471
131.898 179.067 112.606 166.027  131.32 14.5602 68.9638 36.3456 47.8539       0 68.1175 44.8219  49.366 35.4683 41.8688 36.0555 55.0273      23 48.1041 33.9559      52 28.0179 9.48683 131.898 179.067 112.606 166.027  131.32
192.824 246.789  63.561 176.876 193.631 63.5295  38.833 51.5461 35.3553 68.1175       0 73.9797 38.1182 40.5216 80.0062 67.6757 34.9285  86.954 78.8543 45.3542  32.249 66.6408 73.4983 192.824 246.789  63.561 176.876 193.631
122.801 187.489 134.034 209.881 124.844 57.3149 95.1893 23.0217 38.8973 44.8219 73.9797       0 36.7696  64.846 8.94427 9.43398 81.7863  64.405       5 66.7083 77.4661 16.9706 53.8238 122.801 187.489 134.034 209.881 124.844
158.644 218.961 100.603 196.026 160.206 53.6004 66.6408 17.0294 3.60555  49.366 38.1182 36.7696       0      45  43.909 32.2025 55.4707 72.2496 41.4367 49.0918 51.0392 34.0588 58.0775 158.644 218.961 100.603 196.026 160.206
167.287 212.558 77.1622 151.093 166.784 25.4951 33.7343 44.4185 41.6173 35.4683 40.5216  64.846      45       0 66.4906 55.6597 19.6469 48.8365 69.5701       5 16.5529   50.01 37.2022 167.287 212.558 77.1622 151.093 166.784
114.856 178.617 138.438  207.87 116.662 55.4707 98.2497 28.4605  45.618 41.8688 80.0062 8.94427  43.909 66.4906       0 12.3693 84.4808 59.3633 8.06226   67.72 80.3057 16.4924 50.2096 114.856 178.617 138.438  207.87 116.662
126.479 188.003 126.254 200.562 128.004 48.0833 86.5794 16.1555 33.6155 36.0555 67.6757 9.43398 32.2025 55.6597 12.3693       0 72.9932  56.648 13.9284 57.3847 68.7314 8.06226 45.2769 126.479 188.003 126.254 200.562 128.004
186.904 230.601 57.5847  143.67 186.336  43.909 14.1421 59.7746 51.8652 55.0273 34.9285 81.7863 55.4707 19.6469 84.4808 72.9932       0 66.2193 86.6833 21.4709 4.47214 68.1836 55.9464 186.904 230.601 57.5847  143.67 186.336
127.012 164.402 122.299 152.977 125.132 23.6008 78.7718 59.2115 70.5762      23  86.954  64.405 72.2496 48.8365 59.3633  56.648 66.2193       0 66.7308 45.2769 64.4438 48.7032 14.3178 127.012 164.402 122.299 152.977 125.132
118.849 184.762 139.032 213.694 121.083 61.0737  100.13 28.0179 43.6807 48.1041 78.8543       5 41.4367 69.5701 8.06226 13.9284 86.6833 66.7308       0 71.3092 82.3772 20.8087 56.8507 118.849 184.762 139.032 213.694 121.083
165.801 209.442  78.924 147.323 165.082 22.4722 35.1141 47.2017  45.793 33.9559 45.3542 66.7083 49.0918       5   67.72 57.3847 21.4709 45.2769 71.3092       0 19.2094 51.2445 34.4819 165.801 209.442  78.924 147.323 165.082
183.731  228.65 60.7289 147.557 183.295 41.6173      18 55.3624 47.4342      52  32.249 77.4661 51.0392 16.5529 80.3057 68.7314 4.47214 64.4438 82.3772 19.2094       0 64.0703  53.535 183.731  228.65 60.7289 147.557 183.295
 126.27 184.911 122.919 192.961 127.318 40.3609 82.0549 17.0294 34.6554 28.0179 66.6408 16.9706 34.0588   50.01 16.4924 8.06226 68.1836 48.7032 20.8087 51.2445 64.0703       0 37.2156  126.27 184.911 122.919 192.961 127.318
132.442 175.411 113.217 158.218  131.32  12.083 69.3542 45.7056 56.3205 9.48683 73.4983 53.8238 58.0775 37.2022 50.2096 45.2769 55.9464 14.3178 56.8507 34.4819  53.535 37.2156       0 132.442 175.411 113.217 158.218  131.32
      0 82.2192 244.444 264.609 7.61577 144.309 200.861 142.359 160.066 131.898 192.824 122.801 158.644 167.287 114.856 126.479 186.904 127.012 118.849 165.801 183.731  126.27 132.442       0 82.2192 244.444 264.609 7.61577
82.2192       0 286.225 263.685 75.5381 187.096 243.074 201.936 219.329 179.067 246.789 187.489 218.961 212.558 178.617 188.003 230.601 164.402 184.762 209.442  228.65 184.911 175.411 82.2192       0 286.225 263.685 75.5381
244.444 286.225       0 142.215  243.92 101.134 43.8634 111.018 97.4166 112.606  63.561 134.034 100.603 77.1622 138.438 126.254 57.5847 122.299 139.032  78.924 60.7289 122.919 113.217 244.444 286.225       0 142.215  243.92
264.609 263.685 142.215       0   260.1  152.62 138.235 193.752 192.575 166.027 176.876 209.881 196.026 151.093  207.87 200.562  143.67 152.977 213.694 147.323 147.557 192.961 158.218 264.609 263.685 142.215       0   260.1
7.61577 75.5381  243.92   260.1       0 143.293 200.192 143.694 161.471  131.32 193.631 124.844 160.206 166.784 116.662 128.004 186.336 125.132 121.083 165.082 183.295 127.318  131.32 7.61577 75.5381  243.92   260.1       0

