     0 123.665 31.0161   49.98 229.401 227.693  191.76 140.357  90.471 104.202 73.7564 88.6002  139.27 105.437       0 123.665 31.0161   49.98 229.401 227.693  191.76
123.665       0 135.326  135.37 156.115  105.19 68.1542 34.8281 35.0143 26.9258 62.9682 35.5106 19.3132 75.1665 123.665       0 135.326  135.37 156.115  105.19 68.1542
31.0161 135.326       0   80.05 255.548 240.504 201.777 144.921 105.891 120.615 96.2601 102.801 148.142 131.488 31.0161 135.326       0   80.05 255.548 240.504 201.777
  49.98  135.37   80.05       0  202.97 230.673 201.122 161.301 100.603     110 73.0068 101.272 153.942 87.2067   49.98  135.37   80.05       0  202.97 230.673 201.122
229.401 156.115 255.548  202.97       0 135.724 151.397 183.698 162.265 149.255 160.153 167.108 163.441 124.169 229.401 156.115 255.548  202.97       0 135.724 151.397
227.693  105.19 240.504 230.673 135.724       0 42.8019 104.805 137.233 123.976  159.11 139.205 94.0213 149.013 227.693  105.19 240.504 230.673 135.724       0 42.8019
 191.76 68.1542 201.777 201.122 151.397 42.8019       0 62.2254 102.591 91.2688 128.141 103.586 53.6656 127.094  191.76 68.1542 201.777 201.122 151.397 42.8019       0
140.357 34.8281 144.921 161.301 183.698 104.805 62.2254       0 62.6498 59.8164 92.1954 60.7454 20.3961 109.622 140.357 34.8281 144.921 161.301 183.698 104.805 62.2254
 90.471 35.0143 105.891 100.603 162.265 137.233 102.591 62.6498       0 14.8661 29.5466       5 53.3385  54.626  90.471 35.0143 105.891 100.603 162.265 137.233 102.591
104.202 26.9258 120.615     110 149.255 123.976 91.2688 59.8164 14.8661       0 37.0135  18.868 46.2385  50.448 104.202 26.9258 120.615     110 149.255 123.976 91.2688
73.7564 62.9682 96.2601 73.0068 160.153  159.11 128.141 92.1954 29.5466 37.0135       0 31.9061      82 38.3275 73.7564 62.9682 96.2601 73.0068 160.153  159.11 128.141
88.6002 35.5106 102.801 101.272 167.108 139.205 103.586 60.7454       5  18.868 31.9061       0 53.0094 59.2368 88.6002 35.5106 102.801 101.272 167.108 139.205 103.586
 139.27 19.3132 148.142 153.942 163.441 94.0213 53.6656 20.3961 53.3385 46.2385      82 53.0094       0 93.6002  139.27 19.3132 148.142 153.942 163.441 94.0213 53.6656
105.437 75.1665 131.488 87.2067 124.169 149.013 127.094 109.622  54.626  50.448 38.3275 59.2368 93.6002       0 105.437 75.1665 131.488 87.2067 124.169 149.013 127.094
      0 123.665 31.0161   49.98 229.401 227.693  191.76 140.357  90.471 104.202 73.7564 88.6002  139.27 105.437       0 123.665 31.0161   49.98 229.401 227.693  191.76
123.665       0 135.326  135.37 156.115  105.19 68.1542 34.8281 35.0143 26.9258 62.9682 35.5106 19.3132 75.1665 123.665       0 135.326  135.37 156.115  105.19 68.1542
31.0161 135.326       0   80.05 255.548 240.504 201.777 144.921 105.891 120.615 96.2601 102.801 148.142 131.488 31.0161 135.326       0   80.05 255.548 240.504 201.777
  49.98  135.37   80.05       0  202.97 230.673 201.122 161.301 100.603     110 73.0068 101.272 153.942 87.2067   49.98  135.37   80.05       0  202.97 230.673 201.122
229.401 156.115 255.548  202.97       0 135.724 151.397 183.698 162.265 149.255 160.153 167.108 163.441 124.169 229.401 156.115 255.548  202.97       0 135.724 151.397
227.693  105.19 240.504 230.673 135.724       0 42.8019 104.805 137.233 123.976  159.11 139.205 94.0213 149.013 227.693  105.19 240.504 230.673 135.724       0 42.8019
 191.76 68.1542 201.777 201.122 151.397 42.8019       0 62.2254 102.591 91.2688 128.141 103.586 53.6656 127.094  191.76 68.1542 201.777 201.122 151.397 42.8019       0

