      1e+20 3.62989e+22     181.604     194.435     212.002     172.235     154.871      182.65     223.786     170.082       1e+40 3.62989e+32
3.62989e+22       1e+20     181.893     186.815     165.052     192.338     209.022     184.043     148.946     193.041 3.62989e+32       1e+40
1.81604e+22 1.81893e+22       1e+10     68.0074     47.7598     12.3693          35     16.4012          50     18.4391     181.604     181.893
1.94435e+22 1.86815e+22     68.0074       1e+10     110.752     76.5376     55.2268     84.4038     105.475     55.5428     194.435     186.815
2.12002e+22 1.65052e+22     47.7598     110.752       1e+10     48.1664     81.5843     35.1283     16.7631     66.0984     212.002     165.052
1.72235e+22 1.92338e+22     12.3693     76.5376     48.1664       1e+10      34.176     13.0384     54.3415     21.9317     172.235     192.338
1.54871e+22 2.09022e+22          35     55.2268     81.5843      34.176       1e+10     46.8402          85     17.4642     154.871     209.022
 1.8265e+22 1.84043e+22     16.4012     84.4038     35.1283     13.0384     46.8402       1e+10     42.0595     32.7567      182.65     184.043
2.23786e+22 1.48946e+22          50     105.475     16.7631     54.3415          85     42.0595       1e+10     68.1175     223.786     148.946
1.70082e+22 1.93041e+22     18.4391     55.5428     66.0984     21.9317     17.4642     32.7567     68.1175       1e+10     170.082     193.041
      1e+40 3.62989e+32 1.81604e+22 1.94435e+22 2.12002e+22 1.72235e+22 1.54871e+22  1.8265e+22 2.23786e+22 1.70082e+22       1e+20 3.62989e+22
3.62989e+32       1e+40 1.81893e+22 1.86815e+22 1.65052e+22 1.92338e+22 2.09022e+22 1.84043e+22 1.48946e+22 1.93041e+22 3.62989e+22       1e+20
