      1e+20 2.24878e+12 4.74236e+11  1.2881e+12 2.50799e+11 1.93763e+12 2.31821e+12 1.12004e+12  7.6922e+11 1.35591e+12 1.47828e+12 2.67479e+12 1.00807e+12      101.71     55.3624     110.635     70.9366     141.693     45.3982     44.5533     61.0983     150.546     115.745     149.402     135.484     145.908     76.6616     143.951     138.752         106     72.0069     123.065     109.636     122.053     113.159     119.641      156.08      51.923     129.692       1e+20 2.24878e+12 4.74236e+11  1.2881e+12 2.50799e+11 1.93763e+12 2.31821e+12 1.12004e+12  7.6922e+11 1.35591e+12 1.47828e+12 2.67479e+12 1.00807e+12
2.24878e+12       1e+20 2.62909e+12 1.58701e+12 2.38732e+12 3.40708e+12 4.10488e+11  1.5199e+12 2.75051e+12 1.90224e+12 2.38304e+12 2.02892e+12 2.51921e+12     208.022     177.609     126.625     184.895     123.907      179.48     180.347     173.658     113.146     190.066      156.63     145.774     126.574     171.094     100.439     110.209     205.061     157.433     136.825     193.003     111.485     158.446     118.962     128.425     178.264     137.906 2.24878e+12       1e+20 2.62909e+12 1.58701e+12 2.38732e+12 3.40708e+12 4.10488e+11  1.5199e+12 2.75051e+12 1.90224e+12 2.38304e+12 2.02892e+12 2.51921e+12
4.74236e+11 2.62909e+12       1e+20 1.42046e+12 2.50599e+11 1.55116e+12 2.73923e+12 1.30698e+12 3.40588e+11 1.37557e+12 1.33544e+12 2.73386e+12 1.34629e+12     98.4784     85.5102     140.431     86.7006     164.104     87.2353     86.8332     89.9444     174.645     118.962     161.307     152.082     166.883     98.0816     173.104     166.003     103.774     105.537     144.886     112.254     154.175     129.074     149.335     175.328     84.6463     149.777 4.74236e+11 2.62909e+12       1e+20 1.42046e+12 2.50599e+11 1.55116e+12 2.73923e+12 1.30698e+12 3.40588e+11 1.37557e+12 1.33544e+12 2.73386e+12 1.34629e+12
 1.2881e+12 1.58701e+12 1.42046e+12       1e+20 1.25718e+12 1.82099e+12 1.87096e+12 2.11896e+11 1.38177e+12 3.27567e+11 8.02808e+11 1.39316e+12 2.13902e+12     54.3415     77.1557     52.1536     58.3095     34.8281      101.02     102.416     71.5891     46.0435     32.6956     20.6155     13.4164      33.121     53.0377     59.8164          50          50     72.0069     26.2488     37.3631     62.3618     16.4012     52.6308     36.6742     82.2192     21.6333  1.2881e+12 1.58701e+12 1.42046e+12       1e+20 1.25718e+12 1.82099e+12 1.87096e+12 2.11896e+11 1.38177e+12 3.27567e+11 8.02808e+11 1.39316e+12 2.13902e+12
2.50799e+11 2.38732e+12 2.50599e+11 1.25718e+12       1e+20 1.69331e+12 2.49018e+12 1.11973e+12 5.18845e+11 1.26372e+12 1.31126e+12 2.61335e+12 1.22332e+12     89.1403     62.1289     118.004     68.0074     144.368     62.1772     61.7738     67.0075     154.379     106.827     145.794      134.48     147.709      77.666     151.119     144.586     94.0479     81.7435     125.172     100.265     131.187     111.427     127.016     156.895     60.6712     130.771 2.50799e+11 2.38732e+12 2.50599e+11 1.25718e+12       1e+20 1.69331e+12 2.49018e+12 1.11973e+12 5.18845e+11 1.26372e+12 1.31126e+12 2.61335e+12 1.22332e+12
1.93763e+12 3.40708e+12 1.55116e+12 1.82099e+12 1.69331e+12       1e+20 3.66989e+12 1.90213e+12 1.21066e+12 1.51727e+12 1.04809e+12 2.42596e+12 2.89624e+12      135.37     193.238      221.07      170.88     216.926      212.85     213.385         193     228.035     150.814     187.523     195.233     214.805     183.349     240.753     230.868     137.244     208.722     204.502     148.499     235.705     183.175     226.385     215.232     196.774      202.83 1.93763e+12 3.40708e+12 1.55116e+12 1.82099e+12 1.69331e+12       1e+20 3.66989e+12 1.90213e+12 1.21066e+12 1.51727e+12 1.04809e+12 2.42596e+12 2.89624e+12
2.31821e+12 4.10488e+11 2.73923e+12 1.87096e+12 2.49018e+12 3.66989e+12       1e+20 1.76782e+12 2.90424e+12 2.19618e+12 2.67372e+12 2.43594e+12 2.41746e+12     232.086     191.003     146.986     203.335     153.219     187.275     187.878     188.043      143.67     216.541     188.367         175     156.984     189.489     127.283     137.131     229.837      170.95     162.856     218.506     131.894     183.897     140.858     160.879     190.518     165.557 2.31821e+12 4.10488e+11 2.73923e+12 1.87096e+12 2.49018e+12 3.66989e+12       1e+20 1.76782e+12 2.90424e+12 2.19618e+12 2.67372e+12 2.43594e+12 2.41746e+12
1.12004e+12  1.5199e+12 1.30698e+12 2.11896e+11 1.11973e+12 1.90213e+12 1.76782e+12       1e+20 1.31643e+12 4.90306e+11 9.30591e+11  1.5855e+12   1.936e+12     56.0357      58.258     33.8378     44.1475     34.0588     80.9197     82.3286     52.4976     45.3982     40.2244     40.2244     23.6008     36.2215     35.3553     51.6236     42.0595     53.2635     51.1077     15.8114     41.7253     46.6476     7.61577     36.8917     44.9222     63.0317      19.105 1.12004e+12  1.5199e+12 1.30698e+12 2.11896e+11 1.11973e+12 1.90213e+12 1.76782e+12       1e+20 1.31643e+12 4.90306e+11 9.30591e+11  1.5855e+12   1.936e+12
 7.6922e+11 2.75051e+12 3.40588e+11 1.38177e+12 5.18845e+11 1.21066e+12 2.90424e+12 1.31643e+12       1e+20  1.2596e+12 1.11041e+12 2.59731e+12 1.68668e+12     87.0976     99.4786      148.96      90.956      165.68     108.931     108.904     102.421     177.023     109.836     155.293     150.003     167.242     104.403     179.513      171.21     92.4175     119.474     147.105     103.407     163.811     128.141      157.28         174     100.404     150.403  7.6922e+11 2.75051e+12 3.40588e+11 1.38177e+12 5.18845e+11 1.21066e+12 2.90424e+12 1.31643e+12       1e+20  1.2596e+12 1.11041e+12 2.59731e+12 1.68668e+12
1.35591e+12 1.90224e+12 1.37557e+12 3.27567e+11 1.26372e+12 1.51727e+12 2.19618e+12 4.90306e+11  1.2596e+12       1e+20 4.80833e+11 1.35831e+12 2.29009e+12     39.3954     91.9239     82.7103     66.7308     66.6033     117.745     119.038     87.3155     77.0779     19.8494     36.2491     44.6878     63.6553     68.3081     92.4175      82.662     34.0147     93.3809     58.6003     26.1725     94.3398     41.5933     84.5044     63.5138     97.3088     54.3783 1.35591e+12 1.90224e+12 1.37557e+12 3.27567e+11 1.26372e+12 1.51727e+12 2.19618e+12 4.90306e+11  1.2596e+12       1e+20 4.80833e+11 1.35831e+12 2.29009e+12
1.47828e+12 2.38304e+12 1.33544e+12 8.02808e+11 1.31126e+12 1.04809e+12 2.67372e+12 9.30591e+11 1.11041e+12 4.80833e+11       1e+20 1.55003e+12 2.47695e+12       50.04     119.004     126.574     92.0054      114.63     144.222     145.279     116.069      125.16     53.3104      83.006     92.6984     111.732     99.8499     140.089      130.25     48.0937     127.279     105.119     54.1202     139.671     85.4751     129.865     111.041     124.036     101.828 1.47828e+12 2.38304e+12 1.33544e+12 8.02808e+11 1.31126e+12 1.04809e+12 2.67372e+12 9.30591e+11 1.11041e+12 4.80833e+11       1e+20 1.55003e+12 2.47695e+12
2.67479e+12 2.02892e+12 2.73386e+12 1.39316e+12 2.61335e+12 2.42596e+12 2.43594e+12  1.5855e+12 2.59731e+12 1.35831e+12 1.55003e+12       1e+20 3.51729e+12     175.026     216.379     177.248     196.543     139.607      239.42     240.832     210.737     137.743     154.777     118.794     135.473     133.454     192.354     157.178     153.847     169.685      208.83     152.801     161.447     177.589     155.563     171.677     122.115     221.353     144.807 2.67479e+12 2.02892e+12 2.73386e+12 1.39316e+12 2.61335e+12 2.42596e+12 2.43594e+12  1.5855e+12 2.59731e+12 1.35831e+12 1.55003e+12       1e+20 3.51729e+12
1.00807e+12 2.51921e+12 1.34629e+12 2.13902e+12 1.22332e+12 2.89624e+12 2.41746e+12   1.936e+12 1.68668e+12 2.29009e+12 2.47695e+12 3.51729e+12       1e+20     199.672     137.713     176.799     162.339     214.264     112.894     111.503     142.888     219.367     209.745     233.805     216.301     219.966     162.077       204.9     204.044     203.337     142.902     199.151     204.436     181.177     197.517     184.043     231.311     132.401      207.06 1.00807e+12 2.51921e+12 1.34629e+12 2.13902e+12 1.22332e+12 2.89624e+12 2.41746e+12   1.936e+12 1.68668e+12 2.29009e+12 2.47695e+12 3.51729e+12       1e+20
 1.0171e+12 2.08022e+12 9.84784e+11 5.43415e+11 8.91403e+11  1.3537e+12 2.32086e+12 5.60357e+11 8.70976e+11 3.93954e+11   5.004e+11 1.75026e+12 1.99672e+12       1e+10     69.0072      85.703      42.107     86.9253     94.1913     95.2575     66.2722     98.6154     23.0217     69.0072     67.4463     86.6487     51.2445     107.615     97.9439     5.38516     78.5875     71.3442     17.1172     100.419     49.7393     91.2414     91.0055     74.0068     71.5891      101.71     208.022     98.4784     54.3415     89.1403      135.37     232.086     56.0357     87.0976     39.3954       50.04     175.026     199.672
5.53624e+11 1.77609e+12 8.55102e+11 7.71557e+11 6.21289e+11 1.93238e+12 1.91003e+12  5.8258e+11 9.94786e+11 9.19239e+11 1.19004e+12 2.16379e+12 1.37713e+12     69.0072       1e+10     56.2228      27.074      86.406     25.9615     27.2029     5.83095     95.1893     73.3757      97.591     81.8352     90.7855     24.4131       89.56     83.7437     71.1126     20.2485          68      68.884     69.0652     60.8276     65.2763     101.213     5.38516     74.9466     55.3624     177.609     85.5102     77.1557     62.1289     193.238     191.003      58.258     99.4786     91.9239     119.004     216.379     137.713
1.10635e+12 1.26625e+12 1.40431e+12 5.21536e+11 1.18004e+12  2.2107e+12 1.46986e+12 3.38378e+11  1.4896e+12 8.27103e+11 1.26574e+12 1.77248e+12 1.76799e+12      85.703     56.2228       1e+10     58.3095     37.8021     69.7782     71.1126     51.0392     42.8019     73.3553     66.0984     46.6905     43.8292     44.5982     33.3766     28.6356     84.0238     38.8973     27.2947     73.7835     15.2643     41.4367     9.05539     55.2178     58.8558     34.9285     110.635     126.625     140.431     52.1536     118.004      221.07     146.986     33.8378      148.96     82.7103     126.574     177.248     176.799
7.09366e+11 1.84895e+12 8.67006e+11 5.83095e+11 6.80074e+11  1.7088e+12 2.03335e+12 4.41475e+11  9.0956e+11 6.67308e+11 9.20054e+11 1.96543e+12 1.62339e+12      42.107      27.074     58.3095       1e+10     77.4145     52.7731     53.9351     24.1868     88.0909     47.4236     78.7718     66.4831     80.2309     13.8924     88.6454     80.6226     44.0454     38.0132     58.2151     42.3792     73.4098     43.4626     66.4078     89.0225      32.249     63.1506     70.9366     184.895     86.7006     58.3095     68.0074      170.88     203.335     44.1475      90.956     66.7308     92.0054     196.543     162.339
1.41693e+12 1.23907e+12 1.64104e+12 3.48281e+11 1.44368e+12 2.16926e+12 1.53219e+12 3.40588e+11  1.6568e+12 6.66033e+11  1.1463e+12 1.39607e+12 2.14264e+12     86.9253      86.406     37.8021     77.4145       1e+10     104.862     106.254     80.6226     11.7047      66.888     36.6879     21.9317     6.32456     66.7083     26.9258     18.2483     83.1925     73.2393     19.2354     70.6612     39.2938     38.0789     32.2025     17.4929     90.3383     15.5242     141.693     123.907     164.104     34.8281     144.368     216.926     153.219     34.0588      165.68     66.6033      114.63     139.607     214.264
4.53982e+11  1.7948e+12 8.72353e+11  1.0102e+12 6.21772e+11  2.1285e+12 1.87275e+12 8.09197e+11 1.08931e+12 1.17745e+12 1.44222e+12  2.3942e+12 1.12894e+12     94.1913     25.9615     69.7782     52.7731     104.862       1e+10     1.41421     30.4631     112.004     99.3277     121.037     104.005         110     49.6588     102.181     98.4124     96.6282     31.6228     87.9659     94.8314     79.1202     84.6286     78.3901     121.037     20.6155     95.5877     45.3982      179.48     87.2353      101.02     62.1772      212.85     187.275     80.9197     108.931     117.745     144.222      239.42     112.894
4.45533e+11 1.80347e+12 8.68332e+11 1.02416e+12 6.17738e+11 2.13385e+12 1.87878e+12 8.23286e+11 1.08904e+12 1.19038e+12 1.45279e+12 2.40832e+12 1.11503e+12     95.2575     27.2029     71.1126     53.9351     106.254     1.41421       1e+10     31.7805     113.371     100.578     122.442     105.418       111.4     50.9902     103.465     99.7447     97.7394     33.0151     89.3756     96.0469     80.3617     86.0233     79.7057     122.442     21.8403          97     44.5533     180.347     86.8332     102.416     61.7738     213.385     187.878     82.3286     108.904     119.038     145.279     240.832     111.503
6.10983e+11 1.73658e+12 8.99444e+11 7.15891e+11 6.70075e+11    1.93e+12 1.88043e+12 5.24976e+11 1.02421e+12 8.73155e+11 1.16069e+12 2.10737e+12 1.42888e+12     66.2722     5.83095     51.0392     24.1868     80.6226     30.4631     31.7805       1e+10      89.493     69.1231     91.9674     76.0592     84.9706     19.2354     84.2912     78.2624     68.0074     17.2047     62.1772     64.9384     64.2806     55.2268      60.075     95.3834     10.6301     69.1158     61.0983     173.658     89.9444     71.5891     67.0075         193     188.043     52.4976     102.421     87.3155     116.069     210.737     142.888
1.50546e+12 1.13146e+12 1.74645e+12 4.60435e+11 1.54379e+12 2.28035e+12  1.4367e+12 4.53982e+11 1.77023e+12 7.70779e+11  1.2516e+12 1.37743e+12 2.19367e+12     98.6154     95.1893     42.8019     88.0909     11.7047     112.004     113.371      89.493       1e+10     78.3901     44.7772     32.8024     13.4536     76.7919     21.0238     16.1245     94.8472     80.5295     30.0167     82.2922     39.9625     49.7293     35.3553      19.105     98.7927     27.2029     150.546     113.146     174.645     46.0435     154.379     228.035      143.67     45.3982     177.023     77.0779      125.16     137.743     219.367
1.15745e+12 1.90066e+12 1.18962e+12 3.26956e+11 1.06827e+12 1.50814e+12 2.16541e+12 4.02244e+11 1.09836e+12 1.98494e+11 5.33104e+11 1.54777e+12 2.09745e+12     23.0217     73.3757     73.3553     47.4236      66.888     99.3277     100.578     69.1231     78.3901       1e+10          46     46.0977     65.7419      50.636     89.9389     80.0562     18.0278     77.0584     53.7401      6.7082     86.8217     32.8024     77.1038     68.9638     78.7464     52.2015     115.745     190.066     118.962     32.6956     106.827     150.814     216.541     40.2244     109.836     19.8494     53.3104     154.777     209.745
1.49402e+12  1.5663e+12 1.61307e+12 2.06155e+11 1.45794e+12 1.87523e+12 1.88367e+12 4.02244e+11 1.55293e+12 3.62491e+11  8.3006e+11 1.18794e+12 2.33805e+12     69.0072      97.591     66.0984     78.7718     36.6879     121.037     122.442     91.9674     44.7772          46       1e+10     19.4165     31.7805     73.5935     63.5689     54.8179     64.0078     91.2688      38.833     52.0865     73.0068     36.7696     64.0703     28.2843     102.591      31.257     149.402      156.63     161.307     20.6155     145.794     187.523     188.367     40.2244     155.293     36.2491      83.006     118.794     233.805
1.35484e+12 1.45774e+12 1.52082e+12 1.34164e+11  1.3448e+12 1.95233e+12    1.75e+12 2.36008e+11 1.50003e+12 4.46878e+11 9.26984e+11 1.35473e+12 2.16301e+12     67.4463     81.8352     46.6905     66.4831     21.9317     104.005     105.418     76.0592     32.8024     46.0977     19.4165       1e+10     19.7231     58.8303     48.0208     38.4708     63.2456     73.4098     19.4165     50.5964      54.231     23.0868     45.0111     24.0208     86.5563          12     135.484     145.774     152.082     13.4164      134.48     195.233         175     23.6008     150.003     44.6878     92.6984     135.473     216.301
1.45908e+12 1.26574e+12 1.66883e+12  3.3121e+11 1.47709e+12 2.14805e+12 1.56984e+12 3.62215e+11 1.67242e+12 6.36553e+11 1.11732e+12 1.33454e+12 2.19966e+12     86.6487     90.7855     43.8292     80.2309     6.32456         110       111.4     84.9706     13.4536     65.7419     31.7805     19.7231       1e+10      70.214     32.0156     24.0208     82.6378     78.4092     22.8473     70.0071      45.607     39.1152     38.4838     11.4018     94.8947     17.1172     145.908     126.574     166.883      33.121     147.709     214.805     156.984     36.2215     167.242     63.6553     111.732     133.454     219.966
7.66616e+11 1.71094e+12 9.80816e+11 5.30377e+11  7.7666e+11 1.83349e+12 1.89489e+12 3.53553e+11 1.04403e+12 6.83081e+11 9.98499e+11 1.92354e+12 1.62077e+12     51.2445     24.4131     44.5982     13.8924     66.7083     49.6588     50.9902     19.2354     76.7919      50.636     73.5935     58.8303      70.214       1e+10     75.6637     68.0661     51.9711     27.4591     47.5395     47.0425     59.6154     36.8782     52.8867     79.8499     29.6816     53.4883     76.6616     171.094     98.0816     53.0377      77.666     183.349     189.489     35.3553     104.403     68.3081     99.8499     192.354     162.077
1.43951e+12 1.00439e+12 1.73104e+12 5.98164e+11 1.51119e+12 2.40753e+12 1.27283e+12 5.16236e+11 1.79513e+12 9.24175e+11 1.40089e+12 1.57178e+12   2.049e+12     107.615       89.56     33.3766     88.6454     26.9258     102.181     103.465     84.2912     21.0238     89.9389     63.5689     48.0208     32.0156     75.6637       1e+10     9.89949     104.623     72.0347     36.4005     92.6175     23.8537     58.0086     24.3311     40.0125      92.228     38.2884     143.951     100.439     173.104     59.8164     151.119     240.753     127.283     51.6236     179.513     92.4175     140.089     157.178       204.9
1.38752e+12 1.10209e+12 1.66003e+12       5e+11 1.44586e+12 2.30868e+12 1.37131e+12 4.20595e+11  1.7121e+12  8.2662e+11  1.3025e+12 1.53847e+12 2.04044e+12     97.9439     83.7437     28.6356     80.6226     18.2483     98.4124     99.7447     78.2624     16.1245     80.0562     54.8179     38.4708     24.0208     68.0661     9.89949       1e+10     94.8683     67.4166     26.6271      82.801     23.8537     48.2597     20.2485      33.541     86.8332     28.4253     138.752     110.209     166.003          50     144.586     230.868     137.131     42.0595      171.21      82.662      130.25     153.847     204.044
   1.06e+12 2.05061e+12 1.03774e+12       5e+11 9.40479e+11 1.37244e+12 2.29837e+12 5.32635e+11 9.24175e+11 3.40147e+11 4.80937e+11 1.69685e+12 2.03337e+12     5.38516     71.1126     84.0238     44.0454     83.1925     96.6282     97.7394     68.0074     94.8472     18.0278     64.0078     63.2456     82.6378     51.9711     104.623     94.8683       1e+10     79.4292     68.2422     12.6491     98.4937     46.6154     89.1403     86.5852     76.2365          68         106     205.061     103.774          50     94.0479     137.244     229.837     53.2635     92.4175     34.0147     48.0937     169.685     203.337
7.20069e+11 1.57433e+12 1.05537e+12 7.20069e+11 8.17435e+11 2.08722e+12  1.7095e+12 5.11077e+11 1.19474e+12 9.33809e+11 1.27279e+12  2.0883e+12 1.42902e+12     78.5875     20.2485     38.8973     38.0132     73.2393     31.6228     33.0151     17.2047     80.5295     77.0584     91.2688     73.4098     78.4092     27.4591     72.0347     67.4166     79.4292       1e+10     56.5862     74.0608     50.1597     55.9464     47.8017     89.4986      21.095     64.3506     72.0069     157.433     105.537     72.0069     81.7435     208.722      170.95     51.1077     119.474     93.3809     127.279      208.83     142.902
1.23065e+12 1.36825e+12 1.44886e+12 2.62488e+11 1.25172e+12 2.04502e+12 1.62856e+12 1.58114e+11 1.47105e+12 5.86003e+11 1.05119e+12 1.52801e+12 1.99151e+12     71.3442          68     27.2947     58.2151     19.2354     87.9659     89.3756     62.1772     30.0167     53.7401      38.833     19.4165     22.8473     47.5395     36.4005     26.6271     68.2422     56.5862       1e+10     56.2228     36.1386     21.6333     26.4764     33.2866     72.2011     8.06226     123.065     136.825     144.886     26.2488     125.172     204.502     162.856     15.8114     147.105     58.6003     105.119     152.801     199.151
1.09636e+12 1.93003e+12 1.12254e+12 3.73631e+11 1.00265e+12 1.48499e+12 2.18506e+12 4.17253e+11 1.03407e+12 2.61725e+11 5.41202e+11 1.61447e+12 2.04436e+12     17.1172      68.884     73.7835     42.3792     70.6612     94.8314     96.0469     64.9384     82.2922      6.7082     52.0865     50.5964     70.0071     47.0425     92.6175      82.801     12.6491     74.0608     56.2228       1e+10     87.8009     34.7131     78.2432     73.9797     74.2159     55.5698     109.636     193.003     112.254     37.3631     100.265     148.499     218.506     41.7253     103.407     26.1725     54.1202     161.447     204.436
1.22053e+12 1.11485e+12 1.54175e+12 6.23618e+11 1.31187e+12 2.35705e+12 1.31894e+12 4.66476e+11 1.63811e+12 9.43398e+11 1.39671e+12 1.77589e+12 1.81177e+12     100.419     69.0652     15.2643     73.4098     39.2938     79.1202     80.3617     64.2806     39.9625     86.8217     73.0068      54.231      45.607     59.6154     23.8537     23.8537     98.4937     50.1597     36.1386     87.8009       1e+10     54.2033     9.84886     56.3028     71.0282     42.2966     122.053     111.485     154.175     62.3618     131.187     235.705     131.894     46.6476     163.811     94.3398     139.671     177.589     181.177
1.13159e+12 1.58446e+12 1.29074e+12 1.64012e+11 1.11427e+12 1.83175e+12 1.83897e+12 7.61577e+10 1.28141e+12 4.15933e+11 8.54751e+11 1.55563e+12 1.97517e+12     49.7393     60.8276     41.4367     43.4626     38.0789     84.6286     86.0233     55.2268     49.7293     32.8024     36.7696     23.0868     39.1152     36.8782     58.0086     48.2597     46.6154     55.9464     21.6333     34.7131     54.2033       1e+10     44.4185     46.3897     65.8559      22.561     113.159     158.446     129.074     16.4012     111.427     183.175     183.897     7.61577     128.141     41.5933     85.4751     155.563     197.517
1.19641e+12 1.18962e+12 1.49335e+12 5.26308e+11 1.27016e+12 2.26385e+12 1.40858e+12 3.68917e+11  1.5728e+12 8.45044e+11 1.29865e+12 1.71677e+12 1.84043e+12     91.2414     65.2763     9.05539     66.4078     32.2025     78.3901     79.7057      60.075     35.3553     77.1038     64.0703     45.0111     38.4838     52.8867     24.3311     20.2485     89.1403     47.8017     26.4764     78.2432     9.84886     44.4185       1e+10     49.6488      67.897     33.0151     119.641     118.962     149.335     52.6308     127.016     226.385     140.858     36.8917      157.28     84.5044     129.865     171.677     184.043
 1.5608e+12 1.28425e+12 1.75328e+12 3.66742e+11 1.56895e+12 2.15232e+12 1.60879e+12 4.49222e+11    1.74e+12 6.35138e+11 1.11041e+12 1.22115e+12 2.31311e+12     91.0055     101.213     55.2178     89.0225     17.4929     121.037     122.442     95.3834      19.105     68.9638     28.2843     24.0208     11.4018     79.8499     40.0125      33.541     86.5852     89.4986     33.2866     73.9797     56.3028     46.3897     49.6488       1e+10     105.475     26.4008      156.08     128.425     175.328     36.6742     156.895     215.232     160.879     44.9222         174     63.5138     111.041     122.115     231.311
 5.1923e+11 1.78264e+12 8.46463e+11 8.22192e+11 6.06712e+11 1.96774e+12 1.90518e+12 6.30317e+11 1.00404e+12 9.73088e+11 1.24036e+12 2.21353e+12 1.32401e+12     74.0068     5.38516     58.8558      32.249     90.3383     20.6155     21.8403     10.6301     98.7927     78.7464     102.591     86.5563     94.8947     29.6816      92.228     86.8332     76.2365      21.095     72.2011     74.2159     71.0282     65.8559      67.897     105.475       1e+10     79.3221      51.923     178.264     84.6463     82.2192     60.6712     196.774     190.518     63.0317     100.404     97.3088     124.036     221.353     132.401
1.29692e+12 1.37906e+12 1.49777e+12 2.16333e+11 1.30771e+12  2.0283e+12 1.65557e+12  1.9105e+11 1.50403e+12 5.43783e+11 1.01828e+12 1.44807e+12  2.0706e+12     71.5891     74.9466     34.9285     63.1506     15.5242     95.5877          97     69.1158     27.2029     52.2015      31.257          12     17.1172     53.4883     38.2884     28.4253          68     64.3506     8.06226     55.5698     42.2966      22.561     33.0151     26.4008     79.3221       1e+10     129.692     137.906     149.777     21.6333     130.771      202.83     165.557      19.105     150.403     54.3783     101.828     144.807      207.06
      1e+20 2.24878e+12 4.74236e+11  1.2881e+12 2.50799e+11 1.93763e+12 2.31821e+12 1.12004e+12  7.6922e+11 1.35591e+12 1.47828e+12 2.67479e+12 1.00807e+12  1.0171e+12 5.53624e+11 1.10635e+12 7.09366e+11 1.41693e+12 4.53982e+11 4.45533e+11 6.10983e+11 1.50546e+12 1.15745e+12 1.49402e+12 1.35484e+12 1.45908e+12 7.66616e+11 1.43951e+12 1.38752e+12    1.06e+12 7.20069e+11 1.23065e+12 1.09636e+12 1.22053e+12 1.13159e+12 1.19641e+12  1.5608e+12  5.1923e+11 1.29692e+12       1e+20 2.24878e+12 4.74236e+11  1.2881e+12 2.50799e+11 1.93763e+12 2.31821e+12 1.12004e+12  7.6922e+11 1.35591e+12 1.47828e+12 2.67479e+12 1.00807e+12
2.24878e+12       1e+20 2.62909e+12 1.58701e+12 2.38732e+12 3.40708e+12 4.10488e+11  1.5199e+12 2.75051e+12 1.90224e+12 2.38304e+12 2.02892e+12 2.51921e+12 2.08022e+12 1.77609e+12 1.26625e+12 1.84895e+12 1.23907e+12  1.7948e+12 1.80347e+12 1.73658e+12 1.13146e+12 1.90066e+12  1.5663e+12 1.45774e+12 1.26574e+12 1.71094e+12 1.00439e+12 1.10209e+12 2.05061e+12 1.57433e+12 1.36825e+12 1.93003e+12 1.11485e+12 1.58446e+12 1.18962e+12 1.28425e+12 1.78264e+12 1.37906e+12 2.24878e+12       1e+20 2.62909e+12 1.58701e+12 2.38732e+12 3.40708e+12 4.10488e+11  1.5199e+12 2.75051e+12 1.90224e+12 2.38304e+12 2.02892e+12 2.51921e+12
4.74236e+11 2.62909e+12       1e+20 1.42046e+12 2.50599e+11 1.55116e+12 2.73923e+12 1.30698e+12 3.40588e+11 1.37557e+12 1.33544e+12 2.73386e+12 1.34629e+12 9.84784e+11 8.55102e+11 1.40431e+12 8.67006e+11 1.64104e+12 8.72353e+11 8.68332e+11 8.99444e+11 1.74645e+12 1.18962e+12 1.61307e+12 1.52082e+12 1.66883e+12 9.80816e+11 1.73104e+12 1.66003e+12 1.03774e+12 1.05537e+12 1.44886e+12 1.12254e+12 1.54175e+12 1.29074e+12 1.49335e+12 1.75328e+12 8.46463e+11 1.49777e+12 4.74236e+11 2.62909e+12       1e+20 1.42046e+12 2.50599e+11 1.55116e+12 2.73923e+12 1.30698e+12 3.40588e+11 1.37557e+12 1.33544e+12 2.73386e+12 1.34629e+12
 1.2881e+12 1.58701e+12 1.42046e+12       1e+20 1.25718e+12 1.82099e+12 1.87096e+12 2.11896e+11 1.38177e+12 3.27567e+11 8.02808e+11 1.39316e+12 2.13902e+12 5.43415e+11 7.71557e+11 5.21536e+11 5.83095e+11 3.48281e+11  1.0102e+12 1.02416e+12 7.15891e+11 4.60435e+11 3.26956e+11 2.06155e+11 1.34164e+11  3.3121e+11 5.30377e+11 5.98164e+11       5e+11       5e+11 7.20069e+11 2.62488e+11 3.73631e+11 6.23618e+11 1.64012e+11 5.26308e+11 3.66742e+11 8.22192e+11 2.16333e+11  1.2881e+12 1.58701e+12 1.42046e+12       1e+20 1.25718e+12 1.82099e+12 1.87096e+12 2.11896e+11 1.38177e+12 3.27567e+11 8.02808e+11 1.39316e+12 2.13902e+12
2.50799e+11 2.38732e+12 2.50599e+11 1.25718e+12       1e+20 1.69331e+12 2.49018e+12 1.11973e+12 5.18845e+11 1.26372e+12 1.31126e+12 2.61335e+12 1.22332e+12 8.91403e+11 6.21289e+11 1.18004e+12 6.80074e+11 1.44368e+12 6.21772e+11 6.17738e+11 6.70075e+11 1.54379e+12 1.06827e+12 1.45794e+12  1.3448e+12 1.47709e+12  7.7666e+11 1.51119e+12 1.44586e+12 9.40479e+11 8.17435e+11 1.25172e+12 1.00265e+12 1.31187e+12 1.11427e+12 1.27016e+12 1.56895e+12 6.06712e+11 1.30771e+12 2.50799e+11 2.38732e+12 2.50599e+11 1.25718e+12       1e+20 1.69331e+12 2.49018e+12 1.11973e+12 5.18845e+11 1.26372e+12 1.31126e+12 2.61335e+12 1.22332e+12
1.93763e+12 3.40708e+12 1.55116e+12 1.82099e+12 1.69331e+12       1e+20 3.66989e+12 1.90213e+12 1.21066e+12 1.51727e+12 1.04809e+12 2.42596e+12 2.89624e+12  1.3537e+12 1.93238e+12  2.2107e+12  1.7088e+12 2.16926e+12  2.1285e+12 2.13385e+12    1.93e+12 2.28035e+12 1.50814e+12 1.87523e+12 1.95233e+12 2.14805e+12 1.83349e+12 2.40753e+12 2.30868e+12 1.37244e+12 2.08722e+12 2.04502e+12 1.48499e+12 2.35705e+12 1.83175e+12 2.26385e+12 2.15232e+12 1.96774e+12  2.0283e+12 1.93763e+12 3.40708e+12 1.55116e+12 1.82099e+12 1.69331e+12       1e+20 3.66989e+12 1.90213e+12 1.21066e+12 1.51727e+12 1.04809e+12 2.42596e+12 2.89624e+12
2.31821e+12 4.10488e+11 2.73923e+12 1.87096e+12 2.49018e+12 3.66989e+12       1e+20 1.76782e+12 2.90424e+12 2.19618e+12 2.67372e+12 2.43594e+12 2.41746e+12 2.32086e+12 1.91003e+12 1.46986e+12 2.03335e+12 1.53219e+12 1.87275e+12 1.87878e+12 1.88043e+12  1.4367e+12 2.16541e+12 1.88367e+12    1.75e+12 1.56984e+12 1.89489e+12 1.27283e+12 1.37131e+12 2.29837e+12  1.7095e+12 1.62856e+12 2.18506e+12 1.31894e+12 1.83897e+12 1.40858e+12 1.60879e+12 1.90518e+12 1.65557e+12 2.31821e+12 4.10488e+11 2.73923e+12 1.87096e+12 2.49018e+12 3.66989e+12       1e+20 1.76782e+12 2.90424e+12 2.19618e+12 2.67372e+12 2.43594e+12 2.41746e+12
1.12004e+12  1.5199e+12 1.30698e+12 2.11896e+11 1.11973e+12 1.90213e+12 1.76782e+12       1e+20 1.31643e+12 4.90306e+11 9.30591e+11  1.5855e+12   1.936e+12 5.60357e+11  5.8258e+11 3.38378e+11 4.41475e+11 3.40588e+11 8.09197e+11 8.23286e+11 5.24976e+11 4.53982e+11 4.02244e+11 4.02244e+11 2.36008e+11 3.62215e+11 3.53553e+11 5.16236e+11 4.20595e+11 5.32635e+11 5.11077e+11 1.58114e+11 4.17253e+11 4.66476e+11 7.61577e+10 3.68917e+11 4.49222e+11 6.30317e+11  1.9105e+11 1.12004e+12  1.5199e+12 1.30698e+12 2.11896e+11 1.11973e+12 1.90213e+12 1.76782e+12       1e+20 1.31643e+12 4.90306e+11 9.30591e+11  1.5855e+12   1.936e+12
 7.6922e+11 2.75051e+12 3.40588e+11 1.38177e+12 5.18845e+11 1.21066e+12 2.90424e+12 1.31643e+12       1e+20  1.2596e+12 1.11041e+12 2.59731e+12 1.68668e+12 8.70976e+11 9.94786e+11  1.4896e+12  9.0956e+11  1.6568e+12 1.08931e+12 1.08904e+12 1.02421e+12 1.77023e+12 1.09836e+12 1.55293e+12 1.50003e+12 1.67242e+12 1.04403e+12 1.79513e+12  1.7121e+12 9.24175e+11 1.19474e+12 1.47105e+12 1.03407e+12 1.63811e+12 1.28141e+12  1.5728e+12    1.74e+12 1.00404e+12 1.50403e+12  7.6922e+11 2.75051e+12 3.40588e+11 1.38177e+12 5.18845e+11 1.21066e+12 2.90424e+12 1.31643e+12       1e+20  1.2596e+12 1.11041e+12 2.59731e+12 1.68668e+12
1.35591e+12 1.90224e+12 1.37557e+12 3.27567e+11 1.26372e+12 1.51727e+12 2.19618e+12 4.90306e+11  1.2596e+12       1e+20 4.80833e+11 1.35831e+12 2.29009e+12 3.93954e+11 9.19239e+11 8.27103e+11 6.67308e+11 6.66033e+11 1.17745e+12 1.19038e+12 8.73155e+11 7.70779e+11 1.98494e+11 3.62491e+11 4.46878e+11 6.36553e+11 6.83081e+11 9.24175e+11  8.2662e+11 3.40147e+11 9.33809e+11 5.86003e+11 2.61725e+11 9.43398e+11 4.15933e+11 8.45044e+11 6.35138e+11 9.73088e+11 5.43783e+11 1.35591e+12 1.90224e+12 1.37557e+12 3.27567e+11 1.26372e+12 1.51727e+12 2.19618e+12 4.90306e+11  1.2596e+12       1e+20 4.80833e+11 1.35831e+12 2.29009e+12
1.47828e+12 2.38304e+12 1.33544e+12 8.02808e+11 1.31126e+12 1.04809e+12 2.67372e+12 9.30591e+11 1.11041e+12 4.80833e+11       1e+20 1.55003e+12 2.47695e+12   5.004e+11 1.19004e+12 1.26574e+12 9.20054e+11  1.1463e+12 1.44222e+12 1.45279e+12 1.16069e+12  1.2516e+12 5.33104e+11  8.3006e+11 9.26984e+11 1.11732e+12 9.98499e+11 1.40089e+12  1.3025e+12 4.80937e+11 1.27279e+12 1.05119e+12 5.41202e+11 1.39671e+12 8.54751e+11 1.29865e+12 1.11041e+12 1.24036e+12 1.01828e+12 1.47828e+12 2.38304e+12 1.33544e+12 8.02808e+11 1.31126e+12 1.04809e+12 2.67372e+12 9.30591e+11 1.11041e+12 4.80833e+11       1e+20 1.55003e+12 2.47695e+12
2.67479e+12 2.02892e+12 2.73386e+12 1.39316e+12 2.61335e+12 2.42596e+12 2.43594e+12  1.5855e+12 2.59731e+12 1.35831e+12 1.55003e+12       1e+20 3.51729e+12 1.75026e+12 2.16379e+12 1.77248e+12 1.96543e+12 1.39607e+12  2.3942e+12 2.40832e+12 2.10737e+12 1.37743e+12 1.54777e+12 1.18794e+12 1.35473e+12 1.33454e+12 1.92354e+12 1.57178e+12 1.53847e+12 1.69685e+12  2.0883e+12 1.52801e+12 1.61447e+12 1.77589e+12 1.55563e+12 1.71677e+12 1.22115e+12 2.21353e+12 1.44807e+12 2.67479e+12 2.02892e+12 2.73386e+12 1.39316e+12 2.61335e+12 2.42596e+12 2.43594e+12  1.5855e+12 2.59731e+12 1.35831e+12 1.55003e+12       1e+20 3.51729e+12
1.00807e+12 2.51921e+12 1.34629e+12 2.13902e+12 1.22332e+12 2.89624e+12 2.41746e+12   1.936e+12 1.68668e+12 2.29009e+12 2.47695e+12 3.51729e+12       1e+20 1.99672e+12 1.37713e+12 1.76799e+12 1.62339e+12 2.14264e+12 1.12894e+12 1.11503e+12 1.42888e+12 2.19367e+12 2.09745e+12 2.33805e+12 2.16301e+12 2.19966e+12 1.62077e+12   2.049e+12 2.04044e+12 2.03337e+12 1.42902e+12 1.99151e+12 2.04436e+12 1.81177e+12 1.97517e+12 1.84043e+12 2.31311e+12 1.32401e+12  2.0706e+12 1.00807e+12 2.51921e+12 1.34629e+12 2.13902e+12 1.22332e+12 2.89624e+12 2.41746e+12   1.936e+12 1.68668e+12 2.29009e+12 2.47695e+12 3.51729e+12       1e+20
