      1e+20 2.02615e+12  7.5743e+11 1.08167e+11 1.05095e+12 6.50692e+11 1.26246e+12  1.1814e+12 8.22192e+11 2.61691e+12      76.896     96.3379      44.911     63.8201     107.815     33.4215     105.309     145.097     31.3847     39.1152     78.2432         105     80.6598     79.0253     83.7437     115.248     94.0479     90.4434     70.8802     42.2019     102.201     116.675     84.4334     105.361     36.2353     92.0489       80.05     54.2033     71.8471     39.2173     125.873      97.719     80.3243          16     28.3196     109.604      84.006     38.1838     104.307     47.8017     55.4437     95.0211      12.083     47.1275     69.3109     71.4703     81.6149     103.078     99.2975         105     80.1561     63.0714     74.3236     114.022     126.732     40.3113      106.32     40.6079     31.5753     132.801     71.8679       1e+20 2.02615e+12  7.5743e+11 1.08167e+11 1.05095e+12 6.50692e+11 1.26246e+12  1.1814e+12 8.22192e+11 2.61691e+12
2.02615e+12       1e+20 1.42225e+12 2.06814e+12 1.37535e+12   2.022e+12 2.77563e+12 1.18271e+12 1.75525e+12 1.38293e+12     173.442      106.48     189.003     161.251     119.101     177.815      101.02     118.727     173.118     195.041     150.083     141.089     143.892     199.279     118.878     149.857     121.499     149.255     132.019     160.431     177.725     121.433      119.08      177.73     175.642     176.822     122.577     151.845     157.813     185.097         117     175.283     123.179     199.832      178.62     106.066     201.221     171.747     199.552     160.611         163     202.781     195.635     155.724     150.163     131.685     121.565     203.066     116.726      207.48     155.859     196.023     130.648     129.027     123.976     193.023     178.059     166.973     192.375     133.765     161.009 2.02615e+12       1e+20 1.42225e+12 2.06814e+12 1.37535e+12   2.022e+12 2.77563e+12 1.18271e+12 1.75525e+12 1.38293e+12
 7.5743e+11 1.42225e+12       1e+20 7.48866e+11 1.05109e+12 6.06383e+11 1.39086e+12 4.24264e+11 4.03609e+11 1.85981e+12      35.805     52.4023     47.5184     19.0263     32.2025     43.0116     42.2019          70     45.4533     54.3415     12.2066     33.7343     8.06226     60.8276     42.8019     48.0937     21.2132     23.3452     33.2415     43.6578     54.2033     41.1096     33.9411      56.356     40.2244     47.0106     39.6611      25.632          17     45.2217     50.2494     49.3964     32.0156     66.0379     47.4236     37.6563     64.1405     37.6431     71.5052     28.4253     22.4722     69.6563     64.8151     38.6005     8.06226     31.3847     48.0208     73.5391     26.4764     77.7946          20     54.3415     24.1868     39.4462     51.8652     52.1728     57.2451     35.3836     53.8516     60.0083     20.5913  7.5743e+11 1.42225e+12       1e+20 7.48866e+11 1.05109e+12 6.06383e+11 1.39086e+12 4.24264e+11 4.03609e+11 1.85981e+12
1.08167e+11 2.06814e+12 7.48866e+11       1e+20 1.14612e+12 5.60803e+11 1.15434e+12 1.16825e+12 7.60592e+11 2.60017e+12     71.1196     101.242     38.0789     60.8112     107.075     31.9061     107.856     142.899     33.7343     31.3209     75.6902     101.912     78.8733     70.4557     88.3629     111.018      94.414     87.1149     74.8131     47.0106     95.6347     115.109     87.8635     98.7927     34.6699     85.6154     84.4808     55.9732     68.6222     33.8378     124.326     91.3893     83.7437     9.21954     28.7924     110.463      75.326     37.5899      96.026     48.3322     53.2635     86.3713     11.1803     51.2445     67.8012     75.1332     87.0057     94.5304     99.7647     96.1873     76.5768     54.7449      76.922     111.803     124.523     32.8938     99.7246     41.2311     25.0599     129.634     68.1175 1.08167e+11 2.06814e+12 7.48866e+11       1e+20 1.14612e+12 5.60803e+11 1.15434e+12 1.16825e+12 7.60592e+11 2.60017e+12
1.05095e+12 1.37535e+12 1.05109e+12 1.14612e+12       1e+20 1.48165e+12 2.24475e+12  1.2825e+12 1.42299e+12    2.47e+12     136.565     63.0079     124.523     114.237     117.614     103.238     88.0511     154.052     91.9674     125.208         117     134.618     112.947     156.013     65.1153     150.137     102.421     128.082     71.8679     77.8332     158.902     129.468     75.3127     161.245     103.276     150.712     66.9403     87.6641     118.512     116.692     135.059     153.935     75.1864     113.159     98.4124     105.005     160.655     99.8248     173.773     94.4034     107.615     169.198     106.231     78.2432     107.355      73.736     58.4637     174.929     103.697     178.718     124.483     142.762     81.2712     133.222     141.287     124.459     162.163     95.0158     117.593     153.639     121.655 1.05095e+12 1.37535e+12 1.05109e+12 1.14612e+12       1e+20 1.48165e+12 2.24475e+12  1.2825e+12 1.42299e+12    2.47e+12
6.50692e+11   2.022e+12 6.06383e+11 5.60803e+11 1.48165e+12       1e+20 7.96492e+11 9.04268e+11 3.17805e+11 2.24321e+12     30.8058     109.567     24.1868     42.0595     85.1469      45.793      102.84     109.385     57.4543     26.6833     52.1536     68.6804     58.3095     14.8661     97.6166     70.7107     80.7527     55.7315     84.0595     70.4344     45.9674     87.6641     91.2853     48.8365     45.2217     37.8021     93.6483     62.8013     44.4072      32.249     95.8019     43.2782     88.1022     49.0918     51.8845     96.2549     19.4165     48.4149     40.5216     54.5619      43.909     30.4138     54.5894     70.0357     53.1601      83.006     100.404     38.6394     85.4751     40.1123     47.0425     6.32456     79.1581     81.4923     92.6553     26.2488     49.5782     53.1507      35.171     92.5743     41.1947 6.50692e+11   2.022e+12 6.06383e+11 5.60803e+11 1.48165e+12       1e+20 7.96492e+11 9.04268e+11 3.17805e+11 2.24321e+12
1.26246e+12 2.77563e+12 1.39086e+12 1.15434e+12 2.24475e+12 7.96492e+11       1e+20 1.60515e+12 1.02108e+12 2.73364e+12     104.695      189.19      101.02     121.248     158.474     121.511     180.953     171.047     132.548     99.3579     129.027     137.321     135.351     78.7464      177.26     132.061     157.801      128.32     163.615     147.122     102.122     157.407     170.836     103.019     121.824     101.119      173.28     142.042     122.197     108.407     163.689     103.484      167.72     113.569     126.063     171.991     76.4003     125.603     81.0062     133.405     123.548     75.4255     120.615     147.801     132.098      162.61     179.903          77     161.969     73.0274     122.413     85.8836     158.777     150.083     158.256     100.265     103.005     130.801     106.888     153.029      118.68 1.26246e+12 2.77563e+12 1.39086e+12 1.15434e+12 2.24475e+12 7.96492e+11       1e+20 1.60515e+12 1.02108e+12 2.73364e+12
 1.1814e+12 1.18271e+12 4.24264e+11 1.16825e+12  1.2825e+12 9.04268e+11 1.60515e+12       1e+20  6.0075e+11 1.43558e+12     59.6825     65.6201     85.4283     56.9386     11.7047     85.1469     41.4849     28.6356     87.7838     93.0215     42.0595     23.1948     38.0132     84.0238     64.1249       32.45     28.4605     34.7131     63.6003     84.0595     59.4811     3.16228     54.3323     59.4643     82.3286     59.4138     63.5059     66.6108     50.0899      85.235     8.06226     57.2713     55.9017     107.801     89.8276     24.0416     85.0529     79.9812     81.3204     70.7672     63.6003     85.1587     107.056     78.5493     49.0408     61.6847     71.1758     84.8999      25.318     89.2861     44.2719     84.9294     54.0833     10.7703     13.0384     90.7855      59.808     77.7946     94.3398     25.7099          52  1.1814e+12 1.18271e+12 4.24264e+11 1.16825e+12  1.2825e+12 9.04268e+11 1.60515e+12       1e+20  6.0075e+11 1.43558e+12
8.22192e+11 1.75525e+12 4.03609e+11 7.60592e+11 1.42299e+12 3.17805e+11 1.02108e+12  6.0075e+11       1e+20 1.92816e+12     6.08276     92.7631     38.0132     28.2312     56.5685     52.2398     80.0625     77.6209     62.0081     45.2769     28.6007     37.4833     34.6699     24.0208      82.807     39.1152     56.3649     26.3059     71.6101     69.6348     20.2237     57.1402     74.2765     23.3452     50.0899     10.0499     79.3977     55.1543     24.2074     43.0116     64.7765     15.5242     72.1388     67.2309     59.2115     69.9214     25.7099     51.0098     31.6228      50.448     36.1386     29.4109      70.214     66.7608      35.609          70     87.4586     33.3017     60.1664     37.4833      21.095     27.4591     63.7809     50.4876      61.131     43.4166     24.3311     53.3385     51.0784     60.8276     20.8087 8.22192e+11 1.75525e+12 4.03609e+11 7.60592e+11 1.42299e+12 3.17805e+11 1.02108e+12  6.0075e+11       1e+20 1.92816e+12
2.61691e+12 1.38293e+12 1.85981e+12 2.60017e+12    2.47e+12 2.24321e+12 2.73364e+12 1.43558e+12 1.92816e+12       1e+20     195.256     189.897     226.206     199.361     154.175      228.58     167.523      117.29     231.234     234.009     184.391     159.013     181.218     213.009     195.819     153.701     169.331     173.833       201.4     226.153     180.247     145.041     188.672     177.992     225.754     186.797     197.205     209.476     191.802     227.403     135.831     181.728     191.818      250.89     233.384     156.029     211.549     223.517     196.698     214.255     206.785     205.828     250.511     220.511     192.463     199.805      202.25     200.771     164.542     203.708     184.448     220.273     193.499     148.273     135.591     231.812     177.544     221.326      236.62      132.31     192.876 2.61691e+12 1.38293e+12 1.85981e+12 2.60017e+12    2.47e+12 2.24321e+12 2.73364e+12 1.43558e+12 1.92816e+12       1e+20
 7.6896e+11 1.73442e+12  3.5805e+11 7.11196e+11 1.36565e+12 3.08058e+11 1.04695e+12 5.96825e+11 6.08276e+10 1.95256e+12       1e+10     88.0909     33.2866     22.3607     55.0364     46.3897     76.5572     79.1581          56     40.8044     24.5967     37.9473     30.8707     25.9615     77.7817     41.8688     53.1413     25.0799     66.2193      63.561     26.0768     56.8859      69.527     29.1548     44.1814          16     74.2765     49.2443      19.105     37.6962          65     21.2132     67.2086     62.1691     53.3385     67.4685     28.6356          45     37.2156     44.3847     30.0832     33.9706      64.846     60.7289     30.4138     64.6607     82.2192     38.6005       57.28      42.638       17.72      25.632     58.6941     50.6952     62.0322      38.833     30.1496     47.2652     46.0652     62.9682     15.5563      76.896     173.442      35.805     71.1196     136.565     30.8058     104.695     59.6825     6.08276     195.256
9.63379e+11  1.0648e+12 5.24023e+11 1.01242e+12 6.30079e+11 1.09567e+12  1.8919e+12 6.56201e+11 9.27631e+11 1.89897e+12     88.0909       1e+10     90.4434     68.2642     55.5428     74.6726     25.0799     91.0494          68     94.8314     64.3506     75.1532     58.7282      112.33     13.0384      90.471     42.0476     72.2011     27.2947     54.3323     105.262      67.082     18.6011     107.005     72.9932     99.0353     17.1172     49.2443      69.029     84.6463     72.1734     100.767     21.4709          95     74.0608     42.0476     116.017      68.884     123.746     58.4637     65.7951     122.025     90.1388       50.04     58.0086     27.6586     15.2315     125.897     42.0595     130.177     72.1249      103.31     30.4138     71.5681     78.6384      93.145     107.801     63.6396     90.2552     91.2414     72.6223     96.3379      106.48     52.4023     101.242     63.0079     109.567      189.19     65.6201     92.7631     189.897
 4.4911e+11 1.89003e+12 4.75184e+11 3.80789e+11 1.24523e+12 2.41868e+11  1.0102e+12 8.54283e+11 3.80132e+11 2.26206e+12     33.2866     90.4434       1e+10     29.1204     77.4919     21.6333     88.0511     109.041     33.2866     7.81025     43.4626     67.2012     48.3839     35.6931     77.8332     74.3303     68.7314     52.4309     63.6946     46.6905     57.5847     83.1865     73.0068     60.7454     21.2603     47.5395      73.736     41.6293     35.3412     8.06226     92.1792     53.3104     69.3758     29.4109     27.7308     85.1587     40.7922     24.7588     60.0083     32.6497     26.0192     51.4782     33.2415     46.8615     39.4588     62.9682     79.6241     59.2115     73.9797     61.6604     41.8808     19.9249     60.6383     78.5493     90.9725     5.65685     61.6847     29.8329     13.3417     94.2603     33.6155      44.911     189.003     47.5184     38.0789     124.523     24.1868      101.02     85.4283     38.0132     226.206
6.38201e+11 1.61251e+12 1.90263e+11 6.08112e+11 1.14237e+12 4.20595e+11 1.21248e+12 5.69386e+11 2.82312e+11 1.99361e+12     22.3607     68.2642     29.1204       1e+10     48.4665     30.5287          61      82.134     37.3631     36.4005          15     41.2311     19.3132     44.2041     57.0088     51.8941       40.05     26.6271     44.5533       42.19     46.6905     54.9181     49.7393     49.4975     27.7849     37.3631     53.2635     26.9258     8.06226     28.3019     64.0703     41.5933     46.8722     51.6236     36.6742     56.3205     48.1664     26.9258     59.5399     23.0217     9.21954     55.4437     52.0096      38.833     11.1803     43.1393     60.8276     60.7454     45.1774     64.6375     16.5529     35.7351     38.0132     51.0882     63.7809      34.176     50.4876     27.4591     37.4433      69.029     9.05539     63.8201     161.251     19.0263     60.8112     114.237     42.0595     121.248     56.9386     28.2312     199.361
1.07815e+12 1.19101e+12 3.22025e+11 1.07075e+12 1.17614e+12 8.51469e+11 1.58474e+12 1.17047e+11 5.65685e+11 1.54175e+12     55.0364     55.5428     77.4919     48.4665       1e+10      75.213     32.6497     40.3113     77.0779     84.8646     34.2053     23.6008     29.1548     80.5047          53     37.0135     16.7631     30.2655      51.923     72.6705     59.9416     12.0416     43.0465     60.5392     72.4224     57.8705     52.1536     55.4437       42.45     76.4853     19.6977     56.8595     44.4072     98.1835      79.511     16.2788      82.201      69.814     81.4371     60.1415     54.2033     83.8153     97.0052     67.1193     39.4462          50     60.0083     84.6936          14     89.1572     38.1182     79.3095     42.3792     16.1555     24.1868     82.6378     61.0574     67.2681     85.4225     36.0555      44.911     107.815     119.101     32.2025     107.075     117.614     85.1469     158.474     11.7047     56.5685     154.175
3.34215e+11 1.77815e+12 4.30116e+11 3.19061e+11 1.03238e+12  4.5793e+11 1.21511e+12 8.51469e+11 5.22398e+11  2.2858e+12     46.3897     74.6726     21.6333     30.5287      75.213       1e+10     77.4661     111.759     11.6619     22.2036     44.8219     71.6101     47.3814     56.3028     61.6604     82.2982     62.6099     57.1402     47.3814     25.6125     72.4431     83.5464     59.0085     75.5381     2.82843     62.2896     57.5587     26.0192     38.5876     13.6015     92.7631     67.6018          55     23.2594           7     78.7909     61.3514     6.08276     79.0759     17.2627     22.0227     71.5681     21.9317     26.8328     36.1248     47.1699     62.0967     78.8543     67.9779     81.7435     47.0106     41.1461     47.1699     80.6598     93.3809     21.2603      76.531     11.0454     15.8114     99.4032     38.9102     33.4215     177.815     43.0116     31.9061     103.238      45.793     121.511     85.1469     52.2398      228.58
1.05309e+12  1.0102e+12 4.22019e+11 1.07856e+12 8.80511e+11  1.0284e+12 1.80953e+12 4.14849e+11 8.00625e+11 1.67523e+12     76.5572     25.0799     88.0511          61     32.6497     77.4661       1e+10     66.0076     74.3303     94.0213          52     54.8179     45.6946     102.318     28.3019     69.3397     23.8537     55.8032      35.805     64.0078     88.7299     43.3244     22.0227     89.9389     75.1332     84.3149     29.8329      51.923     58.8218     84.0952     47.5184     84.8116      25.807      100.17     79.1202     17.4642      105.19     71.3863     109.041      60.208     62.0322     109.275     96.7678     58.5918     49.8197     34.6699     34.8855     111.772     21.2132     116.211     59.0339     96.5401     31.0161     48.7545     54.3415     92.0054     90.6091     66.9403     91.5478     67.1863     62.2977     105.309      101.02     42.2019     107.856     88.0511      102.84     180.953     41.4849     80.0625     167.523
1.45097e+12 1.18727e+12       7e+11 1.42899e+12 1.54052e+12 1.09385e+12 1.71047e+12 2.86356e+11 7.76209e+11  1.1729e+12     79.1581     91.0494     109.041      82.134     40.3113     111.759     66.0076       1e+10     115.421     116.829     67.2086     41.8808     64.4438         100     91.4112     39.8121     57.0088     56.6127     92.0272     112.508     69.5845     29.1548          82     68.2642     108.931     73.4983     91.2195     94.8736     74.5185     110.114     20.6155     69.4262     83.9345     133.735     116.932     49.2544     99.6895     106.963       90.05     98.4073     89.8053     96.7471      133.66     107.042     75.8222     90.1388     98.4784     94.0851     53.4509     98.0204     67.2012     104.695     82.6378     31.1127     18.3848     114.621     68.1836     105.262     119.331     18.0278     75.6042     145.097     118.727          70     142.899     154.052     109.385     171.047     28.6356     77.6209      117.29
3.13847e+11 1.73118e+12 4.54533e+11 3.37343e+11 9.19674e+11 5.74543e+11 1.32548e+12 8.77838e+11 6.20081e+11 2.31234e+12          56          68     33.2866     37.3631     77.0779     11.6619     74.3303     115.421       1e+10     33.2415     50.0899     76.9415     51.3128     67.7791     55.0091      88.955     62.8013     63.1585     41.1947     15.2315     82.0244     86.5563     54.1295     85.0529     12.6491          72     51.0392     22.8254     45.2217     25.2389     95.6713     77.0584       50.01          27      6.7082     78.2304     72.8011          11     90.0278     17.0294     28.1603     82.8613      22.561     18.1108     39.9625     41.4367     54.3323     89.9889     68.0074     93.0054     53.7587     52.7731     43.3244     84.6286     97.2008     32.5576     86.0523     10.2956      25.807     104.446     46.3249     31.3847     173.118     45.4533     33.7343     91.9674     57.4543     132.548     87.7838     62.0081     231.234
3.91152e+11 1.95041e+12 5.43415e+11 3.13209e+11 1.25208e+12 2.66833e+11 9.93579e+11 9.30215e+11 4.52769e+11 2.34009e+12     40.8044     94.8314     7.81025     36.4005     84.8646     22.2036     94.0213     116.829     33.2415       1e+10     50.9902          75     55.7136     40.0125     82.0061     82.0731      75.505     60.2163       67.72     47.8017     64.4748      90.824     77.9295      67.624     22.8254     54.5619     77.8845      45.607     42.9418      10.198     99.8499     60.3738     74.1485     23.1948     26.9072     91.9837     45.0444     26.8328      65.192     36.4005      32.249     56.0089     28.0713     48.8774     46.3249     67.1863     83.2166     64.0078     80.8084     66.0681     49.6488          24     65.6201     86.2844      98.737     2.23607      68.542     32.2025       8.544     102.069     41.3401     39.1152     195.041     54.3415     31.3209     125.208     26.6833     99.3579     93.0215     45.2769     234.009
7.82432e+11 1.50083e+12 1.22066e+11 7.56902e+11    1.17e+12 5.21536e+11 1.29027e+12 4.20595e+11 2.86007e+11 1.84391e+12     24.5967     64.3506     43.4626          15     34.2053     44.8219          52     67.2086     50.0899     50.9902       1e+10     26.9258     6.32456     50.3289          55     39.2938     28.8617     13.3417     45.1885     51.6236     42.0595     39.9625     46.0109     44.2832     42.0119     34.8281     51.8652     34.0588     8.24621     43.2666     49.0918     37.2156     44.2041     66.5282     50.4777     44.1022     53.2259     40.4969     59.4138     33.8378     22.8035     58.0086     66.6033     47.1699     11.0454      43.382      60.208     61.5549     33.3766     65.8559     7.81025     46.0435     36.3593     36.1248     48.8365     48.7545     45.1885     39.8121     52.4309     54.6443          11     78.2432     150.083     12.2066     75.6902         117     52.1536     129.027     42.0595     28.6007     184.391
   1.05e+12 1.41089e+12 3.37343e+11 1.01912e+12 1.34618e+12 6.86804e+11 1.37321e+12 2.31948e+11 3.74833e+11 1.59013e+12     37.9473     75.1532     67.2012     41.2311     23.6008     71.6101     54.8179     41.8808     76.9415          75     26.9258       1e+10     26.2488     61.2046     69.6419     15.5242     33.1059     14.8661      64.195      77.201     36.7696     20.0998     59.4811     37.1214     68.8186     36.2215     67.6831      59.203     33.3017     68.6222     27.2947     34.2053      59.439     92.6984     77.3886     39.6989          62     67.4166     58.5235     60.4152     49.6488     61.9839     93.2363     72.2772     37.1618     62.2013     76.1577     61.9839     33.8378     66.4078     25.4951     63.5689      54.231     13.0384     24.1661     72.8011     37.5899     66.6483     77.8332     27.8029     33.9706         105     141.089     33.7343     101.912     134.618     68.6804     137.321     23.1948     37.4833     159.013
8.06598e+11 1.43892e+12 8.06226e+10 7.88733e+11 1.12947e+12 5.83095e+11 1.35351e+12 3.80132e+11 3.46699e+11 1.81218e+12     30.8707     58.7282     48.3839     19.3132     29.1548     47.3814     45.6946     64.4438     51.3128     55.7136     6.32456     26.2488       1e+10      56.648       49.93     40.1995      22.561     15.2971     41.1096     50.9608     46.8722     36.2353     40.6079     48.8774     44.5533     40.3113     47.0106     32.9848          14     47.4131     45.4533     42.2019     39.1152      69.814     52.4976     38.0132     59.5063     42.5206     65.0692     34.4819     25.6125     64.0703     69.3109     46.0977     11.4018     39.2173     55.4707     67.3573     27.1662     71.7008     13.6015     52.1536     31.7805     33.4215     46.0977     53.4883     49.7393     41.0488     56.4358     53.2353     17.1172     80.6598     143.892     8.06226     78.8733     112.947     58.3095     135.351     38.0132     34.6699     181.218
7.90253e+11 1.99279e+12 6.08276e+11 7.04557e+11 1.56013e+12 1.48661e+11 7.87464e+11 8.40238e+11 2.40208e+11 2.13009e+12     25.9615      112.33     35.6931     44.2041     80.5047     56.3028     102.318         100     67.7791     40.0125     50.3289     61.2046      56.648       1e+10     101.213      60.407     79.0569     50.2494     88.5268     79.2591     33.0151     81.0555     93.7443      35.609     55.1543     26.5707     97.4526     68.7677     43.8292     43.4166      88.459      31.305      91.022     63.0317     62.9365     93.3916     5.09902     57.6975     25.7099     61.6117     48.8365          16     68.0661     77.9359     54.3783     87.2067      104.89     24.0832     83.2406     26.0768     43.6807     16.0312      82.201     74.2428     84.3445     39.1152     36.2353     61.7738     48.1664     82.5409     40.2492     79.0253     199.279     60.8276     70.4557     156.013     14.8661     78.7464     84.0238     24.0208     213.009
8.37437e+11 1.18878e+12 4.28019e+11 8.83629e+11 6.51153e+11 9.76166e+11  1.7726e+12 6.41249e+11  8.2807e+11 1.95819e+12     77.7817     13.0384     77.8332     57.0088          53     61.6604     28.3019     91.4112     55.0091     82.0061          55     69.6419       49.93     101.213       1e+10     85.1645     37.3363     64.4127     14.3178     41.5933     96.7988     65.0077      10.198     98.7927     60.0167     89.8109     4.12311     36.4005     58.6941     71.8401     71.4493     92.0869     10.8167     82.0061     61.0328       42.45     105.119     55.9017     114.215      45.607     53.7122     111.732     77.2334     37.1214     47.3814     14.8661     7.07107     116.103          39     120.283     62.8013     91.4166      19.105     68.2642     77.0584     80.3617     99.6444      50.636     77.2787     89.0225     62.2254     83.7437     118.878     42.8019     88.3629     65.1153     97.6166      177.26     64.1249      82.807     195.819
1.15248e+12 1.49857e+12 4.80937e+11 1.11018e+12 1.50137e+12 7.07107e+11 1.32061e+12   3.245e+11 3.91152e+11 1.53701e+12     41.8688      90.471     74.3303     51.8941     37.0135     82.2982     69.3397     39.8121      88.955     82.0731     39.2938     15.5242     40.1995      60.407     85.1645       1e+10     48.4665     25.9615      79.511      90.802     30.0167     29.4109          75     29.0689     79.6053     33.8378     83.1986     72.9932     43.8634      77.201     32.8938     29.6142     74.9533     101.833     88.5664     53.2635     59.9083     78.7909     51.2445     73.0821     60.9262     57.1402     103.247     86.1452     50.2195     77.5242     91.6788     55.1453     48.7647     59.3043     35.3412     66.5733     69.5845     22.0227     26.4764     79.9812     29.1548     78.7718     86.2148     22.1359     43.4166     115.248     149.857     48.0937     111.018     150.137     70.7107     132.061       32.45     39.1152     153.701
9.40479e+11 1.21499e+12 2.12132e+11  9.4414e+11 1.02421e+12 8.07527e+11 1.57801e+12 2.84605e+11 5.63649e+11 1.69331e+12     53.1413     42.0476     68.7314       40.05     16.7631     62.6099     23.8537     57.0088     62.8013      75.505     28.8617     33.1059      22.561     79.0569     37.3363     48.4665       1e+10     32.0156      35.171     56.8507     65.1153     28.6356     27.1662      66.468     59.9333     60.4649     36.0139     40.3609     36.3456     66.2193     36.4005     61.0737     28.0179     85.8662     66.0379     16.4924     81.7068     56.8243     85.2115     46.3249     43.4166     85.4751      83.863      51.225     29.2746     33.2415     44.1814     87.9204     5.38516      92.358     35.4683     74.5453      25.632     31.0161     40.7922     73.3485     67.1789      53.535     74.6324     52.0865     39.6232     94.0479     121.499     21.2132      94.414     102.421     80.7527     157.801     28.4605     56.3649     169.331
9.04434e+11 1.49255e+12 2.33452e+11 8.71149e+11 1.28082e+12 5.57315e+11  1.2832e+12 3.47131e+11 2.63059e+11 1.73833e+12     25.0799     72.2011     52.4309     26.6271     30.2655     57.1402     55.8032     56.6127     63.1585     60.2163     13.3417     14.8661     15.2971     50.2494     64.4127     25.9615     32.0156       1e+10     56.3205     64.9384     33.2415     32.0156     54.7083     34.8281     54.3783     28.6531     61.7414     47.2652     18.6011     53.7587     40.4969     29.0689     53.6656     77.8974     63.1348     44.0114     51.9711     53.2353     53.2541     47.1275     35.3553      54.231     78.6003      60.407     24.3311     54.4059     70.2638     56.0803     34.9857     60.5392     10.6301     50.2195     46.8188     26.4008     38.5876     58.0086      35.609     52.9245     62.9682     42.5206      19.105     90.4434     149.255     23.3452     87.1149     128.082     55.7315      128.32     34.7131     26.3059     173.833
7.08802e+11 1.32019e+12 3.32415e+11 7.48131e+11 7.18679e+11 8.40595e+11 1.63615e+12 6.36003e+11 7.16101e+11   2.014e+12     66.2193     27.2947     63.6946     44.5533      51.923     47.3814      35.805     92.0272     41.1947       67.72     45.1885      64.195     41.1096     88.5268     14.3178      79.511      35.171     56.3205       1e+10     28.7924     87.2067     63.7887     13.8924     89.4707     45.7056      79.404      10.198     22.1359     47.4342     57.5674     71.4703     82.2982          10     68.1175     47.0106     45.4863     92.6553     41.5933     103.228     31.3209     40.2244      99.905     63.6396     23.7697     36.0555           2     16.4012     104.809     38.6264     108.853     52.7731     77.9359          10     65.4905     75.9276     66.0984      90.377     36.3456     62.9682     86.8332     50.8035     70.8802     132.019     33.2415     74.8131     71.8679     84.0595     163.615     63.6003     71.6101       201.4
4.22019e+11 1.60431e+12 4.36578e+11 4.70106e+11 7.78332e+11 7.04344e+11 1.47122e+12 8.40595e+11 6.96348e+11 2.26153e+12      63.561     54.3323     46.6905       42.19     72.6705     25.6125     64.0078     112.508     15.2315     47.8017     51.6236      77.201     50.9608     79.2591     41.5933      90.802     56.8507     64.9384     28.7924       1e+10     88.8144     83.3547     42.5441     91.6624     25.4558     79.2465      37.855     18.0278          49     38.8973     92.1141     83.7257     38.4838     41.4367     21.9317     70.7672      84.119     22.0227     99.6243     19.2354      33.541     93.5201     36.0139     5.65685     40.6079     29.5466          40      100.09     61.6198      103.47     57.0789      65.215     33.6006     82.7647     94.8262     46.8615     92.6553     17.4929     40.8167     103.619     51.0882     42.2019     160.431     43.6578     47.0106     77.8332     70.4344     147.122     84.0595     69.6348     226.153
1.02201e+12 1.77725e+12 5.42033e+11 9.56347e+11 1.58902e+12 4.59674e+11 1.02122e+12 5.94811e+11 2.02237e+11 1.80247e+12     26.0768     105.262     57.5847     46.6905     59.9416     72.4431     88.7299     69.5845     82.0244     64.4748     42.0595     36.7696     46.8722     33.0151     96.7988     30.0167     65.1153     33.2415     87.2067     88.8144       1e+10     56.3205     87.4185     3.16228     70.2567      10.198     93.8136     73.2462     40.8044     63.0635     61.8142     5.09902     85.9826      86.977      79.404     75.4718      31.305     71.0282     21.8403     69.5845     55.3263     27.1662     90.2497     85.5102     51.6236     85.4225     102.215     25.4951      67.624     29.8329     34.4384     43.6005     78.3901     48.7647     56.1427     62.7694     4.12311     73.0616     70.8378     51.6236     38.0789     102.201     177.725     54.2033     95.6347     158.902     45.9674     102.122     59.4811     20.2237     180.247
1.16675e+12 1.21433e+12 4.11096e+11 1.15109e+12 1.29468e+12 8.76641e+11 1.57407e+12 3.16228e+10 5.71402e+11 1.45041e+12     56.8859      67.082     83.1865     54.9181     12.0416     83.5464     43.3244     29.1548     86.5563      90.824     39.9625     20.0998     36.2353     81.0555     65.0077     29.4109     28.6356     32.0156     63.7887     83.3547     56.3205       1e+10     55.0818     56.3028     80.7217     56.3205      64.195     65.7343     47.8853     83.2166     9.21954     54.1295     56.4358     106.042     88.3912          26     82.0244      78.492     78.1601      69.527     61.8466     82.0366     105.475     77.8974     47.4236     61.8466     72.0278     81.7435     26.0192     86.1278     41.7852     82.2253     54.1202     7.61577     12.1655     88.5889      56.648     76.4853      92.358     24.1868     49.6588     116.675     121.433     41.1096     115.109     129.468     87.6641     157.407     3.16228     57.1402     145.041
8.44334e+11  1.1908e+12 3.39411e+11 8.78635e+11 7.53127e+11 9.12853e+11 1.70836e+12 5.43323e+11 7.42765e+11 1.88672e+12      69.527     18.6011     73.0068     49.7393     43.0465     59.0085     22.0227          82     54.1295     77.9295     46.0109     59.4811     40.6079     93.7443      10.198          75     27.1662     54.7083     13.8924     42.5441     87.4185     55.0818       1e+10     89.3085     57.0088     80.8084     9.21954          33      50.448     67.7422     61.8142      82.801     4.12311     80.7527     59.5399     33.6155     97.4166          53     105.418     42.0476     47.7598     103.479     76.6877     37.3363     39.4081          13     17.0294      107.48     29.0689     111.732     53.8145          85     12.3693     58.1378     67.1863     76.1183     90.1388     48.0416      74.108          79      54.037     84.4334      119.08     33.9411     87.8635     75.3127     91.2853     170.836     54.3323     74.2765     188.672
1.05361e+12  1.7773e+12  5.6356e+11 9.87927e+11 1.61245e+12 4.88365e+11 1.03019e+12 5.94643e+11 2.33452e+11 1.77992e+12     29.1548     107.005     60.7454     49.4975     60.5392     75.5381     89.9389     68.2642     85.0529      67.624     44.2832     37.1214     48.8774      35.609     98.7927     29.0689      66.468     34.8281     89.4707     91.6624     3.16228     56.3028     89.3085       1e+10     73.3348     13.3417     95.8801     75.9276     43.4166     66.2193     61.3922           8      87.983     90.1388     82.4924     76.2758     33.6155     74.0608     22.2036     72.4431     58.2151     28.6356     93.4077     88.2836     54.0833     87.6641     104.317     26.0768     68.7677     30.2655     36.7696     46.6154     80.5295     48.7032     55.4437     65.9242           1     76.0263          74     50.2494     40.7922     105.361      177.73      56.356     98.7927     161.245     48.8365     103.019     59.4643     23.3452     177.992
3.62353e+11 1.75642e+12 4.02244e+11 3.46699e+11 1.03276e+12 4.52217e+11 1.21824e+12 8.23286e+11 5.00899e+11 2.25754e+12     44.1814     72.9932     21.2603     27.7849     72.4224     2.82843     75.1332     108.931     12.6491     22.8254     42.0119     68.8186     44.5533     55.1543     60.0167     79.6053     59.9333     54.3783     45.7056     25.4558     70.2567     80.7217     57.0088     73.3348       1e+10     60.1332     55.9017     24.0208     35.8469     13.4536     89.9389     65.3758     53.0377     25.9422     9.21954     76.1577     60.1664     4.12311     77.4661     15.0333     19.2094      70.214     24.7588     26.0768     33.3017     45.3982     60.7289     77.3692      65.307     80.3617     44.2945     40.3113     45.0444     77.8332     90.5539     21.6333     74.3303     9.48683     17.2627     96.6075     36.2491     36.2353     175.642     40.2244     34.6699     103.276     45.2217     121.824     82.3286     50.0899     225.754
9.20489e+11 1.76822e+12 4.70106e+11 8.56154e+11 1.50712e+12 3.78021e+11 1.01119e+12 5.94138e+11 1.00499e+11 1.86797e+12          16     99.0353     47.5395     37.3631     57.8705     62.2896     84.3149     73.4983          72     54.5619     34.8281     36.2215     40.3113     26.5707     89.8109     33.8378     60.4649     28.6531      79.404     79.2465      10.198     56.3205     80.8084     13.3417     60.1332       1e+10     86.6083      64.195     32.2025     52.8867          63     5.83095     79.0253      76.896     69.2604     72.4983     26.3059          61     24.8395     60.0167     45.7056     25.9615     80.0812     76.1577     43.4166     77.6981     94.8683     27.4591     63.6318     31.9061     27.0185     34.6554     71.0282     49.0918     58.3095     52.8015     14.3178     63.1981     60.7454     55.9732     29.1548     92.0489     176.822     47.0106     85.6154     150.712     37.8021     101.119     59.4138     10.0499     186.797
  8.005e+11 1.22577e+12 3.96611e+11 8.44808e+11 6.69403e+11 9.36483e+11  1.7328e+12 6.35059e+11 7.93977e+11 1.97205e+12     74.2765     17.1172      73.736     53.2635     52.1536     57.5587     29.8329     91.2195     51.0392     77.8845     51.8652     67.6831     47.0106     97.4526     4.12311     83.1986     36.0139     61.7414      10.198      37.855     93.8136      64.195     9.21954     95.8801     55.9017     86.6083       1e+10       32.28     55.2268       67.72     71.0211     89.0449     8.24621     78.0256     57.0088       42.72     101.415      51.788     110.887     41.4849     49.7393      108.19     73.3348     33.2415     43.8634     10.7703       8.544     112.699     38.2099     116.846     59.6406     87.4643     15.6205     67.0298     76.3217      76.243     96.7471     46.5296     73.1642     88.0227     58.7282       80.05     122.577     39.6611     84.4808     66.9403     93.6483      173.28     63.5059     79.3977     197.205
5.42033e+11 1.51845e+12  2.5632e+11 5.59732e+11 8.76641e+11 6.28013e+11 1.42042e+12 6.66108e+11 5.51543e+11 2.09476e+12     49.2443     49.2443     41.6293     26.9258     55.4437     26.0192      51.923     94.8736     22.8254      45.607     34.0588      59.203     32.9848     68.7677     36.4005     72.9932     40.3609     47.2652     22.1359     18.0278     73.2462     65.7343          33     75.9276     24.0208      64.195       32.28       1e+10     32.5576     35.4401     74.6324     68.1542     29.0172     48.2701     27.2029     55.4707     73.2462          20     86.3134     9.21954          20     81.5414     44.9444     13.1529     23.0217      21.587     38.0132     87.3212     45.4533     91.0659     40.1123     56.8507     21.2132      64.846      77.026     43.9659     76.9025     15.1327     41.1947     85.6154      35.171     54.2033     151.845      25.632     55.9732     87.6641     62.8013     142.042     66.6108     55.1543     209.476
7.18471e+11 1.57813e+12     1.7e+11 6.86222e+11 1.18512e+12 4.44072e+11 1.22197e+12 5.00899e+11 2.42074e+11 1.91802e+12      19.105      69.029     35.3412     8.06226       42.45     38.5876     58.8218     74.5185     45.2217     42.9418     8.24621     33.3017          14     43.8292     58.6941     43.8634     36.3456     18.6011     47.4342          49     40.8044     47.8853      50.448     43.4166     35.8469     32.2025     55.2268     32.5576       1e+10      35.609     56.9386     35.7351     48.1041     59.4138     44.7214     52.0096     47.1699     34.9285     55.8032     30.1496      17.088     53.0754          60     45.1774     11.4018     45.8039     63.2535     57.4891     41.1096     61.6198       8.544     38.2099     39.6232     43.6005     56.2228     40.7063     44.3847      35.171     44.8219     61.0737     3.60555     71.8471     157.813          17     68.6222     118.512     44.4072     122.197     50.0899     24.2074     191.802
3.92173e+11 1.85097e+12 4.52217e+11 3.38378e+11 1.16692e+12  3.2249e+11 1.08407e+12  8.5235e+11 4.30116e+11 2.27403e+12     37.6962     84.6463     8.06226     28.3019     76.4853     13.6015     84.0952     110.114     25.2389      10.198     43.2666     68.6222     47.4131     43.4166     71.8401      77.201     66.2193     53.7587     57.5674     38.8973     63.0635     83.2166     67.7422     66.2193     13.4536     52.8867       67.72     35.4401      35.609       1e+10      92.358     58.5235     63.9531     24.6982     19.6977     82.7103     48.5077     17.2047     67.1863     26.2488     22.8035     59.0339     27.2029     39.4081     37.3363     57.0088     73.1642     66.6108     71.5681     69.2315     43.1393     27.8568     55.4437     79.2023     91.8314       8.544     67.1863     22.4722     9.21954     96.1769     34.6554     39.2173     185.097     45.2217     33.8378     116.692      32.249     108.407      85.235     43.0116     227.403
1.25873e+12    1.17e+12 5.02494e+11 1.24326e+12 1.35059e+12 9.58019e+11 1.63689e+12 8.06226e+10 6.47765e+11 1.35831e+12          65     72.1734     92.1792     64.0703     19.6977     92.7631     47.5184     20.6155     95.6713     99.8499     49.0918     27.2947     45.4533      88.459     71.4493     32.8938     36.4005     40.4969     71.4703     92.1141     61.8142     9.21954     61.8142     61.3922     89.9389          63     71.0211     74.6324     56.9386      92.358       1e+10      60.208      63.561     115.256     97.5807     30.1496     89.0898     87.6926     83.5464     78.6448     71.0634      88.278     114.691     86.6083     56.6392     69.5701     78.5175     87.2983     32.9848     91.5915     50.5668     90.5207     62.0322     14.3178     7.81025     97.6166     61.6117     85.6329     101.514     20.5913     58.5918     125.873         117     50.2494     124.326     135.059     95.8019     163.689     8.06226     64.7765     135.831
