      0 14.6779  37.805 24.4891 62.8198 39.1845      20 46.0737 24.3493 48.5325 33.6852 53.0076      29 49.5833 12.0053 17.2821 14.3584  12.814       4 7.22354 15.1972 12.1833 40.5187 32.0889  45.074  29.594 52.2862 18.5144 26.4941 29.2659 23.6895  52.187 20.6443 19.4525       6 48.1006 22.9077 15.8266 32.2722 10.0333
14.6962       0 23.0341 22.5843 48.4313 34.5416 21.2649  31.427 12.8084 34.2005 19.0333 38.6809 15.5442 34.9306 16.1439 31.0469 24.7625 27.2562 16.7729 20.0832 6.75231 6.42624 26.1352 18.1309 31.5934  33.312 37.9188       4 34.4266 15.6231 10.0022 38.8513 30.9573 15.8301 9.69916 34.0782 8.26731  9.0059 27.6409 22.1161
37.8036 23.1307       0 33.8523 25.3817 24.7547 35.7147 8.62947 20.5547 13.4655 4.24275 17.2378 14.9812 13.6224 35.1777 53.3827 45.8543 50.3628 39.0604 42.8292 24.5252 27.4821  5.1396 11.6051 18.0352 47.8828 14.7986  19.287 51.5203  11.424 15.3059 24.0417 50.7458 28.4672 31.9969 17.0321  14.905 25.2096 32.6023 43.9421
24.7079 22.4654 33.6694       0 53.7704 19.7069 5.65713  39.959 34.4143 34.8121 33.0868  41.655 34.6719 47.2674 12.8795 31.6814 25.6152 33.2364 28.7079 23.2496 15.7402 27.3771  33.959 35.6334 48.7936  15.153  45.947 24.4264 20.4146 22.2753 20.0969 55.9951 21.5808  6.7456 24.2446 50.2793 25.4618 13.4981 11.7287 23.8507
62.8531  48.436 25.3754 54.8384       0 35.3974 57.9765 16.8282 44.5794 20.0778 28.7698 13.7695 38.2017 20.6006 58.8128 77.5035 69.8925  75.178  64.419  67.037 48.6763 52.8364 22.4221 29.4148 25.9843 69.3802 10.6416 44.7188 74.0445 34.5249 39.5006 23.7142 73.6519 51.0549 53.5949 21.4855 40.2614 49.0777 43.0414 68.0262
39.3214 34.3192 24.7865 19.6553  35.349       0 24.7096 22.0381  33.087 15.3054 28.6983 22.1085 39.5144 32.5954 28.8557 49.0334 41.3946 48.9377 43.0835 38.9489  27.699 39.7141 19.6763 36.3508  40.767 34.1552 26.5968 36.0069 40.0334 31.0429 31.5117 45.5396 40.9106 19.7367 37.7815 38.3565 36.8855 25.5193  8.0745 39.5425
20.0036 21.2648 35.7132 5.65724 58.0755 24.7585       0 42.0866 33.9412 39.8524 34.6316 46.6956 35.2329 49.3058       8 26.3971 19.6572 28.3163 24.0036 18.3252 14.8679 25.1883 36.0866 36.7309 50.1133 12.5493 48.0744 24.0878      16 24.3493 21.5642 57.3185 16.2196 7.29926 20.9629 51.9011 26.0852 12.8084 17.0203 17.0083
46.1193 31.7025 8.61536 39.9969 16.8426 22.0697 42.1251       0 28.6756  9.0059 12.8142 9.53596 22.3007 10.8211  42.449 60.8992 53.3292 58.4474 47.6717 50.3824 32.0371 36.0953       6 18.8826 20.3745 54.2018 6.34716 27.9728 58.0747 18.1311 22.8247 24.2654 57.5886      35 40.5897 17.2113 23.5162 32.8154 29.9177 51.4398
24.3513 12.8088 20.5276 34.4175 44.5813 44.8914 33.9412 28.6638       0 33.5885 16.2852  37.662  6.4074 27.4086 28.8608 41.6131 36.8018      36      24 31.1465 19.1079 12.1853 25.1806 10.0072  21.118 46.1103 33.9756 10.0043 47.2133      20  16.758      28 43.0876 27.8103 18.4601 24.7613  10.356 21.2649 39.0796 33.6732
48.3198 34.2027 13.5514 34.8103 19.3363 15.3575 39.8498 8.98642 33.6176       0 17.3008 7.09023 28.1701 19.7585 43.7662 59.6623 55.1837  60.753 50.2835  52.383 34.0462 39.6104 8.42626 25.1324   28.99 49.3507 11.7315 31.1232 55.1936 19.7916 24.9709 33.2779  56.051 34.6504 43.0715 26.1875 26.9765 34.3507 23.2664 53.3199
33.6917 19.0191 4.24285 33.1181 29.2248 28.6972  34.635 12.8111 16.3189 17.4077       0 21.4044 10.9215 16.0504 32.5838  49.754 42.5723 46.2506 34.9477 38.7795 21.4312 23.3349  8.9743 8.94071  17.694 47.1154 18.9549 15.2491 49.8432 10.0327 13.0919 24.8006 48.7947 27.4107  27.882 18.0341 10.7933 22.6987 36.5451 40.4422
53.0146 38.6737 17.2398 41.1367 13.7936 22.1597 46.6871 9.63583 37.7639 7.08915 21.4101       0 31.7687 18.3661 48.5108  67.268 59.6482 65.2131 54.7534 56.8442 38.5085 44.0837 12.7284  28.396      29 56.1878  7.8936 35.5982 62.0307 24.2529 29.4328 31.9829 62.8882 40.7472 47.5429 25.3677 31.4563 38.8134  30.111 57.7829
     29 15.5475 14.9228 34.6685 38.2061  39.406 35.2393 22.3033 6.40461 28.1105  10.794 31.8507       0 21.0493 31.4148 46.1427 40.2863 41.2254 29.2954 35.2901  20.613  17.137 19.6883 3.61919 16.1435 47.7234 27.6004 11.7287 49.4169 17.0819 15.0041 23.3633 46.4822 28.4311      23 19.1265 9.22096 22.4866 39.1998  37.555
49.5843 34.9117 13.6255 47.4722 20.4112 32.6175 49.3045 10.8275 27.3793 19.8069  16.051 18.5742 21.3722       0 48.4784 65.6482 58.4682 62.1423 50.4895  54.268 37.3264 38.3273 15.0055 17.9304  11.592 61.4775      11 31.1401  65.005 25.0235 28.8965  13.662 63.8921 42.0563 43.7768       7 26.5413 38.5941 40.4661 56.3366
     12 16.1374 35.1701 12.7161 58.8284  28.876       8 42.4502 28.8507 43.7565 32.5715 48.5494 31.4106 48.4742       0  20.478  12.836 20.3729 16.0036  10.006 11.1982 18.4427  36.517 33.5505 47.1866 17.8631 48.6835 19.7195 18.6902  24.351      20 54.4543 17.5928 9.22312 13.5094 49.1757 22.8245      10 21.9334 10.5333
17.2806  31.049 53.3819  31.597 74.7575   49.07 26.2295 60.9006 41.6123 62.8157 49.5656 67.2953 46.1376 65.6206 20.4859       0 9.90048 8.60554 18.4072 11.0653  28.884 29.4462 55.1085 49.0728 62.2577 23.8878 67.2108  35.049 17.1366  43.042 38.1007 69.4256 11.2481 29.3413 23.2636 65.0823 39.1535 28.7349 42.1495 9.51033
14.3429 24.7575 45.4665   25.61 69.9035 41.4148 20.2389 53.3297 36.7976   55.17 42.5743 59.6674 40.2808 58.4769  12.822 9.89966       0 14.3666 17.3748 7.21542   21.37 25.1227 46.7114 42.7854 56.3164 17.9559  59.627 28.6579 12.1915 35.4076 30.5732 63.5812 6.41573 21.6857 18.8929 58.6366 32.3366 20.8502 31.7426  4.4834
12.8409  27.269 50.3939 32.7779 75.1594 48.9549   28.29  58.412      36 60.7399 46.2731 65.2314 41.2266 62.1709 20.3632 8.60835 14.2446       0      12 10.0022  26.968 24.1072 52.8274 44.4326 57.0747 30.5939 64.7359 31.0822  24.719   41.21 35.7996      64 18.5812 29.0998 18.4602 60.3381 35.4916 27.2979 42.0346 10.8271
      4 16.1429 38.9377 28.4717  64.443 43.0383 24.0053 47.7023      24 48.5932 34.9655 54.7616 29.2965 50.4926 16.0053 18.4114 17.3689      12       0 10.1889  17.808  12.185  42.231 32.5776 45.0747  33.594 53.8557 19.7236 29.4897  31.249 25.6211      52 23.6456 23.4142 7.22392 48.4023 24.1929 18.8914 36.1254 13.0169
7.21625 20.0915 42.8187  23.118 67.0413 38.6477 18.3041 50.3661 31.1333 49.8918 38.7763 56.8512 35.2548 54.6791 10.3756 11.0644 7.22603  10.006 10.1828       0  18.373 19.1175 44.6244 38.1351 51.4124 25.0651 56.6901 24.0915 19.2833 32.6132 27.5811 58.6042 13.4563 19.2385 12.8119 54.1273 28.1948 18.1296 32.0478 2.83043
15.1716  6.7456 24.5249 15.8301 48.6897 27.8358 14.8679 32.0382 19.1079 34.0401 21.4165 38.5322  20.606 37.3192 11.2002 28.8824 21.3649   26.95 17.8086 18.3781       0  12.137 26.2751 22.4962 36.0937 27.2111 38.3515 9.22069 28.8753 14.3426 9.24018 43.3571 27.5494  9.0059 11.2964 38.0269 11.7256 2.24957 20.4146 19.4348
12.1853 6.36917 27.4952 27.6746  52.846 39.9974  25.349 36.1097 12.1833 39.5813 23.3434 44.0729  17.138 38.3303  18.443 29.4477 25.1133  24.106 12.1837 19.1279   12.17       0 31.5183 20.4162      33 36.2453  42.261 8.48554 37.0826 21.6387 16.1886  40.074  31.459 20.9374 6.34713 36.2551   12.81  14.356 33.0927 21.7322
40.5467  26.142  5.1691 34.0342 22.4383 19.7039 36.1628       6 25.2408 8.39471  9.0034 12.7295 19.5074 15.0031 36.5158 55.1064 46.7165 52.8415 42.2366 44.3397 26.2728 31.5392       0 16.7794 22.0466 48.2397  12.185  23.054 52.0747 12.1837 17.1108 27.2654 51.1928      29 35.0283 20.0546 18.9065 26.7028 27.5533 45.6298
32.0828 18.1324 11.5602 35.6781 34.7421  36.288 36.7377 18.8823 10.0029 24.9942 8.97866 28.4019 3.61132 17.9382 33.5538  49.047 42.7948 44.4313 32.5761 38.1203    22.5 20.4146 16.6777       0 13.7865 49.2681 24.1378 14.1621 51.3477 16.2247 15.6228  21.055 48.9794 29.6995 26.0997 16.3248 10.7946 24.1929 40.2038 40.2332
45.0747 31.5959 18.0381 48.8291 25.7932 41.0006 50.1294 20.5729 21.1169  29.377 18.5352      29 16.1451 11.4497   47.18 62.2525 56.3211  57.074  45.074 51.4192 36.0843      33 22.1777 13.7915       0 62.6487 22.3646 27.6827 64.9121 28.4666 28.7287 7.29926 62.5189 42.9899 39.0747 5.00247 24.3825 37.7227 48.8488 53.6596
29.5377 33.3095 47.8747 15.1513 69.3897 34.2063 12.5441 54.1706   46.11 49.3453 46.1371 56.1879 47.7148 61.4722 17.8555 24.2068 18.1196 30.6495 33.5377 25.1991 27.2069 36.2596 48.1706 49.2616 62.6358       0 60.1584 36.4053 7.81277 36.4819 34.0398 69.8397 12.8795 19.7195 31.3905 64.1169 38.5989 25.2452 26.1008 22.3844
52.4448 37.9143  14.803 45.9434 10.6495 26.6389 48.0717 6.34344   33.98 11.7629 18.9618 7.91494 27.6019      11 48.7423 67.2094 59.6267 64.7732 53.8441 56.4148 38.3501 42.2641 12.1837 24.1424 22.5792 60.1478       0 34.1449 64.0627 24.3495 29.1432 24.4701 63.6578 41.0741 46.7808      18 29.6892 38.8518 34.5005  57.745
18.5309       4 19.3889  24.423 44.7409 36.0508 24.0903 28.0017 10.0026 31.0961 15.2651 35.5874 11.7256 31.1559 19.7246 35.0469 28.6624 32.0999 19.7197 24.0832 9.22096 8.48545 22.9239 14.1603 27.6788 36.4063 34.0233       0 37.8145 13.5002 8.28784 34.9476 34.8586 17.8077 12.6709 30.0879 4.49086 11.3137 29.1342  26.101
26.0498 34.4533 51.5147 20.4162  74.064 40.0848      16 58.0739 47.2459 55.1951 49.8417 62.0376 49.4381 65.1036 18.7193 17.1694 12.1347 24.4769 29.3842  19.212 28.8901 37.1264 52.0739 51.3615 64.9353  7.8114 64.0618 37.8386       0 40.2293 36.8973 72.1901 6.13761 23.1093 31.0138 66.8038 40.5881 27.2459 32.0383 16.3952
29.2839 15.6249 11.4216 22.4028 34.5371 31.0756 24.3513 18.1323      20 19.7786  11.281 24.2743 16.8371 25.0241 24.3495 43.0354 35.4152 41.1985 31.2471 32.6301 14.3374 22.3869  12.185 16.1721 28.6521 36.6189  24.351 13.5642  40.231       0 5.65713 34.8807 39.1655 17.1382 24.0881 28.0468 10.3661 14.5811  26.921 33.5503
23.7077  10.006 15.0662 20.1161 39.5138 31.5484 21.5685 22.8267  16.561 24.9659 13.0859 29.1734  15.003 28.8928      20 38.0994 30.5701 35.8002 25.6166 27.5803 9.23847 16.2112 17.1142 15.6228 28.7053 34.0442 29.1449 8.37515 36.8996 5.65724       0 35.9074 35.9207 14.3438 18.4423 30.4902 6.36721      10 24.6397 28.6541
52.1885 38.8539 24.0417  56.034 23.4661 45.5656  57.313 24.4601      28 33.4509 24.7774 32.2846 23.3655 13.8115 54.4459 69.4272 63.5865      64      52 58.6138 43.3506 40.0747 27.2623 21.0593 7.30188 69.8669  24.719 34.9517 72.1739 34.8701 35.9342       0 69.7864 50.1974 46.2086 7.22603 31.6501 44.9772 53.4123 60.8998
20.6259 30.9158 50.7442  21.568 73.7965 40.9611 16.2235 57.6012 43.0509 56.0561 48.7958  62.898 46.4401 64.3314  17.588 11.3661 6.41245 18.3662  23.627 13.4547 27.5235 31.4428 51.1999 48.9414 62.4724 12.7161 63.6731 34.8141 6.16999 39.5756  35.922 69.7375       0 22.6313 25.2947 64.7928 38.4931 26.1539 33.1898 10.6312
19.5226 15.7434 28.4649 6.75231 50.5069 19.7632 7.30188      35 27.8076 34.6457 27.4069 40.9014 28.4305 42.0556 9.22045 29.3201   21.68  29.217 23.5082 19.2257  8.9743 20.6906      29 29.6898 42.9698 19.7246 41.0747  17.913 23.1106 17.1368 14.3372 50.1719 22.6173       0 18.1694 44.7545 19.2123  6.7456 12.8494 19.8297
      6 8.96586 32.0244  24.356 57.3165 37.6135 21.2564 40.5702 18.4578 43.0686 27.9017 47.5524      23 43.7957 13.5676 23.2539 18.9076 18.4581 7.21724 12.8206 11.2203 6.34353 35.0201 26.1008  39.074 31.4364 46.7924 12.6732  31.092 24.0882 18.4426 46.2072 25.3149 18.1366       0 42.1006 17.1142 12.7161 30.7019 15.4644
48.2127 34.0791 17.0324 50.4139  18.986 38.3785 51.9089 17.3187 24.7592 26.3383 18.0172 25.5742 19.1259       7  49.258 65.0787 58.6378 60.3408 48.4014 54.1224 38.0242 36.2483 20.0535 16.0364 5.00604 64.4301      18 30.0925 66.7964  27.804 30.5024 7.21542 64.8225 44.9005 42.1049       0 26.3844 39.5811 43.7266 56.1759
22.9255 8.26538 14.9301 25.4623 40.2854 36.9061 26.0945 23.4128 10.2591 26.9626 10.8085 31.4393 9.22069 26.7039  22.827 39.1538 32.3335 35.4815 24.1884   28.19 11.7287 12.8081 18.5288 10.7905 24.3903 38.6039 29.6975 4.48589 40.5751 10.2597 6.42965 31.6559  38.301 19.2126 17.1108 26.3865       0 13.4399 29.4236      30
 15.815  8.9743 25.2036 13.5676 49.0922 25.6242 12.8088 32.5776 21.2648 34.3552 22.6901 38.8463 22.4809 38.5928      10 28.4826 20.8571  27.323 18.8921 18.1458 2.24443  15.532 26.7043 24.1886 37.7257 25.2575  38.853 11.3137 27.2409 14.5835      10 44.9726 26.1535 6.75231 12.8795 39.5769 13.4336       0 18.7148 18.9962
32.4064 27.4219 32.7078 11.7255 41.9949 8.12561 17.0159 29.9298  39.081 23.2608 36.5745 30.1035 39.2037 40.3261 21.9369 42.1417 34.5026 42.0419 36.2777 32.0506 20.7873  32.829 27.5708 40.2024 48.6849 26.0997 33.9757  29.148 32.0369 26.8059 24.6246 50.8884 33.1866 12.8494 30.8273 46.2223 29.9998 18.6158       0 32.6508
10.0212 22.1133 43.9411 23.6816 68.0415 39.5812 18.9148 51.4419 33.6475 51.0247  40.433 57.8096 37.5397 56.3357 10.9976 9.50726 4.48917 10.9457 13.0052 2.82844 19.4368 21.7091 45.6319 40.2299  53.648 22.2179 57.7464 26.0984  16.481 33.5533 28.6562  60.885 10.6322 19.8528 15.4491 56.1724      30 19.0025 32.6612       0


dist cost node
      0 14.5602 37.3363 24.3311 59.1354 37.0135      20 45.6946 24.3311 46.0435 33.5261 52.4786      29 48.8365      12 17.2627 14.1421 12.6491       4  7.2111 14.8661 12.1655 40.2492 32.0624 45.0444 28.2312      52 18.4391 25.6125 28.8444 23.3238 52.1536 20.5183 19.3132       6 48.0416 22.8035 15.6205 31.7648      10
14.5602       0 22.8473 22.3607 44.5982 26.5707 21.2603  31.305 12.8062 32.5576 18.9737 38.6005 15.5242 34.3657 16.1245 31.0161 24.7386 27.2029 16.1245      20  6.7082 6.32456 26.0768 18.1108 31.5753 33.3017 37.5766       4      34 15.6205      10  38.833 30.6757 15.6525 8.94427 34.0588 8.24621 8.94427 24.0208 22.0907
37.3363 22.8473       0 32.8938 21.8403      20 35.6931 8.60233 20.2485 13.3417 4.24264 17.2047 14.3178 13.6015 35.0143 52.9528 45.0999   49.98 38.9102 41.9762 24.1868 27.4591 5.09902 11.4018 18.0278 47.8017 14.7648 19.2354 51.4782 11.4018 15.0333 24.0416   50.01 28.4429 31.7805 17.0294 14.7648   25.02      25  43.566
24.3311 22.3607 32.8938       0 52.2398 19.6469 5.65685 38.4708 34.4093 34.0588  31.305 41.1096 34.6554 46.4866 12.6491 29.6985  19.799  32.249 28.2843 22.3607 15.6525 27.2029 32.5576  35.609 48.5489 15.1327 44.1814 24.4131 20.3961 21.5407      20 55.5698 21.4709  6.7082 24.0832 49.1935 25.4558 13.4164 11.7047 21.6333
59.1354 44.5982 21.8403 52.2398       0 34.4819 56.0089 14.0357 39.4081 19.3132  25.632 13.6015 33.0151 12.8062 56.4358 74.7329 66.6108 71.7844 60.5392 63.7887 45.8912 48.7545  20.025 29.4109 23.7065 67.3647 8.06226 40.8534 72.0069 32.1403 36.6742 23.3452 71.1758 49.0102 53.4883 18.7883 36.4005 46.5296 41.9762  65.307
37.0135 26.5707      20 19.6469 34.4819       0 24.6982 21.9545 33.0151 15.2971 21.0238 22.0907 29.6142 32.0156 28.6007 47.7074 38.0789 48.1041 40.2244 38.2884 22.4722 32.8938 17.0294 28.4605 38.0132 34.1321 26.5707 25.4951  40.025 13.0384 17.2627 43.9318 40.8534 19.4165 33.6155 36.7967 23.0217 21.4009 8.06226 38.6005
     20 21.2603 35.6931 5.65685 56.0089 24.6982       0 42.0476 33.9411 38.4708 33.5261 45.5412 35.2278 49.2443       8 24.0416 14.1421 26.8328      24  17.088 14.8661 25.0599 36.0555 36.7151 50.0899   12.53      48 24.0832      16 24.3311 21.5407 57.2713 16.1555 7.28011 20.8806  51.264 26.0768 12.8062      17 16.1245
45.6946  31.305 8.60233 38.4708 14.0357 21.9545 42.0476       0 28.4253 8.94427 12.8062 9.48683 22.2036 10.8167 42.4264 60.8769 52.6118 58.3095 47.4131      50 32.0156 36.0555       6  18.868 20.2237 53.6004 6.32456 27.7849 58.0345 18.1108 22.8035 24.1661 57.1402      35 40.2492  17.088 23.3238 32.5576 28.7924 51.4198
24.3311 12.8062 20.2485 34.4093 39.4081 33.0151 33.9411 28.4253       0 33.1059 16.1245 37.4433 6.40312 27.2947 28.8444 41.5933 36.7696      36      24 31.0483  19.105 12.1655 25.0599      10  21.095 46.0977 33.9411      10 46.6476      20 16.4924      28 42.9535 27.8029 18.4391 24.7386  10.198 21.2603 33.2415 33.5261
46.0435 32.5576 13.3417 34.0588 19.3132 15.2971 38.4708 8.94427 33.1059       0  17.088 7.07107 27.5136 19.7231 40.4969 59.6154 50.5964 58.3095 48.4149 49.1935 31.3847 38.2099 8.24621 24.7386 28.8617      49 11.6619 29.7321 54.3323 17.2047 22.8035 33.1059 54.3415 32.0156 41.2311      26 25.6125  31.305 23.0868 50.1597
33.5261 18.9737 4.24264  31.305  25.632 21.0238 33.5261 12.8062 16.1245  17.088       0 21.4009 10.4403 16.0312 32.0624 49.4975      42 46.1736 34.9285 38.4708      21 23.3238 8.94427       8 17.6918 45.8803  18.868 15.2315 49.0306      10 12.1655 24.4131 47.1699 26.2488 27.8568 17.8885 10.7703 22.0907 24.7588 40.1995
52.4786 38.6005 17.2047 41.1096 13.6015 22.0907 45.5412 9.48683 37.4433 7.07107 21.4009       0 31.3847 18.2483 47.4342 66.4831 57.5674 64.8845 54.6443 55.9464 38.0132 43.9318 12.7279  28.178      29 56.0089 7.61577 35.4683 61.4003 23.7065 29.1548 31.7805 61.3922 39.0512 47.4342 25.1794 31.1448 38.0789 30.0167 57.0088
     29 15.5242 14.3178 34.6554 33.0151 29.6142 35.2278 22.2036 6.40312 27.5136 10.4403 31.3847       0 21.0238 31.3847 46.0977 40.2616 41.1947 29.2746 35.2278 20.5913 17.1172 19.3132 3.60555 16.1245 47.7074 27.5862 11.7047 49.2443 16.7631      15 23.3452 46.1736 28.4253      23  19.105 9.21954 22.4722  31.305 37.4833
48.8365 34.3657 13.6015 46.4866 12.8062 32.0156 49.2443 10.8167 27.2947 19.7231 16.0312 18.2483 21.0238       0 48.0937 65.2763 58.0086 61.3922 49.7293  54.231 37.0135 37.6431      15 17.4642 11.4018 61.4003      11 30.4138 64.9384      25 28.1603 13.6015 63.1981 41.9762 42.9535       7 26.1725 38.1182 38.0789 56.0803
     12 16.1245 35.0143 12.6491 56.4358 28.6007       8 42.4264 28.8444 40.4969 32.0624 47.4342 31.3847 48.0937       0 19.2354  10.198      20      16      10 11.1803 18.4391 36.4966 33.5261 47.1275 17.8045 48.6621 19.6977 17.8885 24.3311      20 54.4059 15.1327 9.21954 13.4164 49.0306 22.8035      10 21.9317      10
17.2627 31.0161 52.9528 29.6985 74.7329 47.7074 24.0416 60.8769 41.5933 59.6154 49.4975 66.4831 46.0977 65.2763 19.2354       0 9.89949 8.60233 18.3848 11.0454 28.8617 29.4279 55.0818 49.0102 62.2013 23.7697 67.1863 35.0143 17.0294 43.0116 38.0789 69.3542 11.1803 28.3019 23.1948 65.0077 39.1152 28.4605 40.6079 9.48683
14.1421 24.7386 45.0999  19.799 66.6108 38.0789 14.1421 52.6118 36.7696 50.5964      42 57.5674 40.2616 58.0086  10.198 9.89949       0 14.1421 17.2047  7.2111      21 25.0599 46.6905 42.7551 56.2939 16.0312 58.8558 28.6356 11.6619 34.5254 30.0666  63.561 6.40312 18.7883  18.868 58.5491  32.249 20.0998 30.8058 4.47214
12.6491 27.2029   49.98  32.249 71.7844 48.1041 26.8328 58.3095      36 58.3095 46.1736 64.8845 41.1947 61.3922      20 8.60233 14.1421       0      12      10 26.9258 24.0832 52.8015 44.4072 57.0351 30.0167  64.622 31.0483 24.3311 41.1825 35.7771      64 18.2483 29.0689 18.4391 60.2993 35.4401 27.2029 41.8688 10.7703
      4 16.1245 38.9102 28.2843 60.5392 40.2244      24 47.4131      24 48.4149 34.9285 54.6443 29.2746 49.7293      16 18.3848 17.2047      12       0      10 17.8045 12.1655   42.19 32.5576 45.0444 31.9531 53.6656 19.6977 28.8444  31.241 25.6125      52 23.4307 23.0868  7.2111 48.3735 24.1661  18.868 35.3412 12.8062
 7.2111      20 41.9762 22.3607 63.7887 38.2884  17.088      50 31.0483 49.1935 38.4708 55.9464 35.2278  54.231      10 11.0454  7.2111      10      10       0 18.0278 18.9737 44.2719 38.0526 51.3517  22.561 56.3205      24  18.868  32.311 27.2029 58.5491 13.4536  19.105 12.6491  54.037 28.0713 17.8885 31.8904 2.82843
14.8661  6.7082 24.1868 15.6525 45.8912 22.4722 14.8661 32.0156  19.105 31.3847      21 38.0132 20.5913 37.0135 11.1803 28.8617      21 26.9258 17.8045 18.0278       0 12.0416 26.2488 22.4722 36.0555 27.2029 38.3275 9.21954 28.7924 14.3178 9.21954 43.3244 26.3059 8.94427 11.1803  37.855 11.7047 2.23607 18.4391 19.4165
12.1655 6.32456 27.4591 27.2029 48.7545 32.8938 25.0599 36.0555 12.1655 38.2099 23.3238 43.9318 17.1172 37.6431 18.4391 29.4279 25.0599 24.0832 12.1655 18.9737 12.0416       0  31.241 20.3961      33 36.2353   42.19 8.48528  35.609 21.6333 16.1245   40.05 31.3847 20.6155 6.32456 36.2215 12.8062 14.1421 30.1496 21.5407
40.2492 26.0768 5.09902 32.5576  20.025 17.0294 36.0555       6 25.0599 8.24621 8.94427 12.7279 19.3132      15 36.4966 55.0818 46.6905 52.8015   42.19 44.2719 26.2488  31.241       0 16.4924 21.9317  47.676 12.1655 22.8035 52.0384 12.1655  17.088 27.2029 51.1566      29 34.9857      20 18.4391 26.6833 23.2594  45.607
32.0624 18.1108 11.4018  35.609 29.4109 28.4605 36.7151  18.868      10 24.7386       8  28.178 3.60555 17.4642 33.5261 49.0102 42.7551 44.4072 32.5576 38.0526 22.4722 20.3961 16.4924       0 13.6015 49.2443 24.0832 14.1421  51.264 16.1245 15.6205 20.8806 48.5077 29.6816 26.0768      16 10.7703 24.1661 31.0644 40.1995
45.0444 31.5753 18.0278 48.5489 23.7065 38.0132 50.0899 20.2237  21.095 28.8617 17.6918      29 16.1245 11.4018 47.1275 62.2013 56.2939 57.0351 45.0444 51.3517 36.0555      33 21.9317 13.6015       0 62.6099 22.2036 27.6586  64.846 27.6586 28.6531 7.28011 62.0967 42.9418 39.0512       5 24.3516 37.6962 42.4264 53.6004
28.2312 33.3017 47.8017 15.1327 67.3647 34.1321   12.53 53.6004 46.0977      49 45.8803 56.0089 47.7074 61.4003 17.8045 23.7697 16.0312 30.0167 31.9531  22.561 27.2029 36.2353  47.676 49.2443 62.6099       0 59.3043 36.4005 7.81025 36.4005 34.0147 69.7782 12.6491 19.6977 31.0644 63.6946 38.5876 25.2389 26.0768 20.2237
     52 37.5766 14.7648 44.1814 8.06226 26.5707      48 6.32456 33.9411 11.6619  18.868 7.61577 27.5862      11 48.6621 67.1863 58.8558  64.622 53.6656 56.3205 38.3275   42.19 12.1655 24.0832 22.2036 59.3043       0      34      64 24.3311 29.1204 24.3311 63.2851 41.0488 46.5188      18 29.5296  38.833 33.9559 57.7235
18.4391       4 19.2354 24.4131 40.8534 25.4951 24.0832 27.7849      10 29.7321 15.2315 35.4683 11.7047 30.4138 19.6977 35.0143 28.6356 31.0483 19.6977      24 9.21954 8.48528 22.8035 14.1421 27.6586 36.4005      34       0 37.5766 13.4164 8.24621 34.9285 34.4819 17.8045 12.6491 30.0666 4.47214 11.3137 24.1868 26.0768
25.6125      34 51.4782 20.3961 72.0069  40.025      16 58.0345 46.6476 54.3323 49.0306 61.4003 49.2443 64.9384 17.8885 17.0294 11.6619 24.3311 28.8444  18.868 28.7924  35.609 52.0384  51.264  64.846 7.81025      64 37.5766       0 40.1995 36.8782  72.111 6.08276 23.0868 29.7321 66.4831 40.4969 27.2029 32.0156 16.1245
28.8444 15.6205 11.4018 21.5407 32.1403 13.0384 24.3311 18.1108      20 17.2047      10 23.7065 16.7631      25 24.3311 43.0116 34.5254 41.1825  31.241  32.311 14.3178 21.6333 12.1655 16.1245 27.6586 36.4005 24.3311 13.4164 40.1995       0 5.65685 34.4093 39.0512 17.1172 24.0832 27.7849  10.198 14.5602      15 33.5261
23.3238      10 15.0333      20 36.6742 17.2627 21.5407 22.8035 16.4924 22.8035 12.1655 29.1548      15 28.1603      20 38.0789 30.0666 35.7771 25.6125 27.2029 9.21954 16.1245  17.088 15.6205 28.6531 34.0147 29.1204 8.24621 36.8782 5.65685       0 35.7771 35.0571 14.3178 18.4391 29.7321 6.32456      10 16.7631 28.6356
52.1536  38.833 24.0416 55.5698 23.3452 43.9318 57.2713 24.1661      28 33.1059 24.4131 31.7805 23.3452 13.6015 54.4059 69.3542  63.561      64      52 58.5491 43.3244   40.05 27.2029 20.8806 7.28011 69.7782 24.3311 34.9285  72.111 34.4093 35.7771       0 69.3758 50.0899 46.1736  7.2111 31.6228 44.9444 48.9183 60.8276
20.5183 30.6757   50.01 21.4709 71.1758 40.8534 16.1555 57.1402 42.9535 54.3415 47.1699 61.3922 46.1736 63.1981 15.1327 11.1803 6.40312 18.2483 23.4307 13.4536 26.3059 31.3847 51.1566 48.5077 62.0967 12.6491 63.2851 34.4819 6.08276 39.0512 35.0571 69.3758       0 22.3607 25.2389 64.1327  37.855 25.0799 33.1059 10.6301
19.3132 15.6525 28.4429  6.7082 49.0102 19.4165 7.28011      35 27.8029 32.0156 26.2488 39.0512 28.4253 41.9762 9.21954 28.3019 18.7883 29.0689 23.0868  19.105 8.94427 20.6155      29 29.6816 42.9418 19.6977 41.0488 17.8045 23.0868 17.1172 14.3178 50.0899 22.3607       0 18.0278 44.0114 19.2094  6.7082 12.8062 19.2094
      6 8.94427 31.7805 24.0832 53.4883 33.6155 20.8806 40.2492 18.4391 41.2311 27.8568 47.4342      23 42.9535 13.4164 23.1948  18.868 18.4391  7.2111 12.6491 11.1803 6.32456 34.9857 26.0768 39.0512 31.0644 46.5188 12.6491 29.7321 24.0832 18.4391 46.1736 25.2389 18.0278       0 42.0476  17.088 12.6491 29.4109 15.2315
48.0416 34.0588 17.0294 49.1935 18.7883 36.7967  51.264  17.088 24.7386      26 17.8885 25.1794  19.105       7 49.0306 65.0077 58.5491 60.2993 48.3735  54.037  37.855 36.2215      20      16       5 63.6946      18 30.0666 66.4831 27.7849 29.7321  7.2111 64.1327 44.0114 42.0476       0 26.3059 39.2938 42.0119 56.1427
22.8035 8.24621 14.7648 25.4558 36.4005 23.0217 26.0768 23.3238  10.198 25.6125 10.7703 31.1448 9.21954 26.1725 22.8035 39.1152  32.249 35.4401 24.1661 28.0713 11.7047 12.8062 18.4391 10.7703 24.3516 38.5876 29.5296 4.47214 40.4969  10.198 6.32456 31.6228  37.855 19.2094  17.088 26.3059       0 13.4164 23.0868      30
15.6205 8.94427   25.02 13.4164 46.5296 21.4009 12.8062 32.5576 21.2603  31.305 22.0907 38.0789 22.4722 38.1182      10 28.4605 20.0998 27.2029  18.868 17.8885 2.23607 14.1421 26.6833 24.1661 37.6962 25.2389  38.833 11.3137 27.2029 14.5602      10 44.9444 25.0799  6.7082 12.6491 39.2938 13.4164       0 16.7631 18.9737
31.7648 24.0208      25 11.7047 41.9762 8.06226      17 28.7924 33.2415 23.0868 24.7588 30.0167  31.305 38.0789 21.9317 40.6079 30.8058 41.8688 35.3412 31.8904 18.4391 30.1496 23.2594 31.0644 42.4264 26.0768 33.9559 24.1868 32.0156      15 16.7631 48.9183 33.1059 12.8062 29.4109 42.0119 23.0868 16.7631       0 31.8277
     10 22.0907  43.566 21.6333  65.307 38.6005 16.1245 51.4198 33.5261 50.1597 40.1995 57.0088 37.4833 56.0803      10 9.48683 4.47214 10.7703 12.8062 2.82843 19.4165 21.5407  45.607 40.1995 53.6004 20.2237 57.7235 26.0768 16.1245 33.5261 28.6356 60.8276 10.6301 19.2094 15.2315 56.1427      30 18.9737 31.8277       0

