      0 81.7615 21.4735 21.0244 24.3108 14.5811 35.5275 16.8311  41.567 8.13698 34.0471 79.4936 29.7303 25.7299      18
 81.791       0 61.7777 64.9581 87.1219 70.2542 46.3534 70.3832 44.6161 73.8523 69.3534 8.30809 49.9042 61.2294 90.5052
21.4178 61.7725       0 29.8799 25.3817 25.1809 15.8511 8.62947 20.5547 13.4655 17.0321 59.5024 15.3059 35.5972 29.1681
20.9727 65.3356 29.9427       0 36.3673 6.78137 31.4288 27.1804  41.196 20.5949 43.4858 63.0667 26.7429 8.96561  38.395
24.3081 87.1187 25.3754 40.6118       0 35.6013 41.1836 16.8282 44.5794 20.0778 21.4855 84.8511 39.5006 46.2879   15.17
14.5835 70.4699 25.2334 6.80651 35.6026       0 24.3666 22.4972 45.3802 15.5442 38.8125  68.201 32.0294 11.1986 32.2733
35.5175 46.3375 15.8725 31.4204 41.2292   36.71       0 24.4864 10.4913 27.5841 27.3605 44.0708 6.16999 27.6997 44.2362
17.0922 70.3816 8.61536 27.1938 16.8426 22.4938 24.4619       0 28.6757  9.0059 17.2113 68.1128 22.8246 32.9166 20.6246
41.5369 44.6144 20.5276 41.1896 44.5813 45.3196 10.6246 28.6638       0 33.5885 24.7607  42.344  16.758 37.5053 49.2797
8.16999 46.8073 13.5514 20.6096 20.0759 15.5475 27.6114 8.98642 33.6176       0 26.1875 71.5864 24.9709 26.2609 18.8124
34.2453  69.347 17.0324 43.5028 21.3347 38.8025 27.3642 17.3187 24.7592 26.3383       0 67.0768 30.5024 49.2264 33.0219
79.5054 8.27332 59.4778 62.6892 84.8248 67.9785 44.0551 68.0896   42.32 71.5726  67.058       0 47.6044 58.9776   86.36
32.9308 49.8925 15.3049 26.7474 39.5138 28.6687 6.13761 22.8267  16.561 24.9659 30.4902 47.6275       0 23.0252 41.6268
25.7317 61.6066  35.657 8.96006 46.2847 11.1999 27.7501  32.922 37.5084 26.1689 49.2317 59.3376 23.0607       0 43.4413
     18 90.4945 29.1402 38.4162  15.137  32.272 44.0553 20.6221 49.2718 18.8087 33.3946 86.3866 41.6009 43.4399       0


dist cost node
      0 53.2259  21.095 19.7231 24.2074 14.5602  32.249 16.7631 40.1622 8.06226 33.8378 48.3839 27.8029 25.7099      18
53.2259       0 34.2053 38.4708 53.4135  44.911 21.1896 42.5206 14.1421 46.6476 37.5766 8.24621 26.6833 42.0476 63.1269
 21.095 34.2053       0 18.6011 21.8403 20.8087 15.6525 8.60233 20.2485 13.3417 17.0294  28.178 15.0333 27.4591      29
19.7231 38.4708 18.6011       0 36.3456  6.7082 18.0278 22.8035 28.2843 18.1108  35.609 36.0555      12 8.94427 36.4005
24.2074 53.4135 21.8403 36.3456       0 34.7851 37.3363 14.0357 39.4081 19.3132 18.7883 46.0109 36.6742  44.911 15.0333
14.5602  44.911 20.8087  6.7082 34.7851       0 24.0832 22.4722 34.0147 15.5242 37.5366 42.0119 18.2483 11.1803  32.249
 32.249 21.1896 15.6525 18.0278 37.3363 24.0832       0 24.1868 10.4403 26.2488 27.2947 18.0278 6.08276 23.7697 44.0454
16.7631 42.5206 8.60233 22.8035 14.0357 22.4722 24.1868       0 28.4253 8.94427  17.088 36.0555 22.8035 31.6228 20.6155
40.1622 14.1421 20.2485 28.2843 39.4081 34.0147 10.4403 28.4253       0 33.1059 24.7386 8.24621 16.4924  34.176 49.0408
8.06226 46.6476 13.3417 18.1108 19.3132 15.5242 26.2488 8.94427 33.1059       0      26 41.2311 22.8035 26.0768 18.7883
33.8378 37.5766 17.0294  35.609 18.7883 37.5366 27.2947  17.088 24.7386      26       0 29.5296 29.7321 44.4072 32.7567
48.3839 8.24621  28.178 36.0555 46.0109 42.0119 18.0278 36.0555 8.24621 41.2311 29.5296       0 24.0832 41.2311 56.6127
27.8029 26.6833 15.0333      12 36.6742 18.2483 6.08276 22.8035 16.4924 22.8035 29.7321 24.0832       0 17.8885 41.3401
25.7099 42.0476 27.4591 8.94427  44.911 11.1803 23.7697 31.6228  34.176 26.0768 44.4072 41.2311 17.8885       0 43.4166
     18 63.1269      29 36.4005 15.0333  32.249 44.0454 20.6155 49.0408 18.7883 32.7567 56.6127 41.3401 43.4166       0

