      0 81.7615 21.4735 21.0244 24.3108 83.9969 14.8878 39.6011 16.8311  41.567 8.13698 25.3831 10.6315 36.1643 27.4223 87.6824 32.3235 58.4187 89.6291 58.1944  35.831 41.9571 51.8913 16.3363 34.0471 74.6662 32.8825 58.7897      18 75.3468
75.0049       0 61.7777 64.9581 87.1219      28 69.7317 52.2041 70.3832 44.6161 73.8523 57.6045 78.3418 50.5139 71.8221 16.5454 60.1532 73.1207  22.047 28.4309 75.6674 43.6086 32.1285 65.7832 69.3534 8.30809 49.9042 94.1318 90.5052 36.2522
21.4178 58.3017       0 29.8799 25.3817 79.6071 20.0045 35.7147 8.62947 20.5547 13.4655 4.24275 17.2378 14.9812 13.6224  67.691  11.752 59.0242 70.9912 39.0604 21.3876 24.5252 31.1513  5.1396 17.0321 59.5024 15.3059 72.5619 29.1681 84.7143
20.9727 65.3345 29.9427       0 40.5951 83.1711 5.96068 20.4146 27.1804  41.196 20.5949 33.8335 27.5433  25.772 37.7408 71.2518 40.8246 41.5045 70.1348 38.4354 46.2097 22.9298 37.6717 24.8173 43.4858  63.066 26.7429   62.49  38.395 91.1066
 24.308 87.1187 25.3754 40.6118       0 75.8824  35.356  56.047 16.8282 44.5794 20.0778 29.5334 13.7695 38.2017 14.8936 87.3299 30.6765 79.3939 81.5125  64.419 15.3666 48.6763 56.4514 22.4221 21.4855  73.526 39.5006 61.3215   15.17 67.2322
74.0214      28 79.5792  82.752 76.0602       0  87.524 56.9348 84.7958  62.424 83.8189 75.4126 76.8994 67.1942  88.893 12.7039 77.9514  90.972 6.10271 46.2286 21.6387 61.4133 49.9346 83.5909 87.1607 20.1225 67.7079 111.076 66.9394 8.96586
14.8908 66.2639 24.8299 6.18443 35.3588 87.9086       0 24.7254  22.057 44.9643 15.3152 28.7651 22.1129 29.7916 32.6189 75.9917 35.6917 44.1345  81.323 43.2288 41.0888 27.6996 45.7809 19.6979  38.335 67.8068 31.5286 65.1144 32.4093 89.3877
39.5916 51.6499 35.7132 20.4162 58.0755 69.9159 24.7255       0 42.0866 33.9412 39.8524 34.6316 46.6956 35.2329 49.3058 57.9963 41.7408  23.742 63.8472 25.1498 56.9518 14.8679  30.621 36.0866 51.9011 49.8102 21.5643  44.722 57.0813 77.8536
17.0922 70.3816 8.61536 27.1938 16.8426 85.1418 22.0398 42.1251       0 28.6756  9.0059 12.8081 9.53596 22.3007 10.8211 76.3028 16.7159 65.1613 82.1492 47.6717 19.2738 32.0371 39.7271       6 17.2113 68.1128 22.8247 64.7419 20.6195 76.0806
41.5369 44.6144 20.5276 41.1896 41.8802 62.4461 44.8622 33.9412 28.6638       0 33.5885 16.1584  37.662  6.4074 27.4086 50.5291 15.7245 57.4118 56.3803      24 31.0848 19.1079 12.6709 25.1806 24.7607  42.344  16.758  41.499 49.2797 70.3876
8.16999  73.858 13.5514 20.6096 20.0759 83.8268 15.3177 39.8498  8.9743 33.6176       0 17.4286 7.09023 28.1701 19.7585 79.7756 24.2202 59.3561 85.6226 50.2835 28.1334 34.0462  43.983 8.42626 26.1875 71.5864 24.9709 60.9105 18.8123 75.1769
25.3398 54.1115 4.24285 33.8267 29.5343 75.4374 28.6665  34.635 12.8111 16.3189 17.4077       0 21.4044 10.9215 16.0504 63.5236 10.3854 58.1804 69.3709 34.9477 23.0443 21.4312 26.9181  8.9743 18.0341 55.3342 13.0108 76.7138 33.3717 83.3772
10.6316  78.333 17.2398 27.5516 13.7936 78.2158 22.1143 46.6871 9.63582 37.7639 7.08915 21.4101       0 31.7687 18.3749 84.2468 26.1723 66.2032 82.5504 54.7534  26.316 38.0899 48.1887 12.7292 25.3677 76.0622 29.4328 55.3158  12.217 68.2705
36.0668 50.5154 14.6589 41.3082 38.2061 68.3507  39.372 35.2393 22.2535 6.40461 28.1105  10.794 31.8507       0   21.39 56.4336 9.69861 58.5337 62.2846 29.2954 25.3685  20.613 18.8087 19.5666 19.1265  48.246 15.0041 79.9382 42.8437 76.2912
27.6242 71.7965 13.6255 37.7453 20.4112 88.7065 32.5893 49.3045 10.8274 27.3793 19.8069  16.051 18.5742 21.3722       0 77.7175 11.9921 72.6485 83.5642 50.4895 8.48551 37.3264 39.9083 15.0055       7 69.5282 28.8965  71.931 26.0544 80.0564
87.6326 16.5562 67.6053 70.8047 87.4233 12.6911 75.5795 56.5208 76.2296 50.4546 76.0544 63.4366 84.1795 56.3545 77.6555       0 65.9813 78.9633 6.73387 34.2555 81.5049 49.4079 37.9578 71.6138  75.185 8.30542 55.7323 99.9546  78.388  20.125
32.3049 60.1594 11.8199 40.9158 30.7339 77.9911 35.7627 42.0522 16.5887 15.7383 24.2975 10.4951 25.9939 9.69898 12.0331 66.0814       0 65.7008 71.9285  38.658 16.2623  28.167 28.3431 16.7682 10.1926 57.8876 20.1488 80.9582 36.3285 85.9342
58.2558 73.0724 58.8205 41.4794 79.3854 90.9071 44.1345 23.7178 65.1139 57.4128 59.3527 58.1607 66.1962 58.9391  72.418 78.9921 58.1463       0 84.8394 45.0537 80.0684 38.4751 52.5187 59.1139 75.4291 70.8022 45.0997  22.047 68.5356 98.8467
89.6426 22.0463 73.5137 76.6889 81.6834 6.10055 81.4651 64.0676 82.1275 56.3557 85.5841 69.3474 82.5436 62.2551 83.5629 6.73995 71.8765 84.8897       0 40.1721 87.4081 55.3254 43.8671 77.5276 81.0898 14.0558 61.6404 105.873 72.5904 14.3381
58.2084 28.3863 39.0892 38.2067  64.443 46.2198 40.3948 25.3274 47.7023      24 50.2725 34.9586 54.7616 29.2965 50.4926 34.3051 38.7359 45.1619 40.1524       0 54.6446 17.8076 12.6702  42.231 48.4023 26.1155 25.6211 66.1358 66.9294 54.0168
35.9261 75.6661  21.398 46.2274 15.2446 91.0662 41.0732 56.9563 19.2854 31.0768 27.2085 23.0405 26.4092 25.3667 8.49801 81.5854 16.2233 80.2324 87.4319 54.6492       0 44.0915 43.7102 23.3888 6.34344 72.5337 35.9589 76.4755 30.1366 82.4159
41.9979 43.6307 24.5249 23.0357 48.6897 61.4726 27.8086 14.8679 32.0382 19.1079 34.0401 21.4165 38.5321  20.606 37.3192 49.5498 28.1046 38.4828 55.4005 17.8087 44.0857       0  18.137 26.2751 38.0269 41.3575 9.24018 56.6084 50.7009 69.4039
51.9212 32.1151 31.1553 41.1974 56.4552 49.9484 45.9702 30.9306 39.7362 12.6732 43.9511 26.9195 48.1916 18.8123 40.0231 38.0312 28.3348 52.5831 43.8824 12.6741 43.7074   18.17       0 35.5668 37.3878 29.8438 21.6481 73.5652 60.1778 57.8876
16.3174 65.7867  5.1691 24.8296 22.4383 83.6193 19.6717 36.1628       6 25.2408 8.39471  9.0034 12.7295 19.7942 15.0031 71.7015 16.6921 59.2415  77.109 42.2366  23.378 26.2728   35.58       0 20.0388 63.5144 17.1108 67.9796 24.8446 81.1716
34.2453  69.347 17.0324 43.5028 21.3347 87.1819 38.3503 51.9089 17.3187 24.7592 26.3383 18.0171 25.5742 19.1259       7 75.2671 10.1181 75.5888 81.1134 48.4014 6.35796 37.9595 37.3861 20.0535       0 67.0768 30.5024 78.9311 33.0219 86.9564
79.5054 8.27332 59.4778 62.6892 73.5763  20.121 67.4627 50.0234 68.0896   42.32 71.5726 55.3113  76.044 48.2193 69.5273 8.26731 57.4571 70.8492  14.055 26.1141 73.2361 41.2532 29.8323 63.4893  67.058       0 47.6044 91.8365   86.36 28.0954
 29.678 49.8925 15.3049 26.7474 39.5138 67.7308 31.5205 21.5685 22.8267  16.561 24.9659 13.0859 29.4585 15.0111 28.8928 55.8124 20.5674 45.1197 61.6634 25.6166 35.9495 9.23847 21.7778 17.1142 30.4902 47.6275       0 63.3699 41.6268 75.6701
57.8633  94.067 72.5495 62.4724 61.3028 111.058  65.125 44.7109 64.7889 75.6038 60.8933 76.7069 33.9757 79.9328  72.009 82.6921 81.3266 22.0463 109.221 66.0602 68.6391  59.471 73.4987 66.4795  79.009 91.8038 66.0923       0 46.5219 102.408
     18 90.4945 29.1402 38.4162  15.137 66.9575 32.4079  57.078 20.6221 49.1989 18.8087  33.356 12.2108 42.8967 26.4355 72.3424 36.3032 68.5509 72.5879  66.921 30.1694 50.6754 60.1471 24.8413 33.3946 86.3866 41.6009 46.5371       0 58.3077
75.3114 49.2243 84.6868 90.6998 67.3055 8.95982 89.3402 78.0256 76.0706 70.3617 75.1349 83.3531 68.2155 76.2608 60.2086 20.1119 85.8924 98.8892 14.3366 54.1613 82.7305 69.2503 57.8758 81.1384 87.1229  28.095 75.6504 102.392 58.2584       0


dist cost node
      0 53.2259  21.095 19.7231 24.2074 48.2597 14.8661 39.5601 16.7631 40.1622 8.06226 24.5153 10.6301 34.9285  27.313 44.5533 31.0161      47 47.0106 53.0377 34.4819 35.3836 48.8774 16.0312 33.8378 48.3839 27.8029   25.02      18 45.8803
53.2259       0 34.2053 38.4708 53.4135      28 43.9318 36.7696 42.5206 14.1421 46.6476      30 51.4004 20.5183 41.0488 16.4924 29.4109 53.6656 22.0227 17.2047 43.8634 24.1868 6.32456  38.833 37.5766 8.24621 26.6833 49.0408 63.1269 36.2215
 21.095 34.2053       0 18.6011 21.8403 27.8927      20 35.6931 8.60233 20.2485 13.3417 4.24264 17.2047 14.3178 13.6015 23.5372 10.4403 49.6588 26.0192 38.9102 21.0238 24.1868 31.1448 5.09902 17.0294  28.178 15.0333 31.8277      29 27.4591
19.7231 38.4708 18.6011       0 36.3456  43.909 5.83095 20.3961 22.8035 28.2843 18.1108 18.4391 25.1794  25.632 31.7648 35.4401 27.6586 31.6228 40.3113 34.4093 39.4462 16.6433 32.9848  17.088  35.609 36.0555      12 13.6015 36.4005 45.3431
24.2074 53.4135 21.8403 36.3456       0 35.8469 34.4819 56.0089 14.0357 39.4081 19.3132  25.632 13.6015 33.0151 12.8062 38.9487 24.0832 67.6831 37.7359 60.5392 15.1327 45.8912 51.6236  20.025 18.7883 46.0109 36.6742 46.8188 15.0333 29.6142
48.2597      28 27.8927  43.909 35.8469       0 47.0106  54.037      32 20.5913 40.1995      26 41.1096  19.105 23.7697 12.6491 17.4642 70.7672 6.08276 43.1741 21.6333 39.2046 30.5941 32.5576  17.088 20.0998 34.0588 57.4543 49.7293 8.94427
14.8661 43.9318      20 5.83095 34.4819 47.0106       0 24.6982 21.9545 33.0151 15.2971 21.0238 22.0907 29.6142 32.0156 39.6232 30.0167 33.3766 43.9659 40.2244 39.8246 22.4722 38.6005 17.0294 36.7967 41.0122 17.2627   12.53 32.3883 47.4342
39.5601 36.7696 35.6931 20.3961 56.0089  54.037 24.6982       0 42.0476 33.9411 38.4708 33.5261 45.5412 35.2278 49.2443 42.4264 41.6293 17.2047 48.8365      24 56.3205 14.8661 30.4631 36.0555  51.264  38.833 21.5407 19.2094 56.7539 58.3095
16.7631 42.5206 8.60233 22.8035 14.0357      32 21.9545 42.0476       0 28.4253 8.94427 12.8062 9.48683 22.2036 10.8167 30.4631 15.5242 54.4059 31.5753 47.4131 18.4391 32.0156 39.6989       6  17.088 36.0555 22.8035 34.4819 20.6155 29.1204
40.1622 14.1421 20.2485 28.2843 39.4081 20.5913 33.0151 33.9411 28.4253       0 33.1059 16.1245 37.4433 6.40312 27.2947 8.48528 15.6525 50.9902      15      24 31.0483  19.105 12.6491 25.0599 24.7386 8.24621 16.4924 40.8044 49.0408 26.6833
8.06226 46.6476 13.3417 18.1108 19.3132 40.1995 15.2971 38.4708 8.94427 33.1059       0  17.088 7.07107 27.5136 19.7231 36.8782      23 48.6621 39.0512 48.4149 27.2029 31.3847 42.8019 8.24621      26 41.2311 22.8035 27.5136 18.7883 37.9473
24.5153      30 4.24264 18.4391  25.632      26 21.0238 33.5261 12.8062 16.1245  17.088       0 21.4009 10.4403 16.0312 20.0998 9.21954 48.3735 23.3452 34.9285 22.8035      21 26.9072 8.94427 17.8885 24.1661 12.1655 32.0156 33.2415 26.9072
10.6301 51.4004 17.2047 25.1794 13.6015 41.1096 22.0907 45.5412 9.48683 37.4433 7.07107 21.4009       0 31.3847 18.2483 39.9249      25 55.4437      41 54.6443 24.6982 38.0132 48.1041 12.7279 25.1794 45.2769 29.1548 33.9559 12.2066 37.3363
34.9285 20.5183 14.3178  25.632 33.0151  19.105 29.6142 35.2278 22.2036 6.40312 27.5136 10.4403 31.3847       0 21.0238 10.0499 9.48683 51.7397 14.7648 29.2746  25.318 20.5913 18.7883 19.3132  19.105 13.8924      15 38.9102 42.8019 23.2594
 27.313 41.0488 13.6015 31.7648 12.8062 23.7697 32.0156 49.2443 10.8167 27.2947 19.7231 16.0312 18.2483 21.0238       0 26.1725 11.6619 63.1585 25.0599 49.7293 7.81025 37.0135 39.8121      15       7 33.4215 28.1603 44.4072 25.9615  19.105
44.5533 16.4924 23.5372 35.4401 38.9487 12.6491 39.6232 42.4264 30.4631 8.48528 36.8782 20.0998 39.9249 10.0499 26.1725       0 15.2643 59.4643  6.7082 30.5941 27.7849 27.5862 18.1108 28.6356 21.6333 8.24621 24.1661 48.4665 50.6063      20
31.0161 29.4109 10.4403 27.6586 24.0832 17.4642 30.0167 41.6293 15.5242 15.6525      23 9.21954      25 9.48683 11.6619 15.2643       0 57.1402 16.1245 38.6394 16.0312 27.8927 28.2312 15.1327 10.0499 21.9317 20.1246 41.2311 35.3553 17.6918
     47 53.6656 49.6588 31.6228 67.6831 70.7672 33.3766 17.2047 54.4059 50.9902 48.6621 48.3735 55.4437 51.7397 63.1585 59.4643 57.1402       0 65.7647 39.2938 70.6824 31.8904 47.4131 48.7032  66.242 56.0357 37.2022 22.0227      65 74.4043
47.0106 22.0227 26.0192 40.3113 37.7359 6.08276 43.9659 48.8365 31.5753      15 39.0512 23.3452      41 14.7648 25.0599  6.7082 16.1245 65.7647       0  37.108 24.7588 33.9706 24.5153      31 19.2094 14.0357 29.6816 53.6656 50.6952 14.3178
53.0377 17.2047 38.9102 34.4093 60.5392 43.1741 40.2244      24 47.4131      24 48.4149 34.9285 54.6443 29.2746 49.7293 30.5941 38.6394 39.2938  37.108       0 54.5894 17.8045 12.6491   42.19 48.3735 23.4094 25.6125 40.8044 66.8506 50.3587
34.4819 43.8634 21.0238 39.4462 15.1327 21.6333 39.8246 56.3205 18.4391 31.0483 27.2029 22.8035 24.6982  25.318 7.81025 27.7849 16.0312 70.6824 24.7588 54.5894       0 43.4166 43.6807 22.8035 6.32456 35.7771 34.9285 52.2015 30.0167 14.5602
35.3836 24.1868 24.1868 16.6433 45.8912 39.2046 22.4722 14.8661 32.0156  19.105 31.3847      21 38.0132 20.5913 37.0135 27.5862 27.8927 31.8904 33.9706 17.8045 43.4166       0 18.0278 26.2488  37.855 24.5967 9.21954   25.02 50.1199 43.8292
48.8774 6.32456 31.1448 32.9848 51.6236 30.5941 38.6005 30.4631 39.6989 12.6491 42.8019 26.9072 48.1041 18.7883 39.8121 18.1108 28.2312 47.4131 24.5153 12.6491 43.6807 18.0278       0 35.3836 37.3631 10.7703 21.5407      43 60.1082 38.0526
16.0312  38.833 5.09902  17.088  20.025 32.5576 17.0294 36.0555       6 25.0599 8.24621 8.94427 12.7279 19.3132      15 28.6356 15.1327 48.7032      31   42.19 22.8035 26.2488 35.3836       0      20 33.1059  17.088 29.4109 24.8395  31.305
33.8378 37.5766 17.0294  35.609 18.7883  17.088 36.7967  51.264  17.088 24.7386      26 17.8885 25.1794  19.105       7 21.6333 10.0499  66.242 19.2094 48.3735 6.32456  37.855 37.3631      20       0 29.5296 29.7321 48.8365 32.7567 12.1655
48.3839 8.24621  28.178 36.0555 46.0109 20.0998 41.0122  38.833 36.0555 8.24621 41.2311 24.1661 45.2769 13.8924 33.4215 8.24621 21.9317 56.0357 14.0357 23.4094 35.7771 24.5967 10.7703 33.1059 29.5296       0 24.0832 48.0521 56.6127 28.0713
27.8029 26.6833 15.0333      12 36.6742 34.0588 17.2627 21.5407 22.8035 16.4924 22.8035 12.1655 29.1548      15 28.1603 24.1661 20.1246 37.2022 29.6816 25.6125 34.9285 9.21954 21.5407  17.088 29.7321 24.0832       0 24.3516 41.3401 37.2022
  25.02 49.0408 31.8277 13.6015 46.8188 57.4543   12.53 19.2094 34.4819 40.8044 27.5136 32.0156 33.9559 38.9102 44.4072 48.4665 41.2311 22.0227 53.6656 40.8044 52.2015   25.02      43 29.4109 48.8365 48.0521 24.3516       0 43.0116 58.8982
     18 63.1269      29 36.4005 15.0333 49.7293 32.3883 56.7539 20.6155 49.0408 18.7883 33.2415 12.2066 42.8019 25.9615 50.6063 35.3553      65 50.6952 66.8506 30.0167 50.1199 60.1082 24.8395 32.7567 56.6127 41.3401 43.0116       0 44.2832
45.8803 36.2215 27.4591 45.3431 29.6142 8.94427 47.4342 58.3095 29.1204 26.6833 37.9473 26.9072 37.3363 23.2594  19.105      20 17.6918 74.4043 14.3178 50.3587 14.5602 43.8292 38.0526  31.305 12.1655 28.0713 37.2022 58.8982 44.2832       0

