     0 14.6779  37.805 24.4891 62.8198 49.9882 39.1559 20.0053 46.0737 24.3493 48.5325 33.6852 53.0076      29 49.5833 12.0053 17.2821 14.1752  12.814       4 7.22353 15.1972 12.1833 40.5187 32.0889  45.074  29.594 52.3971 18.5144 26.4941 29.2659 17.1243  52.187 20.6443 19.4525       6 30.2577 43.4032 24.3081 62.1326 50.2108 50.4237 48.1006 29.8839 15.8266 32.2722 10.0333 57.9273
14.6962       0 23.1504 22.5843  48.416 57.7442  34.521 21.2649 31.6837 12.8084 34.2005 19.0333 38.6809 15.5442 34.9306 16.1439 31.0469 25.6301 27.2562 16.1374 20.0832 6.75232 6.42624 26.1352 18.1309 31.5935  33.312 37.9188       4 34.4266 15.6231 8.37619 38.8513 30.9573 15.8301 8.95982  25.618 29.3199 14.2446  47.741 53.9408 35.7714 34.0782 37.6399  9.0059 27.6409 22.1161 65.6833
37.8036 23.1307       0 33.8523 25.3817 79.6071  24.722 35.7147 8.62947 20.5547 13.4655 4.27103 17.2378 14.9812 13.6224 35.1777 53.3827 45.8543 50.3628 39.0604 42.8292 24.5252 27.4821  5.1396 11.6051  18.033 47.8485 14.7986 19.3618 51.5203  11.424 23.2194 24.0417 50.7458 28.4672 31.9969  34.712 9.89952 19.6683 24.4371 68.3487 13.1725 17.0321 59.5024 25.2096 32.6023 43.9421 87.5451
24.7077 22.4654 33.6694       0 54.8443 73.7503 19.6694 5.65713  39.959 34.4145 34.0788 33.0868  41.655 34.6719 47.2673 12.8795 31.6814 25.6152 33.2364 28.7077 23.2009 15.7402 27.3771  33.959 35.6771 48.7936  15.153  45.947 24.4176 20.4146 22.2753 14.4271 55.9951 21.5808  6.7456 24.2446 9.51033 43.0693 14.0372  52.187 35.1152 46.2038 50.2793 53.6457 13.4981 11.7287  22.173 81.6904
62.8531  48.436 25.3754 54.8384       0 45.0538  35.356 58.0525 16.8282 44.5794 20.0778 29.5334 13.7695 38.2017 20.6006 58.8128 77.5035 69.5865  75.178  64.419  67.037 48.6763 52.8364 22.4221 34.7384 25.9843 67.4089 10.6416 44.7188 74.0445 34.5249 47.1476 23.7142 73.6519 51.0549 57.3258  44.903 25.5167 42.0764       1 73.2812 14.7303 21.4855 84.8511 49.0777 43.2975 68.0262 36.4752
50.0804 57.7197 79.5792 73.7019 104.924       0  87.524 70.0542 88.1909  62.424 91.6621 75.4126 96.1471 68.3201 89.6292 62.0542 63.3471 63.6085 70.0537 46.2286 56.4469 61.4133 52.1287 83.5909 71.8109 83.4398  79.652 94.3397 60.5736 75.5562 73.3448 63.6348 90.1483  69.581 68.0176 50.1382  78.627 83.0446 70.8422  104.24 100.295  65.178 87.1607 20.1225 62.9294 80.6446 59.1171 8.96586
39.4416 33.5564 24.8299 19.6673 35.3588 87.9331       0 24.7254  22.057 44.9643 15.3152 28.7651 22.1129 39.4441 32.6189  28.768 49.0536 41.4137 48.9498 43.2419 38.9569 27.6996 39.7285 19.6979  36.383 40.8315 34.1596 26.6066 36.0129 40.0448 31.0609 26.1586 45.5503  40.927 19.7556 37.8302 10.2161 32.2034 25.4716 34.6725 23.7931 28.6792  38.335 67.8312 25.5217 8.08048 39.5627 95.8732
20.0036 21.2648 35.7119 5.65724 58.0755 69.9203 24.7255       0 42.0866 33.9412 38.4921 34.6316 46.6956 35.2329 49.3058       8 26.3971 20.2516 28.3163 24.0036 18.3252 14.8679  25.191 36.0866 36.7309 50.1133 12.5493 48.0744 24.0878      16 24.3493 14.4286 57.3185 16.2196 7.29926 20.9629 14.7851 45.1052 16.1435 57.3894 33.0585 48.3306 51.9011  49.816 12.8084 17.0203 18.9306 77.8594
45.8256 31.7025 8.61536 39.9969 16.8426 88.2158 22.0398 42.1251       0 28.6757  9.0059 12.8086 9.53596 22.3007 10.8211  42.449 60.8992 53.3292 58.4474 47.6717 50.3824 32.0371 36.0653       6 18.8826 20.3745 54.2018 6.34716 27.9728 58.0747 18.1311 30.6126 24.2654 57.5886      35 40.5897 32.0331 12.2271      26 16.1551 74.4842 6.72313 17.2113 68.1128 32.5761 29.9177 51.4397 96.1556
24.3513 12.8088 20.5276 34.4175 44.5813 62.4461 44.8622 34.2303 28.6638       0 33.5885 16.2852  37.662  6.4074 27.4086 28.8608 41.6131  36.801      36      24 31.1465 19.1079 12.1853 25.1596 10.0072  21.118 46.1103 33.9756 10.0043 47.2133      20 20.0045      28 43.0876 27.8103 18.4601 37.0624 21.3918  23.696 43.8935  66.735 30.8064 24.7607  42.344 21.2649 39.0796 33.6732 70.3876
48.5467 34.2027 13.5514 34.8103 20.0759 91.6923 15.3177 39.8498 8.98642 33.6176       0 17.3755 7.09023 28.1701 19.7585 43.7662 62.8085 55.1837  60.753 50.2835  52.383 34.0462 38.3707 8.42626 25.1324   28.99 49.3507 11.7784 31.1232 55.1936 19.7916 32.4412 33.2779  56.051 34.6504 42.9898  25.376 20.5041 27.3007 19.3893 68.6807 14.8713 26.1875 71.5864 34.3507 23.2664 53.3199 60.1373
33.6917 19.0191 4.24285 33.1181 29.5343 75.4374 28.6665  34.635   12.81 16.2359 17.4077       0 21.4044 10.9215 16.0504 32.5838  49.754 42.5723 46.2506 34.9477 38.7795 21.4312 23.3349 8.98784 8.94071 18.5557 47.1154 18.9548 15.2491 49.8432 11.2853 20.7411 24.8006 48.7947 27.4107 27.8855 35.6226 11.6346 18.4454 28.8515 67.5052 16.7878 18.0341 55.3342 22.6987 36.5451 40.4422 83.3772
53.0146 38.6737 17.2398 41.6474 13.7936 96.1649 22.1143 46.6871 9.63582 37.6973 7.08915 21.4101       0 31.7687 18.3749 48.5108  67.268 59.6482 65.2131 54.7534 55.9761 38.5085 44.0837 12.7292  28.396      29 56.1878  7.8936 35.5982 62.0307 24.2529 36.9017 31.9139 62.8882 40.7472 47.5429  32.213 21.5419 31.7661 13.1031 67.2907 12.5079 25.3677 76.0622 38.8134 30.1035 57.7829 104.105
     29 15.5475 14.9229 34.6685 38.2061 68.3507  39.372 35.2393 22.3033 6.40461 28.1105  10.794 31.8507       0   21.39 31.4148 46.1426 40.2863 41.2254 29.2954 35.2548  20.613  17.137 19.6883 3.61919 16.1435 47.7234 27.6004 11.7287 49.4169 17.0819 20.8241 23.3633 46.4822 28.4311      23 31.5259  14.536 22.2113 37.5183 68.2815 24.4299 19.1265  48.246 22.4866 39.1998  37.555 76.2912
49.5843 34.9117 13.6255 47.4722 20.4112 89.6302 32.5893 49.3045 10.8275 27.3793 19.8069  16.051 18.5742 21.0443       0 48.4784 65.6482 58.4682 62.1423 50.4895 54.6736 37.3264 38.3273 15.0055 17.9304  11.592  61.429      11 31.1401 65.1082 25.0235 36.6363  13.662 64.3406 42.0563 43.7768 42.5795 6.72319 33.2669 13.6043 78.9055       6       7 69.5282 38.5941 40.4661 56.3366 97.5717
     12 16.1374 35.1701 12.7161 58.8284 61.9193 28.8466       8 42.4502 28.8507 43.7565 32.5715 48.5494 31.4106 48.4742       0  20.478  12.836 20.3729 16.0036  10.006 11.1982 18.4427  36.517 33.5505 47.1866 17.8631 48.6835 19.7195 18.6902  24.351      12 54.4881 17.5928 9.22312 13.4987 19.8534 43.2336 17.1142 58.1415 38.4757 48.1167 49.1757 41.8151      10 21.9334  10.986 69.8585
17.2806  31.049 53.3819  31.597 77.5197 63.3476 47.8408 26.2295 60.9005 41.6123 62.8157 49.7178 66.5264 46.1376 65.6206 20.4859       0 9.90048 8.60554 18.4072 11.0653  28.884 29.4462 55.1085 49.0728 62.2577 23.8878 67.2107 35.0679 17.1366  43.042 30.3914 69.4256 11.2481 29.3413 23.2636 40.1106 60.3157 36.4402 76.8328 42.5216 66.3356 65.0463 43.2432 28.4921 42.1495 9.51033 71.2866
14.3429 24.7575 45.8547   25.61 69.9037 63.5684 41.3857 20.2389 53.3297 36.7976   55.17 42.5743 59.6674 40.2808 58.4769  12.822 9.89966       0 14.3666 17.3748 7.21542   21.37 25.1227 47.5001 42.7758 56.3164 17.9559  59.627 28.6579 12.1915 35.4076 22.7641   63.58 6.41573 21.6857 18.8929 32.4554 53.2372 28.7855 69.2167 37.0394 58.8091 58.6366 43.4641 20.8502 34.4948 4.48341 90.9135
12.8409  27.269 50.3939 33.0645 75.1563  55.656 48.9264   28.29  58.412      36 58.7437 46.2731 65.2314 41.2266 62.1709 20.3632 8.60835 14.2446       0      12 10.0022  26.968 24.1072 52.8274 44.4326 57.0747 30.5939 64.7359 31.0822  24.719   41.21 28.9274      64 18.5812 29.2286 18.4602 39.9946 55.7571 35.6583 74.4684 40.9744 63.0117 60.3381 35.5517 27.3255 42.0346 10.8271 81.9204
      4 16.1429 39.0892 28.4717  64.443 45.7568 43.0097 24.0053 47.7023      24 50.2725 34.9655 54.7622 29.2965 50.4926 16.0053 18.4114 17.3689      12       0 10.1889  17.808  12.185  42.231 32.5776 45.0747  33.594 53.8557 19.7236 29.4898  31.249 20.0043      52 23.6456 23.4142 7.22392 34.1103 43.9029 27.2088 63.7566      39 51.6948 48.4023 26.1155 18.8914 36.1254 13.0169 54.1589
7.21625 20.0915 42.8187  23.118 67.0413  56.408 38.9393 17.8626 50.3661 31.1333 52.3533 38.7763 56.8512 35.2837 54.6791 10.3756 11.0644 7.22602  10.006 10.1828       0  18.373 19.1175 44.6244 38.1273 51.4124 25.0651 56.6901 24.0915 19.2833 32.6132 19.9746 58.6042 13.4563 19.2385 12.8119 30.0082 49.3756 26.0886 66.3526 44.0803 55.5195 54.1273 35.1916 18.1296 32.0478 2.83043 64.3471
15.1716  6.7456 24.5249 15.8301 48.6897 61.4597 27.8086 14.8679 32.0382 19.1079 34.0401 21.4165 38.5321  20.606 37.3192 11.2002 28.8824 21.3649   26.95 17.8391 18.3781       0  12.137 26.2751 22.4962 36.0937 27.2111 38.3515 9.22069 28.8753 14.3426 2.24417 43.3571 27.5494  9.0059 11.2452 18.9098 32.0788 9.43953 48.0027 47.8057 37.4779 38.0269 41.3559 2.24957 20.9243 19.4348 68.8381
12.1853 6.36917 27.4952 27.6746  52.846 52.1554 39.9702  25.349 36.1097 12.1833 39.5813 23.3434 44.0729  17.138 38.3303  18.443 29.4477 25.1133  24.106 12.1837 19.1279   12.17       0 31.5183 20.4162      33 36.2453  42.261 8.48554 37.0826 21.6387      14  40.074 31.4032 20.9374 6.34713 31.0729 31.7407 20.4923 52.1611 56.8619 40.1404 36.2551 32.0508  14.356 33.0927 21.7322 60.0931
40.5467 26.0848  5.1691 34.0342 22.4383 83.6193 19.6717 36.1628       6 25.2408 8.39471  9.0034 12.7295 19.7942 15.0031 36.5158 55.1064 47.5011 52.8415 42.2366 44.6308 26.2728 31.5392       0 16.8961 22.1083 48.2397  12.185  23.054 52.0748 12.1837 24.7592 27.2654 51.5886      29 35.0283 25.2189  13.573      20   21.75 68.5645 12.4181 20.0546 63.5144 26.7028 27.5533 45.6298 31.5745
32.0967 18.1324 11.5602 35.6781 34.7421  71.852 36.2581 36.7377 18.8823 10.0029 24.8266 8.82553 28.4019 3.61132 17.9382 33.5538 49.0682 42.7948 44.4313 32.5761 38.1203    22.5 20.4146  16.878       0 13.7865 49.2681 24.1378 14.1621 51.3477 16.2247 22.3846  21.055 48.9794 29.6995 26.0997 31.4066 11.3493 22.6274 34.0551 69.7654  20.962 16.0453 51.7469 24.1929 40.2038 40.2332   45.66
45.0747 31.5959 18.0381 48.8291 25.7932 83.4564 40.9745 50.1294 20.5729 21.1169 29.2772  18.534      29 16.1451 11.4497   47.18 62.2632 56.3211  57.074  45.074 51.4192 36.0843      33 22.1208 13.7915       0  62.654 22.3646 27.6827 64.9121 28.6306  35.876 7.29926 62.5189 42.9899 39.0747 50.9657 8.64304 35.5162 26.7905 83.1085 17.3702 5.00247 63.3514 37.7227 48.8488 53.6596 91.3954
29.5377 33.3095 47.8747 15.1513 69.3768 79.4658 34.1607 12.5441 54.1706   46.11 49.3453 47.1093 56.1879 47.7148 61.4722 17.8555 24.2068 18.1196 30.6495 33.2611 25.1991 27.2069 36.2596 48.1706 49.2616 62.6358       0 59.6074 36.4053 7.81277 36.4819 26.9365 69.8397 12.8795 19.7195 31.3905  24.047 57.2738 28.2457 68.6905 20.6333 60.4145 63.9427 59.3616 25.2452 26.1008 22.3844 87.4052
52.4448 37.9143  14.803 45.9434 10.6495 94.3831 26.6045 48.0717 6.34344   33.98 11.6775 18.8902 7.91494 27.6019      11 48.6819 67.2094 59.6267 64.7732 53.8441 56.7088 38.3501 42.2337 12.1837 24.1424 22.5792 60.1478       0 34.1449 64.0627 24.3495 36.8975 24.4701 63.6578 41.0741 46.7054 36.6096  15.374 32.0828  9.9601 72.8956       5      18 74.2783 38.8518 34.5005  57.745 102.003
18.5309       4 19.3889  24.423 44.7409 60.5873 36.0246 24.0903 27.8854 10.0026 31.0961 15.2651 35.5874 11.7256 31.1559 19.7246 35.0469 28.6624 31.0754 19.7197 24.0832 9.22096 8.48545 22.8089 14.1603 27.6788 36.4063 34.1541       0 37.8145 13.5002 10.0043 34.9476 34.8586 17.8077 12.6709 27.1257 25.4317  14.356 44.0546 57.0119 31.9972 30.0879 40.4829 11.3137 29.1342  26.101  68.526
26.3761 34.4533 51.5147 20.4162 74.0629 75.1783 40.0463      16 58.0739 47.2459 54.5286 49.8417 62.0376 49.4381 65.1036 18.7193 17.1694 12.1347 24.4654 29.3842  19.212 28.8901 37.1264 52.0739 51.3403 64.9353  7.8114 64.0618 37.8386       0 40.2328 29.1531 72.1901 6.13761 23.1093 31.0138 29.8549 60.5043 32.0827 73.3768 25.4317 64.3064 66.6729 55.3014 27.2459 32.0383 16.3952 83.3448
29.2839 15.6249 11.4216 22.4028 34.5371 73.3655 31.0404 24.3513 18.1323      20 19.7786  11.281 24.2743  16.833 25.0241 24.3495 43.0354 35.4152 41.1985 31.2471 32.6301 14.3374 21.6509  12.185 16.1721 28.6521 36.6189  24.351 13.5642 40.2309       0 12.6709 34.8807  39.074 17.1382 24.0881 24.9084 20.8367 8.26776 33.8509 56.8928 24.0896 28.0468 53.2609 14.5811 15.0041 33.5506 81.3048
17.2342 8.28723 23.2137 14.4321 47.1621 63.6931 25.9523  14.438 30.6139 20.0035 32.4343 20.7328 36.9231  20.813 36.6356      12 30.3871 22.7701 28.9102 20.0063 19.9857 2.25004      14 24.7607   22.38 35.8737 26.9429 36.8991 10.0026 29.1507 12.6732       0 43.1062 28.0805 7.81206 13.5642 16.7875 31.3951 7.21507 46.4745 47.4748  36.159 37.6962 43.5819       2 19.2919 20.9025 71.6475
52.1885 38.8539 24.0417  56.034 23.4661 90.1606 45.5338 57.3429 24.4423      28 33.4676 24.7774 32.2847 23.3655 13.8115 54.4459 69.4272 63.5865      64      52 58.6138 43.3506 40.0747  27.212 21.0593 7.30188 69.8669  24.719 34.9517 72.1739 34.8701 43.1157       0 69.7864 50.1974 46.2086 52.3229 14.1422  42.723 24.4662 90.3182 19.7205 7.22602 70.0561 44.9772 53.4123 60.8998 9.42099
20.5474 30.9158 50.7442  21.568  73.794 69.5947 40.9278 16.2235 57.6012 43.0509 56.0561 48.7958 61.4129 46.4401 64.3314  17.588 11.3661 6.41245 18.3662  23.627 13.4547 27.5235 31.3968 51.6012 48.9414 62.4724 12.7161 63.6731 34.8141 6.16999 39.5756 28.0826 69.7375       0 22.6313 25.2947 30.9553 59.4572 31.6074 73.1057 31.3091 63.6193 64.7928 49.4905 26.1539 33.1898 10.6312  77.534
19.5226 16.2532 28.4624 6.75232 51.2225 68.2937 19.7341 7.30188      35 27.8076 34.6457 26.5175 40.9014 28.4305 42.0556 9.22045 29.3201   21.68  29.217 23.5082 19.2257  8.9743 20.6906      29 29.6898 42.9698 19.7246 41.0747 17.8077 23.1106 17.1368 7.81158 50.1719 22.6186       0 18.1694 10.8311 37.8545       9 50.5233 40.1344 41.2102 44.7545 48.1917  6.7456 12.8494 19.8297 76.2373
      6 8.96586 32.0244  24.356 57.3165  50.315 37.5847 21.2564  40.276 18.4578 43.0686 27.9017 47.5524      23 43.7957 13.5676 23.2539 18.9076 18.4581 7.21724 12.6981 11.2203 6.34353 35.0201 26.1008  39.074 31.4364 46.7924 12.6732  31.092 24.0882 13.5002 46.2072 25.3149 18.1366       0 28.6878 37.4171 20.6997 56.6319 52.0545  44.637 42.1006  30.211 12.7161 30.7019 15.4644  58.254
30.5195 25.4859 34.8042 9.50726  45.407 79.0508 10.2181 14.7796 32.0444 37.0753 25.3754 35.6092 32.2182 37.2007 42.6037 19.8544 38.7498 32.4559 40.0009 34.5081 30.0103 18.8033 30.8077 29.6798 38.2006 50.7705 24.0463   36.62 26.5417 29.8525 24.8016 17.2341  55.517 30.9502 10.8358 28.8855       0   42.21 16.5595 44.7205 43.5305 38.7218 43.0163 58.9742  16.606 2.25332 30.6033 87.0122
43.4111 29.3269 9.89952 42.7771 25.4929 83.0394 32.3909 45.1076 12.2034 20.7872 20.7191  10.831 21.3647 14.7803 6.72745  42.828 60.3219 53.2301 55.7496 43.8967 49.3737 32.0866 31.7354 13.5887 11.3378 8.58411 57.2797 15.3072 25.3312 60.5016 20.8265 31.3984 14.1422 59.4528 37.8587 37.4145 42.3797       0  29.065    19.8  74.769 10.8207 7.21741 62.9374 33.3553 40.2708 51.0989 90.9802
24.2875 14.3666 19.6674 14.1032 42.2229 70.9212 25.5144 16.1451      26 23.5493 24.8043 19.5179 31.9018 22.2075 33.2688 17.1108 36.4206 28.7888 35.6653 27.2099  26.258 9.44617 20.7078      20 22.6274 35.4947  28.313 32.0835 14.2446 32.0836 8.26506 7.22808  42.698 31.5924       9 20.7323 15.5017  29.075       0 41.5363 48.5982  32.207 36.2851  50.817 8.48545 18.6292 26.9315 100.938
62.1728 47.7545 24.6911 54.1555       1 104.274  34.675 57.3715 16.1485 43.9007  19.393 28.8528 13.0865 37.5212  19.826 58.1326 76.8237   69.21 73.9946 63.7366 66.3542  47.992  52.155 21.7392 34.0601 26.9843 68.6994 9.95961 44.0353      72 33.8407 46.4643 24.7142 72.9676 50.3751  56.642 44.7245 24.8429 41.3931       0 72.2812 13.0633 22.4855  84.168 48.3979 42.6143 67.3428  112.21
50.1777 34.4103 68.1589 35.1224 73.2643 100.277 50.1594 33.0567 74.4522 66.7532 68.6919 67.4988 67.2099  68.278 81.7564 38.4834 42.6471 35.0295   49.54 54.1777 44.0742 47.8153 56.8898 68.4522 69.7551 83.0811 20.6459 73.0016 57.0249 21.9345 53.6642 47.4769 90.2836 31.3419 40.1274  51.978 15.2741 74.0039 48.5284 72.2643       0 78.0016 84.7681 80.1743 45.8251 45.4926  41.259 108.217
50.3161 35.7732 13.1709 46.4719 14.7172 92.1655 28.7235 48.6005 6.73053 30.8227 14.8759 16.7854 12.5816 25.1098       6 48.1152 66.3208 58.7929 63.0022  51.699 55.5337 37.4635  40.065 12.3915 20.8467 17.5792 60.6769       5 32.0012 64.3107 24.0856 36.1568 19.5049 63.6091 41.2098 44.6371 37.4033 10.8303 32.2121 14.0318 77.8893       0      13 72.0626 38.1473 36.6019 56.8799 50.4236
48.1109 34.0791 17.0324 50.4139 21.3347 87.1819 38.3503 51.9089 17.3187 24.7592 26.3383 18.0171 25.5812 19.1258       7 49.1726 65.0787 58.6378 60.3408 48.4014 54.1224 38.0242 36.2483 20.0535 16.0364 5.00604 68.2589      18 30.0925 66.7964 28.0361 37.7017 7.21542 64.3023 44.7716 42.1049 48.3349 7.22415 36.2799 22.3354 84.9121      13       0 67.0768 39.3175 46.2274 56.1759 95.1208
29.9405 37.6201 59.4778 53.5924 84.8248  20.121 67.4627 49.8666 65.5403   42.32 71.5726 55.3113  76.044 48.2193 69.5273 41.8666 43.2427 43.5009 35.2827 25.9786 36.3757 41.2532 32.0271 63.4893 51.7141 63.3397 59.4414 74.2395   40.47 55.3371 53.2438 43.4863 70.0485 49.4742 47.9421 30.0467 56.2229 62.9434 50.7939 84.1396 80.1731 72.0053  67.058       0 42.7166 60.5767 39.0139 28.0954
 15.815  8.9743 25.2036 13.5676 49.0921 63.0737 25.5949 12.8088 32.5776 21.2648 34.3552 22.6901 38.8463 22.4809 38.5928      10 28.4826 20.8571  27.323 18.8921 18.1458 2.24443 14.2446 26.7043 24.1886 37.7257 25.2575  38.853 11.3137 27.2409 14.5835       2 44.9726 26.1535 6.75232 12.8795 16.6999 33.3526 8.48554 48.4057 45.8157 38.1495 39.5769 42.9754       0 18.7148 18.9948 71.0096
32.4064 26.9461 32.7078 11.7255 43.2925 80.8929 8.08144 17.0159 29.9298  39.081 23.2608 36.5745 30.0463 39.2037 40.4877 21.9369 42.1417 34.5026 42.0419 36.2777 32.0506 20.7873  32.829 27.5708 40.2024  48.585 26.0997 34.5054  29.148 32.0369 26.8059 19.2253 53.4234 33.1866 12.8494 30.8273 2.24791  40.113 17.4166 42.6059 45.4755 36.6072 46.2223 60.7888 18.6158       0 32.6508 88.8313
10.0212 22.1133 43.9411 23.6816 68.0415 59.1113 39.5526 18.9148 51.4419 33.6475 53.3196  40.433 57.8096 37.5397 56.3357 10.9976 9.50726 4.48917 10.9457 13.0052 2.82844 19.4368 21.7091 45.6319 40.2299  53.648 22.2179 57.7464 26.0984  16.481 33.5553 20.9053 60.8581 10.6322 19.8528 15.4491 30.6211  51.096 26.9501 67.3538 41.3036 56.8947 56.1724  39.007 19.0025 32.6612       0 66.2121
 58.049 65.6608 87.5204 81.6262 36.7406 8.95982 95.4685 78.0115 96.1328 70.3617 99.5926 83.3531 104.088 76.2609 97.5705 70.0115 89.1827 71.5401 63.5609 54.1613 64.4234 69.2503 60.0705 91.5339 79.7552 91.3825 87.5981 102.281 68.5139 83.2304 81.2845 71.4869 98.0911 77.5193 75.9753 56.2309 86.5766 90.9868  78.786 112.182 112.989 100.051 95.0965  28.095  70.776 66.3908 67.0784       0


dist cost node
      0 14.5602 37.3363 24.3311 59.1354 44.2719 37.0135      20 45.6946 24.3311 46.0435 33.5261 52.4786      29 48.8365      12 17.2627 14.1421 12.6491       4  7.2111 14.8661 12.1655 40.2492 32.0624 45.0444 28.2312      52 18.4391 25.6125 28.8444 16.9706 52.1536 20.5183 19.3132       6 29.9666 42.4264 24.0832 59.4643      35 50.2892 48.0416 25.0599 15.6205 31.7648      10 50.9902
14.5602       0 22.8473 22.3607 44.5982 33.2866 26.5707 21.2603  31.305 12.8062 32.5576 18.9737 38.6005 15.5242 34.3657 16.1245 31.0161 24.7386 27.2029 16.1245      20  6.7082 6.32456 26.0768 18.1108 31.5753 33.3017 37.5766       4      34 15.6205 8.24621  38.833 30.6757 15.6525 8.94427 23.0217 28.0713 14.1421 44.9444 34.0147 35.7351 34.0588 17.8885 8.94427 24.0208 22.0907 38.6264
37.3363 22.8473       0 32.8938 21.8403 27.8927      20 35.6931 8.60233 20.2485 13.3417 4.24264 17.2047 14.3178 13.6015 35.0143 52.9528 45.0999   49.98 38.9102 41.9762 24.1868 27.4591 5.09902 11.4018 18.0278 47.8017 14.7648 19.2354 51.4782 11.4018 23.0217 24.0416   50.01 28.4429 31.7805 26.0768 9.89949 19.6469 22.1359 41.3401 13.1529 17.0294  28.178   25.02      25  43.566 27.4591
24.3311 22.3607 32.8938       0 52.2398 53.7401 19.6469 5.65685 38.4708 34.4093 34.0588  31.305 41.1096 34.6554 46.4866 12.6491 29.6985  19.799  32.249 28.2843 22.3607 15.6525 27.2029 32.5576  35.609 48.5489 15.1327 44.1814 24.4131 20.3961 21.5407 14.4222 55.5698 21.4709  6.7082 24.0832 9.48683 42.0476 13.4164 52.1536 11.7047  44.911 49.1935 40.2492 13.4164 11.7047 21.6333 57.2014
59.1354 44.5982 21.8403 52.2398       0 35.8469 34.4819 56.0089 14.0357 39.4081 19.3132  25.632 13.6015 33.0151 12.8062 56.4358 74.7329 66.6108 71.7844 60.5392 63.7887 45.8912 48.7545  20.025 29.4109 23.7065 67.3647 8.06226 40.8534 72.0069 32.1403 44.5533 23.3452 71.1758 49.0102 53.4883 43.7379  19.105 40.0125       1 58.2409 8.94427 18.7883 46.0109 46.5296 41.9762  65.307 29.6142
44.2719 33.2866 27.8927 53.7401 35.8469       0 47.0106  54.037      32 20.5913 40.1995      26 41.1096  19.105 23.7697 49.3964 61.4003 57.2713 54.9181 43.1741  51.264 39.2046  32.311 32.5576  18.868 12.3693 66.4003 34.5254      30 67.2309 34.9857 39.6989 14.1421 63.5059 47.4236 38.6264 50.2195      20 41.2311 36.7696 64.5368 29.6142  17.088 20.0998 41.2311   49.93 53.8516 8.94427
37.0135 26.5707      20 19.6469 34.4819 47.0106       0 24.6982 21.9545 33.0151 15.2971 21.0238 22.0907 29.6142 32.0156 28.6007 47.7074 38.0789 48.1041 40.2244 38.2884 22.4722 32.8938 17.0294 28.4605 38.0132 34.1321 26.5707 25.4951  40.025 13.0384 20.2485 43.9318 40.8534 19.4165 33.6155  10.198 29.8329 13.0384 34.2053 23.7697 28.6531 36.7967 41.0122 21.4009 8.06226 38.6005 47.4342
     20 21.2603 35.6931 5.65685 56.0089  54.037 24.6982       0 42.0476 33.9411 38.4708 33.5261 45.5412 35.2278 49.2443       8 24.0416 14.1421 26.8328      24  17.088 14.8661 25.0599 36.0555 36.7151 50.0899   12.53      48 24.0832      16 24.3311 14.4222 57.2713 16.1555 7.28011 20.8806 14.7648 44.2719 16.1245      56      15 48.2597  51.264  38.833 12.8062      17 16.1245 58.3095
45.6946  31.305 8.60233 38.4708 14.0357      32 21.9545 42.0476       0 28.4253 8.94427 12.8062 9.48683 22.2036 10.8167 42.4264 60.8769 52.6118 58.3095 47.4131      50 32.0156 36.0555       6  18.868 20.2237 53.6004 6.32456 27.7849 58.0345 18.1108 30.5941 24.1661 57.1402      35 40.2492 30.3645      12      26 14.1421   45.31  6.7082  17.088 36.0555 32.5576 28.7924 51.4198 29.1204
24.3311 12.8062 20.2485 34.4093 39.4081 20.5913 33.0151 33.9411 28.4253       0 33.1059 16.1245 37.4433 6.40312 27.2947 28.8444 41.5933 36.7696      36      24 31.0483  19.105 12.1655 25.0599      10  21.095 46.0977 33.9411      10 46.6476      20      20      28 42.9535 27.8029 18.4391 32.8938 20.5913 23.4094      40  45.793 30.6105 24.7386 8.24621 21.2603 33.2415 33.5261 26.6833
46.0435 32.5576 13.3417 34.0588 19.3132 40.1995 15.2971 38.4708 8.94427 33.1059       0  17.088 7.07107 27.5136 19.7231 40.4969 59.6154 50.5964 58.3095 48.4149 49.1935 31.3847 38.2099 8.24621 24.7386 28.8617      49 11.6619 29.7321 54.3323 17.2047 29.5296 33.1059 54.3415 32.0156 41.2311   25.02 20.3961 23.4094 18.9737 39.0512 14.8661      26 41.2311  31.305 23.0868 50.1597 37.9473
33.5261 18.9737 4.24264  31.305  25.632      26 21.0238 33.5261 12.8062 16.1245  17.088       0 21.4009 10.4403 16.0312 32.0624 49.4975      42 46.1736 34.9285 38.4708      21 23.3238 8.94427       8 17.6918 45.8803  18.868 15.2315 49.0306      10 20.0998 24.4131 47.1699 26.2488 27.8568 25.4951 10.7703 17.8885      26 40.6079 16.7631 17.8885 24.1661 22.0907 24.7588 40.1995 26.9072
52.4786 38.6005 17.2047 41.1096 13.6015 41.1096 22.0907 45.5412 9.48683 37.4433 7.07107 21.4009       0 31.3847 18.2483 47.4342 66.4831 57.5674 64.8845 54.6443 55.9464 38.0132 43.9318 12.7279  28.178      29 56.0089 7.61577 35.4683 61.4003 23.7065 36.2491 31.7805 61.3922 39.0512 47.4342      32 21.2132 30.3645 13.0384 45.7056 12.3693 25.1794 45.2769 38.0789 30.0167 57.0088 37.3363
     29 15.5242 14.3178 34.6554 33.0151  19.105 29.6142 35.2278 22.2036 6.40312 27.5136 10.4403 31.3847       0 21.0238 31.3847 46.0977 40.2616 41.1947 29.2746 35.2278 20.5913 17.1172 19.3132 3.60555 16.1245 47.7074 27.5862 11.7047 49.2443 16.7631 20.8087 23.3452 46.1736 28.4253      23 31.3847 14.3178 22.2036 33.6006 45.4533 24.2074  19.105 13.8924 22.4722  31.305 37.4833 23.2594
48.8365 34.3657 13.6015 46.4866 12.8062 23.7697 32.0156 49.2443 10.8167 27.2947 19.7231 16.0312 18.2483 21.0238       0 48.0937 65.2763 58.0086 61.3922 49.7293  54.231 37.0135 37.6431      15 17.4642 11.4018 61.4003      11 30.4138 64.9384      25 36.1248 13.6015 63.1981 41.9762 42.9535 39.3573  6.7082 33.2415 13.6015 54.5894       6       7 33.4215 38.1182 38.0789 56.0803  19.105
     12 16.1245 35.0143 12.6491 56.4358 49.3964 28.6007       8 42.4264 28.8444 40.4969 32.0624 47.4342 31.3847 48.0937       0 19.2354  10.198      20      16      10 11.1803 18.4391 36.4966 33.5261 47.1275 17.8045 48.6621 19.6977 17.8885 24.3311      12 54.4059 15.1327 9.21954 13.4164 19.8494 42.4264  17.088 56.5685      23 48.0937 49.0306 32.5576      10 21.9317      10  54.626
17.2627 31.0161 52.9528 29.6985 74.7329 61.4003 47.7074 24.0416 60.8769 41.5933 59.6154 49.4975 66.4831 46.0977 65.2763 19.2354       0 9.89949 8.60233 18.3848 11.0454 28.8617 29.4279 55.0818 49.0102 62.2013 23.7697 67.1863 35.0143 17.0294 43.0116 30.3645 69.3542 11.1803 28.3019 23.1948 38.4187 59.0762 36.2491 74.9533 36.2353 66.0984 65.0077 41.7852 28.4605 40.6079 9.48683 68.2495
14.1421 24.7386 45.0999  19.799 66.6108 57.2713 38.0789 14.1421 52.6118 36.7696 50.5964      42 57.5674 40.2616 58.0086  10.198 9.89949       0 14.1421 17.2047  7.2111      21 25.0599 46.6905 42.7551 56.2939 16.0312 58.8558 28.6356 11.6619 34.5254 22.0907  63.561 6.40312 18.7883  18.868 28.6007 52.1536 27.2029 66.7533 26.9258 58.2151 58.5491  38.833 20.0998 30.8058 4.47214 63.2456
12.6491 27.2029   49.98  32.249 71.7844 54.9181 48.1041 26.8328 58.3095      36 58.3095 46.1736 64.8845 41.1947 61.3922      20 8.60233 14.1421       0      12      10 26.9258 24.0832 52.8015 44.4072 57.0351 30.0167  64.622 31.0483 24.3311 41.1825 28.8444      64 18.2483 29.0689 18.4391 39.8246 54.9181  35.609  72.111 40.8044 62.9365 60.2993 34.9285 27.2029 41.8688 10.7703 62.2896
      4 16.1245 38.9102 28.2843 60.5392 43.1741 40.2244      24 47.4131      24 48.4149 34.9285 54.6443 29.2746 49.7293      16 18.3848 17.2047      12       0      10 17.8045 12.1655   42.19 32.5576 45.0444 31.9531 53.6656 19.6977 28.8444  31.241      20      52 23.4307 23.0868  7.2111 33.6155 43.1741 27.2029 60.9262      39 51.6236 48.3735 23.4094  18.868 35.3412 12.8062 50.3587
 7.2111      20 41.9762 22.3607 63.7887  51.264 38.2884  17.088      50 31.0483 49.1935 38.4708 55.9464 35.2278  54.231      10 11.0454  7.2111      10      10       0 18.0278 18.9737 44.2719 38.0526 51.3517  22.561 56.3205      24  18.868  32.311 19.6977 58.5491 13.4536  19.105 12.6491 29.8329 48.0416 26.0768 64.0312 31.5753  55.109  54.037  32.249 17.8885 31.8904 2.82843 57.7235
14.8661  6.7082 24.1868 15.6525 45.8912 39.2046 22.4722 14.8661 32.0156  19.105 31.3847      21 38.0132 20.5913 37.0135 11.1803 28.8617      21 26.9258 17.8045 18.0278       0 12.0416 26.2488 22.4722 36.0555 27.2029 38.3275 9.21954 28.7924 14.3178 2.23607 43.3244 26.3059 8.94427 11.1803 17.1172  31.257 9.43398 46.0977  27.313 37.3363  37.855 24.5967 2.23607 18.4391 19.4165 43.8292
12.1655 6.32456 27.4591 27.2029 48.7545  32.311 32.8938 25.0599 36.0555 12.1655 38.2099 23.3238 43.9318 17.1172 37.6431 18.4391 29.4279 25.0599 24.0832 12.1655 18.9737 12.0416       0  31.241 20.3961      33 36.2353   42.19 8.48528  35.609 21.6333      14   40.05 31.3847 20.6155 6.32456 29.0172 31.0483 20.3961 49.1935 38.8973 39.8121 36.2215 14.1421 14.1421 30.1496 21.5407  38.833
40.2492 26.0768 5.09902 32.5576  20.025 32.5576 17.0294 36.0555       6 25.0599 8.24621 8.94427 12.7279 19.3132      15 36.4966 55.0818 46.6905 52.8015   42.19 44.2719 26.2488  31.241       0 16.4924 21.9317  47.676 12.1655 22.8035 52.0384 12.1655 24.7386 27.2029 51.1566      29 34.9857 24.6982 13.4164      20 20.0998 39.8121 12.3693      20 33.1059 26.6833 23.2594  45.607  31.305
32.0624 18.1108 11.4018  35.609 29.4109  18.868 28.4605 36.7151  18.868      10 24.7386       8  28.178 3.60555 17.4642 33.5261 49.0102 42.7551 44.4072 32.5576 38.0526 22.4722 20.3961 16.4924       0 13.6015 49.2443 24.0832 14.1421  51.264 16.1245 22.3607 20.8806 48.5077 29.6816 26.0768 31.4006 10.7703 22.6274      30 45.9674 20.6155      16 17.2047 24.1661 31.0644 40.1995 21.6333
45.0444 31.5753 18.0278 48.5489 23.7065 12.3693 38.0132 50.0899 20.2237  21.095 28.8617 17.6918      29 16.1245 11.4018 47.1275 62.2013 56.2939 57.0351 45.0444 51.3517 36.0555      33 21.9317 13.6015       0 62.6099 22.2036 27.6586  64.846 27.6586 35.8469 7.28011 62.0967 42.9418 39.0512 43.1856   8.544 35.2278 24.5967  58.258 17.2627       5 25.0799 37.6962 42.4264 53.6004 9.43398
28.2312 33.3017 47.8017 15.1327 67.3647 66.4003 34.1321   12.53 53.6004 46.0977      49 45.8803 56.0089 47.7074 61.4003 17.8045 23.7697 16.0312 30.0167 31.9531  22.561 27.2029 36.2353  47.676 49.2443 62.6099       0 59.3043 36.4005 7.81025 36.4005 26.9258 69.7782 12.6491 19.6977 31.0644 24.0208  56.648 28.1603 67.2681 14.2127 60.0167 63.6946 50.3289 25.2389 26.0768 20.2237 70.8308
     52 37.5766 14.7648 44.1814 8.06226 34.5254 26.5707      48 6.32456 33.9411 11.6619  18.868 7.61577 27.5862      11 48.6621 67.1863 58.8558  64.622 53.6656 56.3205 38.3275   42.19 12.1655 24.0832 22.2036 59.3043       0      34      64 24.3311 36.8782 24.3311 63.2851 41.0488 46.5188 35.6931 15.2315 32.0624       8 50.2892       5      18 41.2311  38.833 33.9559 57.7235 30.0666
18.4391       4 19.2354 24.4131 40.8534      30 25.4951 24.0832 27.7849      10 29.7321 15.2315 35.4683 11.7047 30.4138 19.6977 35.0143 28.6356 31.0483 19.6977      24 9.21954 8.48528 22.8035 14.1421 27.6586 36.4005      34       0 37.5766 13.4164      10 34.9285 34.4819 17.8045 12.6491 23.5372 24.0832 14.1421 41.2311 35.8469 31.9531 30.0666 16.4924 11.3137 24.1868 26.0768 34.9285
25.6125      34 51.4782 20.3961 72.0069 67.2309  40.025      16 58.0345 46.6476 54.3323 49.0306 61.4003 49.2443 64.9384 17.8885 17.0294 11.6619 24.3311 28.8444  18.868 28.7924  35.609 52.0384  51.264  64.846 7.81025      64 37.5766       0 40.1995 29.1204  72.111 6.08276 23.0868 29.7321 29.8329 59.6657 32.0624      72 21.9317  64.195 66.4831  49.679 27.2029 32.0156 16.1245 72.4983
28.8444 15.6205 11.4018 21.5407 32.1403 34.9857 13.0384 24.3311 18.1108      20 17.2047      10 23.7065 16.7631      25 24.3311 43.0116 34.5254 41.1825  31.241  32.311 14.3178 21.6333 12.1655 16.1245 27.6586 36.4005 24.3311 13.4164 40.1995       0 12.6491 34.4093 39.0512 17.1172 24.0832 15.5563 20.5913 8.24621  32.249 30.6105 24.0208 27.7849 28.0713 14.5602      15 33.5261 36.7696
16.9706 8.24621 23.0217 14.4222 44.5533 39.6989 20.2485 14.4222 30.5941      20 29.5296 20.0998 36.2491 20.8087 36.1248      12 30.3645 22.0907 28.8444      20 19.6977 2.23607      14 24.7386 22.3607 35.8469 26.9258 36.8782      10 29.1204 12.6491       0 43.0813  27.074 7.81025 13.4164 15.0333 30.5941  7.2111 44.7214 25.9422 36.1248 37.3631      26       2 16.2788 20.8806  43.909
52.1536  38.833 24.0416 55.5698 23.3452 14.1421 43.9318 57.2713 24.1661      28 33.1059 24.4131 31.7805 23.3452 13.6015 54.4059 69.3542  63.561      64      52 58.5491 43.3244   40.05 27.2029 20.8806 7.28011 69.7782 24.3311 34.9285  72.111 34.4093 43.0813       0 69.3758 50.0899 46.1736 49.8197 14.1421   42.19 24.3311      65 19.4165  7.2111 31.0483 44.9444 48.9183 60.8276 6.32456
20.5183 30.6757   50.01 21.4709 71.1758 63.5059 40.8534 16.1555 57.1402 42.9535 54.3415 47.1699 61.3922 46.1736 63.1981 15.1327 11.1803 6.40312 18.2483 23.4307 13.4536 26.3059 31.3847 51.1566 48.5077 62.0967 12.6491 63.2851 34.4819 6.08276 39.0512  27.074 69.3758       0 22.3607 25.2389 30.8707 57.5587  31.257 71.2531  25.807 63.0079 64.1327 45.2217 25.0799 33.1059 10.6301 69.2892
19.3132 15.6525 28.4429  6.7082 49.0102 47.4236 19.4165 7.28011      35 27.8029 32.0156 26.2488 39.0512 28.4253 41.9762 9.21954 28.3019 18.7883 29.0689 23.0868  19.105 8.94427 20.6155      29 29.6816 42.9418 19.6977 41.0488 17.8045 23.0868 17.1172 7.81025 50.0899 22.3607       0 18.0278 10.8167      37       9 49.0408 18.3848 41.1096 44.0114  33.541  6.7082 12.8062 19.2094 51.3128
      6 8.94427 31.7805 24.0832 53.4883 38.6264 33.6155 20.8806 40.2492 18.4391 41.2311 27.8568 47.4342      23 42.9535 13.4164 23.1948  18.868 18.4391  7.2111 12.6491 11.1803 6.32456 34.9857 26.0768 39.0512 31.0644 46.5188 12.6491 29.7321 24.0832 13.4164 46.1736 25.2389 18.0278       0 27.8927 36.4966 20.5913 53.8516 35.5106 44.5982 42.0476      20 12.6491 29.4109 15.2315 45.1221
29.9666 23.0217 26.0768 9.48683 43.7379 50.2195  10.198 14.7648 30.3645 32.8938   25.02 25.4951      32 31.3847 39.3573 19.8494 38.4187 28.6007 39.8246 33.6155 29.8329 17.1172 29.0172 24.6982 31.4006 43.1856 24.0208 35.6931 23.5372 29.8329 15.5563 15.0333 49.8197 30.8707 10.8167 27.8927       0  35.805 9.48683  43.566 15.2643      37 43.0116  40.025 15.2971 2.23607 29.6985 52.3259
42.4264 28.0713 9.89949 42.0476  19.105      20 29.8329 44.2719      12 20.5913 20.3961 10.7703 21.2132 14.3178  6.7082 42.4264 59.0762 52.1536 54.9181 43.1741 48.0416  31.257 31.0483 13.4164 10.7703   8.544  56.648 15.2315 24.0832 59.6657 20.5913 30.5941 14.1421 57.5587      37 36.4966  35.805       0 28.6356  19.799 51.0392 10.8167  7.2111 26.9072 32.5576 34.8281      50 17.8885
24.0832 14.1421 19.6469 13.4164 40.0125 41.2311 13.0384 16.1245      26 23.4094 23.4094 17.8885 30.3645 22.2036 33.2415  17.088 36.2491 27.2029  35.609 27.2029 26.0768 9.43398 20.3961      20 22.6274 35.2278 28.1603 32.0624 14.1421 32.0624 8.24621  7.2111   42.19  31.257       9 20.5913 9.48683 28.6356       0   40.05 23.3452 32.1403 35.7771 30.5941 8.48528 10.0499 26.8328 44.0454
59.4643 44.9444 22.1359 52.1536       1 36.7696 34.2053      56 14.1421      40 18.9737      26 13.0384 33.6006 13.6015 56.5685 74.9533 66.7533  72.111 60.9262 64.0312 46.0977 49.1935 20.0998      30 24.5967 67.2681       8 41.2311      72  32.249 44.7214 24.3311 71.2531 49.0408 53.8516  43.566  19.799   40.05       0 57.9741 9.43398 19.6977 46.6905 46.6905 41.7732 65.5134 30.5941
     35 34.0147 41.3401 11.7047 58.2409 64.5368 23.7697      15   45.31  45.793 39.0512 40.6079 45.7056 45.4533 54.5894      23 36.2353 26.9258 40.8044      39 31.5753  27.313 38.8973 39.8121 45.9674  58.258 14.2127 50.2892 35.8469 21.9317 30.6105 25.9422      65  25.807 18.3848 35.5106 15.2643 51.0392 23.3452 57.9741       0      52 58.2495 51.8941 25.0799 16.5529 30.0832 67.2681
50.2892 35.7351 13.1529  44.911 8.94427 29.6142 28.6531 48.2597  6.7082 30.6105 14.8661 16.7631 12.3693 24.2074       6 48.0937 66.0984 58.2151 62.9365 51.6236  55.109 37.3363 39.8121 12.3693 20.6155 17.2627 60.0167       5 31.9531  64.195 24.0208 36.1248 19.4165 63.0079 41.1096 44.5982      37 10.8167 32.1403 9.43398      52       0      13 37.4833 38.1182 35.4683 56.7186 25.0799
48.0416 34.0588 17.0294 49.1935 18.7883  17.088 36.7967  51.264  17.088 24.7386      26 17.8885 25.1794  19.105       7 49.0306 65.0077 58.5491 60.2993 48.3735  54.037  37.855 36.2215      20      16       5 63.6946      18 30.0666 66.4831 27.7849 37.3631  7.2111 64.1327 44.0114 42.0476 43.0116  7.2111 35.7771 19.6977 58.2495      13       0 29.5296 39.2938 42.0119 56.1427 12.1655
25.0599 17.8885  28.178 40.2492 46.0109 20.0998 41.0122  38.833 36.0555 8.24621 41.2311 24.1661 45.2769 13.8924 33.4215 32.5576 41.7852  38.833 34.9285 23.4094  32.249 24.5967 14.1421 33.1059 17.2047 25.0799 50.3289 41.2311 16.4924  49.679 28.0713      26 31.0483 45.2217  33.541      20  40.025 26.9072 30.5941 46.6905 51.8941 37.4833 29.5296       0 26.8328 40.6079 34.9857 28.0713
15.6205 8.94427   25.02 13.4164 46.5296 41.2311 21.4009 12.8062 32.5576 21.2603  31.305 22.0907 38.0789 22.4722 38.1182      10 28.4605 20.0998 27.2029  18.868 17.8885 2.23607 14.1421 26.6833 24.1661 37.6962 25.2389  38.833 11.3137 27.2029 14.5602       2 44.9444 25.0799  6.7082 12.6491 15.2971 32.5576 8.48528 46.6905 25.0799 38.1182 39.2938 26.8328       0 16.7631 18.9737 45.6508
31.7648 24.0208      25 11.7047 41.9762   49.93 8.06226      17 28.7924 33.2415 23.0868 24.7588 30.0167  31.305 38.0789 21.9317 40.6079 30.8058 41.8688 35.3412 31.8904 18.4391 30.1496 23.2594 31.0644 42.4264 26.0768 33.9559 24.1868 32.0156      15 16.2788 48.9183 33.1059 12.8062 29.4109 2.23607 34.8281 10.0499 41.7732 16.5529 35.4683 42.0119 40.6079 16.7631       0 31.8277 51.6624
     10 22.0907  43.566 21.6333  65.307 53.8516 38.6005 16.1245 51.4198 33.5261 50.1597 40.1995 57.0088 37.4833 56.0803      10 9.48683 4.47214 10.7703 12.8062 2.82843 19.4165 21.5407  45.607 40.1995 53.6004 20.2237 57.7235 26.0768 16.1245 33.5261 20.8806 60.8276 10.6301 19.2094 15.2315 29.6985      50 26.8328 65.5134 30.0832 56.7186 56.1427 34.9857 18.9737 31.8277       0 60.1664
50.9902 38.6264 27.4591 57.2014 29.6142 8.94427 47.4342 58.3095 29.1204 26.6833 37.9473 26.9072 37.3363 23.2594  19.105  54.626 68.2495 63.2456 62.2896 50.3587 57.7235 43.8292  38.833  31.305 21.6333 9.43398 70.8308 30.0666 34.9285 72.4983 36.7696  43.909 6.32456 69.2892 51.3128 45.1221 52.3259 17.8885 44.0454 30.5941 67.2681 25.0799 12.1655 28.0713 45.6508 51.6624 60.1664       0


