     0 14.6779  37.805 24.4891 62.8198 49.9882 30.0945 39.1559 20.0053 46.0737 24.3493 48.5325 33.6852 53.0076      29 49.5833 12.0053 17.2821 14.3584  12.814       4 7.22415 15.0086 12.1833 40.5187 48.1006 29.8839 23.6895 61.8697 65.1749 57.9273 49.5318
14.6962       0 23.1504 22.5843 48.4313 57.3875 16.1435  34.521 21.2649 31.6837 12.8084 34.2005 19.0333 38.6809 15.5442 34.9306 16.1439  32.402 24.7625 27.2562 16.1374 20.0832 6.75232 6.42624 26.1352 34.0782 37.6399 10.0022 65.6062 51.9613 65.6833 35.2013
37.8036 23.1307       0 33.8523 25.3817 79.6071 12.9249  24.722 35.7147 8.62947 20.5547 13.4655 4.24275 17.2378 14.9812 13.6224 35.1777 53.3827 45.8543 50.3628 39.1767 42.8292 24.5252 27.4821  5.1396 17.0321 59.5024 15.3059 72.5619 29.1681 64.1828 13.9354
24.7079 22.4654 33.6694       0 54.8443 73.7503 34.1046 19.6694 5.65713  39.895 34.4145 34.8121 33.0868  41.655 34.6719 47.2673 12.8795 31.6814 25.6152 33.2364 28.7079 23.2496 15.7402 27.3771  33.959 50.2793 53.6457 20.0969 46.7764 52.0396 79.9617 38.9258
62.8531  48.436 25.3754 54.8384       0 104.953 36.1121  35.356 58.0525 16.8282 44.5794 20.0778 29.5334 13.7695 38.2017 20.6006 58.8128 77.5035 69.8925  75.178  64.419  67.037 48.6763 52.8364 22.4221 21.4855 84.8511 39.5006 61.3215   15.17 112.894 15.9547
50.0804 57.7197 79.5792 73.7019 104.924       0 69.9451  87.524 70.0542 88.1909  62.424 108.254 75.4126 96.1471 68.3201 89.6292 62.0542 63.3471 63.6085 55.6263 46.2286 56.4469 61.4133 52.1287 83.5909 87.1607 20.1225 67.7079 111.957 108.314 8.96586 92.6629
30.1026 16.1451 12.9203 34.0993 36.1273 69.9831       0 37.2125 35.0846 20.2045 8.48545 25.9404 8.67579 29.6224 2.25004 19.9172 31.6522 47.0682 40.8329  42.449 30.6126 36.1203 20.6432 18.4603 17.5408 18.0317  49.878 14.1422 79.6998 40.8269 77.9221 26.0867
39.2849 34.4056 24.8299 19.6673 35.3588 87.9331 37.2896       0 24.7254  22.057 44.9643 15.3152 28.7651 22.1126 39.4441 32.6189 28.8747 49.0536 41.4137 48.9498 43.2419 38.9569 27.6996 39.7285 19.6979  36.805 67.8312 31.5286 65.1144 32.4093 95.8732 19.4348
     20 21.2648 35.7132 5.65724 58.0755 69.9203 34.9975  24.775       0 42.0866 33.9412 39.8524 34.6316 46.6956 35.2329 49.3058       8 26.0914 20.2516 28.3163 24.0036 18.3252 14.8679  25.191 36.0866 51.9011  49.816 21.5642  44.722 57.0813 77.8594 43.9663
45.8553 31.7025 8.61536 39.9969 16.8426 88.2158 20.2009 22.0398 42.1251       0 28.6757  9.0059 12.8108 9.53596 22.2266 10.8211  42.449 60.8992 53.3292 58.4474 47.6717 50.3824 32.0371 36.0953       6 17.2113 68.1128 22.8247 64.7419 20.6246 96.1556       7
24.3513 12.8088 20.2554 34.4175 44.5813 62.4461 8.48554 44.8622 33.9412 28.6638       0 33.5885 16.2852  37.662  6.4074 27.8368 28.8608 41.6131  36.801      36      24 31.1465 19.1079 12.1853 25.1806 24.7607  42.344  16.758 78.3961 49.2797 70.3876 34.2914
48.5467 34.2027 13.5514 34.8103 19.3363 91.4152 26.0215 15.3177 39.8498 8.98642 33.6176       0 17.4286 7.09023 28.1701 19.7585 43.7662 62.8085 55.1837  60.753 50.2835  52.383 34.0462 39.6104 8.42626 26.1875 71.5864 22.8065 59.8206 18.8123 99.6328  4.1411
33.6917 19.0191 4.24285 33.1181 29.5343 75.4374 8.70396 28.6665  34.635 12.8111 16.3189 17.4077       0 21.4044 10.9215 16.0504 32.5838  49.754 42.5723 46.3632 34.9477 38.7795 21.4312 23.3349  8.9743 18.0341 55.3342 13.0919 76.7138 33.3716 83.3772 18.0523
53.0146 38.6737 17.2398 41.6474 13.7936 96.1649 29.6693 22.1143 46.6871 9.63582 37.7639 7.08915 21.4101       0 31.7687 18.3749 48.5108  67.268 58.1691 65.2131 54.7534 56.8441 38.5085 44.0837 12.7292 25.3677 76.0622 29.1663 54.4935  12.217 104.105 3.61132
     29 15.5475 14.9229 34.6685 38.2061 68.3507 2.24417 39.1668 35.2393 22.3033 6.40461 28.1105  10.794 31.8507       0   21.39 31.4148 46.1426 40.2863 41.2254 29.2954 35.2901  20.613  17.137 19.6883 19.1265  48.246 15.0041 79.9382 42.9109 76.2912 28.8292
49.3453 34.9117 13.6255 47.4722 20.4112 89.6302 19.9179 32.5893 49.3045 10.8275 27.3793 19.8069  16.051 18.5742 21.6709       0 48.3406 65.6482 58.4682 62.1423 50.4895 54.6736 37.3264 38.3273 15.0055       7 69.5282 28.1854  71.931 26.0681 97.5717 17.3163
12.0036 16.1374 35.1701 12.7161 58.8284 61.9193 31.6479 28.8466       8 42.4502 28.8507 43.7565 32.5715 48.5494 31.4106 48.4742       0  20.478  12.836 20.3729 16.0036 10.3836 11.1982 18.4427  36.517 49.1757 41.8151      20   50.14 60.7182 69.8585 45.0672
17.2806 31.5566 53.3819  31.597 77.5197 63.3476 47.0728 49.0414 26.2295 60.9005 41.6123 62.8157 49.7178 66.7303 46.1376 65.6206 20.4859       0 9.90048 8.60554 18.4072 11.0653  28.884 29.4462 55.1085 65.0823 43.2432 38.1007 54.1833 79.4651 71.2866 63.8096
14.3429 24.7575 45.8547   25.61 69.9037 63.5684 40.8906 41.3857 20.2389 53.3297 36.7976   55.17 42.5743 59.6674 40.2808 58.4769  12.822 9.89966       0 14.3666 17.3748 7.21542   21.37 25.1227 47.5001 58.5758 43.4641 30.5732 48.7033 71.8349 71.5075 56.1908
12.8409  27.269 50.3939 33.0645 75.1563  55.656 42.4502 48.9264   28.29  58.412      36 58.3286 46.2731 65.2314 41.2266 62.1709  20.065 8.60835 14.2446       0      12 10.0022  26.968 24.1072 52.8274 60.3381 35.5517 35.7996 61.3415 77.3994 63.5952 61.7492
      4 16.1429 39.0892 28.4717  64.443 46.2198 30.6139 43.0097      24 47.7023      24 50.2725 34.9655 54.7616 29.2965 50.4926 16.0053 18.4114 17.3689      12       0 10.1889  17.808  12.185  42.231 48.4023 26.1155 25.6211 65.8669 66.9294 54.1589 51.2769
7.21741      20 42.8187  23.118 67.0413  56.408 36.1272 38.9393 17.8626 50.3661 31.1333 52.3533 38.7763 56.8512 35.2837 54.6791 10.3756 11.0644 7.22602  10.006 10.1828       0  18.373 19.1175 44.6244 54.1273 36.3037 27.5811 55.7406 69.0204 64.3471 53.3743
14.9328  6.7456 24.5249 15.8301 48.6897 61.4597 20.6384 27.8086 14.8679 32.0382 19.1079   31.94 21.4165 38.5321  20.606 37.3192 11.2002 28.8824 21.3649   26.95 17.8086 18.3781       0  12.137 26.2751 38.0269 39.4756 9.24018 59.4675 50.7009 69.4017 35.0548
12.1853 6.68158 27.4893 27.6746  52.846 52.1554 18.4597 39.9702  25.349 36.1097 12.1833 38.2187 23.3434 44.0729  17.138 38.3303  18.443 29.4477 25.1133  24.106 12.1837 19.1279   12.17       0 31.5183 36.2551 29.5661 16.1886 68.5217 56.2386 60.0931 40.5886
40.4988  26.142  5.1691 34.0342 22.4383 83.6193 17.5996 19.6717 36.1628       6 25.2408 8.28784 9.01823 12.7289 19.7942 15.0031 36.5158 55.1064 47.5011 52.8415 42.2366 44.6308 26.2728 31.5392       0 20.0061 63.1973 17.1108 67.9797 24.8491 91.5591 9.28002
48.1109 34.0791 17.0324 49.5354 21.3347 87.1819 18.0298 38.3503 51.9089 17.3187 24.7592 26.3383 18.0171 25.5742 19.1259       7 49.1726 65.0491 58.6378 60.3408 48.4014 54.1224 38.0242 36.2483 20.0535       0 67.0768 30.5024 78.9311 32.9112 95.1208 24.1189
29.9405 37.6201 59.4778 53.5924 50.8252  20.121 49.8445 67.4627 49.8666 68.0896 41.0966 71.5726 55.3113  76.044 48.2193 69.5273 41.8666 43.2427 43.5009 35.5218 26.1141 36.3757 39.3784 32.0271 63.4893  67.058       0 47.6044 91.8366 88.2123 28.0954 72.5686
23.7077  10.006 15.3049 20.1161 36.6944 67.7308 14.1422 31.5205 21.5685 22.8267  16.561 24.9659 13.0859 29.4585  15.003 28.8928      20 38.0994 30.5292 35.8002 25.6166 27.5803 9.23847 16.2112 17.1142 30.4902 47.6275       0 66.1078 41.6268 95.2861 25.9763
61.8271 65.6108 72.5495 44.1775 61.3028 111.913 79.6919  65.125 44.7109 62.9026 78.4096 60.8933 76.7069 55.3213 79.9328  72.009 50.1394 54.2799 48.6383 61.1596 65.8271 55.7157  59.471 68.5452  67.957  79.009 91.8081 24.5196       0 46.2964  119.85 58.7119
65.1834 50.8405 29.1402 52.0375  15.137 108.331 40.7985 32.4079  57.078 20.6221 49.2718 18.8087  33.356 12.2108 42.8967 26.4355 59.2691 79.4356 71.8168 77.3811  66.921 69.0072 50.6754 56.2472  24.844 33.3262  88.224 41.6009 46.5371       0 116.269 15.8159
 58.049 65.6608 87.5204 81.6262 112.867 8.95982 77.8861 95.4685 78.0115 96.1328 70.3617 99.5926 83.3531 104.088 76.2609 97.5705 70.0115 71.2821 90.4008 63.5609 54.1613 64.4234 69.2503 60.0705 91.5339  12.356 28.0936 75.6504 119.871 116.258       0 100.609
49.1638 35.2005 13.9378 38.9247 15.9561 92.6832 26.6696 19.4367 43.9643       7 34.4384 4.14429 18.0397 3.61919 28.8769 17.2113 45.0368 63.7977 56.1768  61.738 51.2786 53.3648 35.0344 40.4022 9.27897  23.865 72.5792 25.9587 58.7267 15.8294 100.624       0

dist cost node
      0 14.5602 37.3363 24.3311 59.1354 44.2719 30.0666 37.0135      20 45.6946 24.3311 46.0435 33.5261 52.4786      29 48.8365      12 17.2627 14.1421 12.6491       4  7.2111 14.8661 12.1655 40.2492 48.0416 25.0599 23.3238      37 64.6607 50.9902 48.8774
14.5602       0 22.8473 22.3607 44.5982 33.2866 16.1245 26.5707 21.2603  31.305 12.8062 32.5576 18.9737 38.6005 15.5242 34.3657 16.1245 31.0161 24.7386 27.2029 16.1245      20  6.7082 6.32456 26.0768 34.0588 17.8885      10 31.0644 50.8035 38.6264      35
37.3363 22.8473       0 32.8938 21.8403 27.8927  12.083      20 35.6931 8.60233 20.2485 13.3417 4.24264 17.2047 14.3178 13.6015 35.0143 52.9528 45.0999   49.98 38.9102 41.9762 24.1868 27.4591 5.09902 17.0294  28.178 15.0333 31.8277      29 27.4591 13.8924
24.3311 22.3607 32.8938       0 52.2398 53.7401 34.0588 19.6469 5.65685 38.4708 34.4093 34.0588  31.305 41.1096 34.6554 46.4866 12.6491 29.6985  19.799  32.249 28.2843 22.3607 15.6525 27.2029 32.5576 49.1935 40.2492      20 13.6015 51.9711 57.2014 38.0132
59.1354 44.5982 21.8403 52.2398       0 35.8469 31.0644 34.4819 56.0089 14.0357 39.4081 19.3132  25.632 13.6015 33.0151 12.8062 56.4358 74.7329 66.6108 71.7844 60.5392 63.7887 45.8912 48.7545  20.025 18.7883 46.0109 36.6742 46.8188 15.0333 29.6142 15.2315
44.2719 33.2866 27.8927 53.7401 35.8469       0      20 47.0106  54.037      32 20.5913 40.1995      26 41.1096  19.105 23.7697 49.3964 61.4003 57.2713 54.9181 43.1741  51.264 39.2046  32.311 32.5576  17.088 20.0998 34.0588 57.4543 49.7293 8.94427      39
30.0666 16.1245  12.083 34.0588 31.0644      20       0 27.8927 34.9857      20 8.48528 25.2982 8.24621 29.1548 2.23607 19.3132 31.6228 47.0106 40.7922 42.4264 30.5941 36.0555 20.6155 18.4391  17.088      18 16.1245 14.1421 37.5899 40.6079 23.3238 25.9422
37.0135 26.5707      20 19.6469 34.4819 47.0106 27.8927       0 24.6982 21.9545 33.0151 15.2971 21.0238 22.0907 29.6142 32.0156 28.6007 47.7074 38.0789 48.1041 40.2244 38.2884 22.4722 32.8938 17.0294 36.7967 41.0122 17.2627   12.53 32.3883 47.4342 19.4165
     20 21.2603 35.6931 5.65685 56.0089  54.037 34.9857 24.6982       0 42.0476 33.9411 38.4708 33.5261 45.5412 35.2278 49.2443       8 24.0416 14.1421 26.8328      24  17.088 14.8661 25.0599 36.0555  51.264  38.833 21.5407 19.2094 56.7539 58.3095 42.2966
45.6946  31.305 8.60233 38.4708 14.0357      32      20 21.9545 42.0476       0 28.4253 8.94427 12.8062 9.48683 22.2036 10.8167 42.4264 60.8769 52.6118 58.3095 47.4131      50 32.0156 36.0555       6  17.088 36.0555 22.8035 34.4819 20.6155 29.1204       7
24.3311 12.8062 20.2485 34.4093 39.4081 20.5913 8.48528 33.0151 33.9411 28.4253       0 33.1059 16.1245 37.4433 6.40312 27.2947 28.8444 41.5933 36.7696      36      24 31.0483  19.105 12.1655 25.0599 24.7386 8.24621 16.4924 40.8044 49.0408 26.6833 34.1321
46.0435 32.5576 13.3417 34.0588 19.3132 40.1995 25.2982 15.2971 38.4708 8.94427 33.1059       0  17.088 7.07107 27.5136 19.7231 40.4969 59.6154 50.5964 58.3095 48.4149 49.1935 31.3847 38.2099 8.24621      26 41.2311 22.8035 27.5136 18.7883 37.9473 4.12311
33.5261 18.9737 4.24264  31.305  25.632      26 8.24621 21.0238 33.5261 12.8062 16.1245  17.088       0 21.4009 10.4403 16.0312 32.0624 49.4975      42 46.1736 34.9285 38.4708      21 23.3238 8.94427 17.8885 24.1661 12.1655 32.0156 33.2415 26.9072 18.0278
52.4786 38.6005 17.2047 41.1096 13.6015 41.1096 29.1548 22.0907 45.5412 9.48683 37.4433 7.07107 21.4009       0 31.3847 18.2483 47.4342 66.4831 57.5674 64.8845 54.6443 55.9464 38.0132 43.9318 12.7279 25.1794 45.2769 29.1548 33.9559 12.2066 37.3363 3.60555
     29 15.5242 14.3178 34.6554 33.0151  19.105 2.23607 29.6142 35.2278 22.2036 6.40312 27.5136 10.4403 31.3847       0 21.0238 31.3847 46.0977 40.2616 41.1947 29.2746 35.2278 20.5913 17.1172 19.3132  19.105 13.8924      15 38.9102 42.8019 23.2594  28.178
48.8365 34.3657 13.6015 46.4866 12.8062 23.7697 19.3132 32.0156 49.2443 10.8167 27.2947 19.7231 16.0312 18.2483 21.0238       0 48.0937 65.2763 58.0086 61.3922 49.7293  54.231 37.0135 37.6431      15       7 33.4215 28.1603 44.4072 25.9615  19.105  17.088
     12 16.1245 35.0143 12.6491 56.4358 49.3964 31.6228 28.6007       8 42.4264 28.8444 40.4969 32.0624 47.4342 31.3847 48.0937       0 19.2354  10.198      20      16      10 11.1803 18.4391 36.4966 49.0306 32.5576      20 25.9422 59.2368  54.626 43.9659
17.2627 31.0161 52.9528 29.6985 74.7329 61.4003 47.0106 47.7074 24.0416 60.8769 41.5933 59.6154 49.4975 66.4831 46.0977 65.2763 19.2354       0 9.89949 8.60233 18.3848 11.0454 28.8617 29.4279 55.0818 65.0077 41.7852 38.0789 43.1856 78.3901 68.2495 62.9682
14.1421 24.7386 45.0999  19.799 66.6108 57.2713 40.7922 38.0789 14.1421 52.6118 36.7696 50.5964      42 57.5674 40.2616 58.0086  10.198 9.89949       0 14.1421 17.2047  7.2111      21 25.0599 46.6905 58.5491  38.833 30.0666 33.3017 69.2892 63.2456 54.1202
12.6491 27.2029   49.98  32.249 71.7844 54.9181 42.4264 48.1041 26.8328 58.3095      36 58.3095 46.1736 64.8845 41.1947 61.3922      20 8.60233 14.1421       0      12      10 26.9258 24.0832 52.8015 60.2993 34.9285 35.7771  45.793  77.026 62.2896 61.2944
      4 16.1245 38.9102 28.2843 60.5392 43.1741 30.5941 40.2244      24 47.4131      24 48.4149 34.9285 54.6443 29.2746 49.7293      16 18.3848 17.2047      12       0      10 17.8045 12.1655   42.19 48.3735 23.4094 25.6125 40.8044 66.8506 50.3587 51.0392
 7.2111      20 41.9762 22.3607 63.7887  51.264 36.0555 38.2884  17.088      50 31.0483 49.1935 38.4708 55.9464 35.2278  54.231      10 11.0454  7.2111      10      10       0 18.0278 18.9737 44.2719  54.037  32.249 27.2029 35.8469 67.9779 57.7235 52.3927
14.8661  6.7082 24.1868 15.6525 45.8912 39.2046 20.6155 22.4722 14.8661 32.0156  19.105 31.3847      21 38.0132 20.5913 37.0135 11.1803 28.8617      21 26.9258 17.8045 18.0278       0 12.0416 26.2488  37.855 24.5967 9.21954   25.02 50.1199 43.8292 34.4384
12.1655 6.32456 27.4591 27.2029 48.7545  32.311 18.4391 32.8938 25.0599 36.0555 12.1655 38.2099 23.3238 43.9318 17.1172 37.6431 18.4391 29.4279 25.0599 24.0832 12.1655 18.9737 12.0416       0  31.241 36.2215 14.1421 16.1245      37 56.0803  38.833 40.3609
40.2492 26.0768 5.09902 32.5576  20.025 32.5576  17.088 17.0294 36.0555       6 25.0599 8.24621 8.94427 12.7279 19.3132      15 36.4966 55.0818 46.6905 52.8015   42.19 44.2719 26.2488  31.241       0      20 33.1059  17.088 29.4109 24.8395  31.305 9.21954
48.0416 34.0588 17.0294 49.1935 18.7883  17.088      18 36.7967  51.264  17.088 24.7386      26 17.8885 25.1794  19.105       7 49.0306 65.0077 58.5491 60.2993 48.3735  54.037  37.855 36.2215      20       0 29.5296 29.7321 48.8365 32.7567 12.1655 23.7697
25.0599 17.8885  28.178 40.2492 46.0109 20.0998 16.1245 41.0122  38.833 36.0555 8.24621 41.2311 24.1661 45.2769 13.8924 33.4215 32.5576 41.7852  38.833 34.9285 23.4094  32.249 24.5967 14.1421 33.1059 29.5296       0 24.0832 48.0521 56.6127 28.0713 42.0595
23.3238      10 15.0333      20 36.6742 34.0588 14.1421 17.2627 21.5407 22.8035 16.4924 22.8035 12.1655 29.1548      15 28.1603      20 38.0789 30.0666 35.7771 25.6125 27.2029 9.21954 16.1245  17.088 29.7321 24.0832       0 24.3516 41.3401 37.2022 25.5539
     37 31.0644 31.8277 13.6015 46.8188 57.4543 37.5899   12.53 19.2094 34.4819 40.8044 27.5136 32.0156 33.9559 38.9102 44.4072 25.9422 43.1856 33.3017  45.793 40.8044 35.8469   25.02      37 29.4109 48.8365 48.0521 24.3516       0 43.0116 58.8982 31.6228
64.6607 50.8035      29 51.9711 15.0333 49.7293 40.6079 32.3883 56.7539 20.6155 49.0408 18.7883 33.2415 12.2066 42.8019 25.9615 59.2368 78.3901 69.2892  77.026 66.8506 67.9779 50.1199 56.0803 24.8395 32.7567 56.6127 41.3401 43.0116       0 44.2832 15.8114
50.9902 38.6264 27.4591 57.2014 29.6142 8.94427 23.3238 47.4342 58.3095 29.1204 26.6833 37.9473 26.9072 37.3363 23.2594  19.105  54.626 68.2495 63.2456 62.2896 50.3587 57.7235 43.8292  38.833  31.305 12.1655 28.0713 37.2022 58.8982 44.2832       0 35.9026
48.8774      35 13.8924 38.0132 15.2315      39 25.9422 19.4165 42.2966       7 34.1321 4.12311 18.0278 3.60555  28.178  17.088 43.9659 62.9682 54.1202 61.2944 51.0392 52.3927 34.4384 40.3609 9.21954 23.7697 42.0595 25.5539 31.6228 15.8114 35.9026       0

