
      0 14.6779  37.805 24.4891 62.8198 49.9882 30.0945 39.1559      20  45.806 24.3493 48.5325 33.6852 53.0076      29 49.5833 12.0053 17.2821 14.3584  12.814       4 7.22353 15.1972 12.1833 40.5187 32.0889  45.074  29.594 52.3971 19.4314 26.4941 29.2659 17.2553  52.187 20.6443 19.4525       6 30.2577 43.4032 24.3081 62.1326 50.2108 50.4237 35.5486 57.5545 17.8702 41.6122 48.0747 29.8839 23.6895 61.8697 65.1749 76.1597 49.5318
14.6962       0 23.1504 22.5843 48.4313 57.7442 16.1435  34.521 21.2649 31.6837 12.8084 34.2005 19.0333 38.6809 15.5442 34.9306 16.1439 31.0469 24.7625  27.226 16.1374 20.0832 6.75232 6.42624 26.1352 18.1309 31.5935  33.312 37.9188       4 34.4266 15.6231 8.37619 38.8513 30.8071 15.8301 8.95982  25.618 29.3199 14.2446  47.741 53.9408 35.7714 23.8681 43.0126  5.1396 29.1802 34.0782 37.6399 10.0022 65.6062 50.8211 65.6833 35.2013
37.8036 23.1307       0 33.8523 25.3817  75.853 12.9249  24.722 35.7147 8.62947 20.5547 13.4655 4.24275 17.2378 14.9812 13.6224 35.2047 53.3827 45.8543 50.3628 39.0604 42.8292 24.5252 27.4821  5.1396 11.6051  18.033 47.8485 14.7986 19.3618 51.5203  11.424 23.2194 24.0417 50.7458 28.4672 31.9969  28.893 9.89952 19.6683 24.6965 68.3487 13.1725 28.0925 20.2682 20.9502 21.2239 17.0321 59.5024 15.0652 72.5619 29.1681 87.5451 13.9354
24.7079 22.4654 32.9594       0 53.6459 73.7503 34.1046 19.6694 5.65713  39.959 34.4143 34.8121 33.0868  41.655 34.6719 47.2673 12.8795 31.6814 25.6152 32.4404 28.7077 23.2496 15.7402 27.3771  33.959 35.6771 48.7936  15.153  45.947 24.4176 20.4146 22.2753 14.4271 55.9951 21.5808  6.7456 24.2446 9.51033 43.0693 14.0372 54.1573 35.1152 46.2038 16.2984 48.9967 18.6045 48.3237 50.2793 53.6457 20.0033 46.7764 52.0396 81.6904 38.9258
62.8531 45.3769 25.3754 54.8384       0 104.953 36.1121  35.356 58.0525 16.8282 44.5794 20.0778 25.6571 13.7535 38.2017 20.6006 58.8128 77.5035 69.8925  75.178  64.419  67.037 48.6763 52.1359 22.4221 34.7384 25.9843 69.3802 10.6416 44.7188 74.0445 34.5249 47.1476 23.7142 73.6519 50.5191 57.3258 45.4052 25.5167 42.0764       1 73.2812 14.7303  38.787 6.40712 45.2257 32.2199 18.9113 73.5476 39.5006 61.3215   15.17 112.894 15.9547
50.0804 57.7197 79.5792 73.7019 104.924       0 69.9451  87.524 70.0542 88.1909  62.424 91.6621 26.4124 93.6245 68.3201 89.6292 62.0542 63.3471 63.6085 55.6263 46.2286 56.4469 61.4133 52.1287 83.5909 89.3104 83.4398  79.652 94.3397 60.5736 75.4011 73.3448 63.6348 90.1483  69.581 68.0176 50.1382  78.627 83.0446 70.8422  104.24 100.059 92.1081 83.9196 99.8195  62.303 78.9639 87.1607 20.1225 67.7079 111.957 108.314 8.96586 92.6629
30.1026 16.1451 12.9203 34.0993 36.1273  67.218       0 37.2125 35.0044 20.2045 8.48545 25.9404 8.67579 29.6224 2.25004 19.9172 31.6522 47.0682 40.8129  42.449 30.6126 36.1203 20.6432 18.4583 17.5408       2  15.599 47.5301 25.5234 12.1853  49.496  15.375  20.613 22.8216  47.016 28.0289  24.106  36.614 13.3272 21.2649 35.4367  68.041 22.3515 27.3318 31.1763 16.5784 14.2148 18.0317  49.878 14.1422 79.6998 40.8269 77.9221 26.4156
39.4416 34.4056 24.8299 19.6673 35.3588 87.9331 37.2896       0 24.7254  22.057 44.9643 15.3152 28.7651 22.1129 39.4441 32.6189 28.8747 49.0536 41.4137 48.9498 43.2419 38.9569 27.6996 33.3476 19.6979  36.383 40.8315 34.1596 26.6124 36.0129 40.0448 31.0609 26.1586 45.5503  40.927 19.7556 37.8302 10.2161 32.1341 25.4716 34.6725 53.4575  28.734 3.64322 29.4789 30.1775 44.8436  38.335 67.8312 31.3113 65.1144 32.4093 95.8732 19.4348
20.0036 21.2648 35.7132 5.65724 56.0463 69.9203 34.9975 24.7255       0 42.0866 33.9412 39.8524 33.7972 46.6956 35.2329 49.3058       8 26.3971 20.2516 28.3163 24.0036 18.3252 14.8679  25.191 36.0866 36.7309 50.1133 12.5493 48.0744 24.0878      16 24.3493 14.4286 57.3006 16.2196 7.29926 20.9629 14.7851 45.1052 16.1435 57.3894 33.0585 48.2927 21.2163 52.6512 18.6046 49.0986 51.9011 49.1953 21.5642  44.722 57.0813 77.8594 43.9663
46.1193 31.7025 8.61536 39.9969 16.8426 88.2158 20.2009 21.9763 42.0747       0 28.6757  9.0059 12.8108 9.53596 22.3007 10.8211  42.449 60.8992 53.3292 58.4474 47.5553 50.3824 32.0371 36.0953       6 18.8826 20.3745 54.2018 6.34716 27.9728 58.0747 18.1311 30.6126 24.2654 57.5886      35 40.5897 32.0331 12.2271      26 16.1551 74.4842 6.72313 23.8128 11.6782 28.5026 25.2585 17.2113 68.1128 22.8247 64.7419 20.6246 96.1556       7
24.3513 12.8088 20.5276 34.4175 44.5813 62.4461 8.48554 44.8622 33.9412 28.6638       0 33.5885 16.1712  37.662  6.4074 27.4086 28.8608 41.6131  36.801      36      24 31.1465 19.1079 12.1853 25.1806 10.0072  21.118 46.1103 33.9756 10.0043 47.2133      20 20.0045      28 43.0876 27.8103 18.4601 37.0624 20.8233  23.696 43.8935  69.345 30.8064 42.3561 39.6319 15.8243 17.2806 24.7607  42.344  16.758 78.3961 49.2797 70.3876 34.2914
48.5467 34.2027 13.5793 34.4341 20.0759 91.6923 26.0215 15.3177 39.8498 8.98642 33.6176       0 17.4286 7.09023 28.0077 19.7585 43.7662 62.8085 55.1837  60.753 50.2835  52.383      32 39.6104 8.42626 25.1324   28.99 49.3507 11.7784 31.1232 55.1936 19.7916 32.4412 33.2779  56.051 32.6623 43.0715  25.376 20.5041 27.3007 19.3893 68.6807 14.8713 18.7568 14.2324 30.7791 33.3664 26.1317 67.7325 24.9709 60.9105 18.8123 99.6328  4.1411
33.6917 18.9962 4.24285 32.1384 29.5343 75.4374 8.70396 28.6665  34.635 12.8111 16.3189 17.4077       0 21.4044 10.9215 16.0504 32.0836  49.754 42.5723 46.2506 34.9477 38.7795 21.4312 23.3349  8.9743 8.94071 18.5557 47.1154 18.9548 15.2532 49.8432 11.2853 20.7411 24.8006 48.7947 27.4107 27.8855 35.6226  10.844 19.5263 28.8515 41.8563 16.7878 32.0406 24.4311 17.3783 19.9446 18.0341 55.3342 13.0919 76.7138 33.3716 42.8179 18.0523
53.0146 38.6737 17.2398 41.6474 13.7936 96.1649 29.6693 22.1143 45.5623 9.63582 37.7639 7.08915 21.4101       0 31.7687 18.3749 48.5108  67.268 59.6482 65.2131 54.7534 56.8441 38.5085 44.0837 12.7292  28.396      29 56.1878  7.8936 35.5982 62.0307 24.2529 36.9017 31.9829 62.8882 40.7472 47.5429  32.213 21.5419 31.7661 13.1031 67.2907 12.4246 25.4958 7.63385 35.2415 34.6667 25.3677 76.0622 29.4328 55.3298  12.217 104.105 3.61132
     29 15.5475 14.9229 34.6685 38.2061 68.3507 2.24417  39.372 35.2393 22.2076 6.40461 28.1105  10.794 31.8507       0   21.39 31.4148 46.1426 40.2863 41.2254 29.2954 35.2901  20.613  17.137 19.5205 3.61919 16.1435 47.7234 27.6004 11.7287 49.4169 17.0819 20.8241 23.3633 46.4822 28.4311      23 36.5101 14.8017 22.2113 37.5183 68.2815 24.4299  42.476 33.2565 16.6563 13.9042 19.1265 13.9565 15.0041 43.7153 42.9109 76.2912 28.8292
49.5843 34.9117 13.6255 47.4722 12.8084 89.1442 19.9179 32.5893 49.3045 10.8275 27.3793 19.8069  16.051 18.5742 21.3722       0 48.4784 65.6482 58.2444 62.1423 50.4895 54.6736 37.3264 38.3273 15.0055 17.9304  11.592 61.4775      11 30.4327  65.005 25.0235 36.6363  13.662 64.3406 42.0563 43.7768 42.5795 6.72319 33.2669 19.7259 65.9313       6 35.9618 15.5984 33.2734 17.6069       7 69.5282 28.8965  71.931 26.0681 97.5717 17.3005
12.0036 16.1374 35.1701 12.7161 58.8284 61.9193 31.6479 28.8466       8 42.5284 28.8507 43.7565 32.5715 48.5494 31.4106 48.4742       0  20.478  12.836 20.0063      16 10.3836 11.1982 18.4427  36.517 33.5505 47.1866 17.8631 48.6835 19.7195 18.6902  24.351      12  54.488 17.5928 9.22312 13.4987 19.8534 43.2336 17.1142 58.1415 38.4757 48.1167 25.2399 53.4106 15.3152 45.2152 49.1757 41.8151      20   50.14 59.9828 69.8585 45.0672
17.2806  31.049 53.3819  31.597 77.5197 63.3476 47.0728 49.0414 25.6789 60.9005 41.6123 62.8157 49.7178 67.2954 46.1376 65.6206 20.4859       0 9.90048 8.60554 18.4072 11.0653  28.884 29.4462 55.1085 49.0728 62.2577 23.8878 67.2107  35.049 17.1366  43.042 30.3914 69.4256 11.2481 29.3413 23.2636 40.1106 60.4404 36.4402 76.8328 42.5216 66.3356  45.435 72.1572 32.5792 58.8754 65.0823 43.2432 38.1007 54.1833 79.4651 71.2866 63.8096
14.1758 24.7583 45.8547   25.61 69.9037 63.5684 40.8104 41.3857 20.2389 53.3297 36.7976   55.17 42.5743 58.0259 40.2808 58.4769  12.822 9.89966       0 14.3666 17.3748 7.21542      21 25.0822 47.5001 42.7854 56.3164 17.9559  59.627 28.6579 12.1915 35.4076 22.7641 63.5812 6.41573 21.6857 18.8929 32.4554 53.2372 28.7678 69.2167 37.0394 58.8091 37.7782 63.6771 25.2655  53.787 58.6366 43.4641 30.5732  33.309 71.8349 71.5075 56.1908
12.8409  27.269 50.3939 33.0645 75.1563  55.656 42.4502 48.9264   28.29  58.412      36 60.7399 46.2731 65.2314 41.2266 62.1709 20.3632 8.60835 14.2446       0      12 10.0022  26.968 24.1072 52.8274 44.4326 57.0747 30.5939 64.7359 31.0822  24.719   41.21 28.9274      64 18.5812 29.2286 18.4602 39.9946 55.7571 35.6583 74.4684 49.6815 63.0117 45.3195 69.8878 29.9881 53.1233 60.3381 35.5517 35.7996 61.3415 77.3994 63.5952 61.7492
      4 16.1429 39.0892 28.4717  64.443 46.2177 30.6139 43.0097 24.0053 47.7023      24 50.2725 34.9586 54.7616 29.2965 50.4926 16.0053 18.4114 17.3689      12       0 10.1889  17.808  12.185  42.231 32.5776 45.0747  33.594 53.8557 19.7236 29.4898  31.249 20.0043      52 23.6456 23.4142 7.22392 34.1103 43.9029 27.2088 63.7566 54.2062 51.6948 39.4035 59.2608  19.854 41.1366 48.4023 26.1155 25.6211 65.8669 66.9294 54.1589 51.2769
7.21625 20.0915 42.8187  23.118 67.0413  56.408 36.1272 38.9393 18.3041 50.3661 31.1333 52.3533 38.7763 56.8512 35.2837 54.6791 10.3756 11.0644 7.22602  10.006 10.1828       0  18.373 19.0101 44.5589 38.1273 51.4124 25.0651 56.6901 24.0915 19.2833 32.6132 19.7236 58.5761 13.4563 19.2385 12.8119 30.0082 49.3756 26.2456 66.3526 44.0803 55.5195 35.3324  61.697 21.6086 48.2992 54.1273 36.3037 27.5811 55.7406 69.0204 64.3471 53.3743
15.1716  6.7456 24.5249 15.8301  45.911 61.4597 20.6384 27.8086 14.8679 32.0382 19.1079 34.0401 21.4165 38.5321  20.606 37.4178 11.2002 28.8824 21.3649   26.95 17.8086 18.3781       0  12.137 26.2751 22.4962 36.0937 27.2111 38.3515 9.22069 28.8382 14.3426 2.24417 43.3571 27.5494  9.0059 11.2964 18.9098 32.0788 9.43953 48.0027 47.8057 37.3587 24.1999 43.3551  4.1411 34.4971 38.0269 41.3559 9.24018 59.4675 50.7009 69.4017 35.0548
12.1853 6.36917 27.4952 27.6746  52.846 52.1554 18.4597 39.9702  25.349 36.1097 12.1833 39.5813 23.3434 44.0729 17.1631   38.27  18.443 29.4477 25.1133  24.106 12.1837 19.1279   12.17       0 31.5183 20.4162      33 36.2453 42.2366 8.48554 37.0826 21.6387      14  40.074  31.459 20.9374 6.34713 31.0729 31.7407 20.4923 49.2223 56.8619 40.0479 36.3685 47.7394 11.4497 29.4462 36.2551 32.0508 16.1886 68.5217 56.2386 81.9752 40.5886
40.5467  26.142  5.1691  32.578 21.8468 83.6193 17.5996 19.6717 36.1628       6 25.2408 8.39471  9.0034 12.7295 19.6302 15.0031 36.5158 55.1064 47.5011 52.8415 42.2366 44.6308 26.2728 31.5392       0 16.8961 22.1156 48.2397  12.185  23.054 52.0748 12.1837 24.7592 27.2654 51.5886      29 35.1561 29.6599  13.573      20   21.75 68.5645 12.4181 23.0419 17.1142 22.8709 25.6467 20.0546 60.8234 17.1108 67.9797 24.8491 91.5591 9.28002
32.0967 18.6582 11.5315 35.6781 34.7421  71.852       2 36.2581 36.7377 18.8823 10.0029 24.9942 8.97866 28.4019 3.61132 18.2501 33.5538 49.0682 42.7948 44.4313 32.5761 38.1203    22.5 20.4146 16.6777       0 13.7865 49.2681 24.7227 14.1621 51.3477 16.2247 22.3846  21.055 48.9794 29.6995 26.0997 38.1895 11.3493 22.6274 34.0551 46.0063  20.962 39.6298 29.7943 18.4113  12.808 16.0453 51.7469 15.6228 81.4261 40.1434 79.7906 25.2427
45.0747 31.5959 18.0381 48.8291 25.7932 83.4564 15.6394 40.9155 50.1294 20.5729 21.1169  29.377  18.534      29 16.1451 11.4497   47.18 62.2632 56.3211  57.074  45.074 51.3852 36.0843      33 22.1777 13.7915       0  62.654 22.3646 27.6827 64.9121 28.6306  35.876 7.29926 62.5189 42.9899 39.0747 50.9657 8.64304 35.5162 26.7905 83.1085 17.3702 44.3654 27.0532  31.979 6.40661 5.00247 63.3514 28.6834 81.7246 37.5255 91.3954 27.5476
29.5377 33.3095 47.8747 15.1513 69.3768 79.4658 47.5218 34.1607 12.5441 54.1706   46.11 49.3453 47.1093  56.047 47.7148 61.4722 17.8555 24.2068 18.1196 30.6495 32.1227 24.7325 27.2069 36.2596 48.1706 49.2616 62.6358       0 60.1584 36.4053 7.81277 36.4819 26.9365 69.8397 12.8795 19.7195 31.3905  24.047 57.2738 28.2457 67.3141 20.6333 60.4145  31.047 63.5295 31.0716  61.596 64.4304 59.3616 34.0398 32.2966 66.5198 87.4052 53.0463
52.4448 37.9143  14.803 45.9434 10.6495 94.3831 25.5108 26.6045      48 6.34344   33.98 11.7629 18.9618 7.91494 27.6019      11 48.6819 67.2094 59.6267 64.6563 53.8441 56.7088 38.3501 42.2641 12.1837 24.1424 22.5792 60.1478       0 34.1449      64 24.3495 36.8975 24.4701 63.6578 41.0741 46.7808 36.6096  15.374 32.0828  9.9601  50.353       5 29.9915 5.65724 34.8278 28.3803      18 74.2783 29.1432 60.9341 15.7408 102.321 7.81402
18.5309       4 19.3889  24.423 44.7409 60.5873 12.1833 36.0246 24.0903 27.8854 10.0026 31.0961 15.2651 35.5874 11.7256 31.1559 19.7246 35.0469 28.6624 31.0754 19.7197 24.0832 9.22096 8.48545 23.0332 14.1603 27.6773 36.4063 34.1541       0 37.8145 13.5002 10.0043 34.9476 34.8586 17.8077 12.6709 27.1257  25.327  14.356 44.0546 36.1011 31.9972 32.4099 39.6327 5.84463 25.5166 30.0879 40.4829 8.28784 68.6724 48.7366  68.526 32.1044
26.3761 34.4533 51.5147 20.4162 74.0629 75.4057 49.5123 40.0463      16 58.0739 47.2459 55.1951 49.8417 62.0376 49.2731 65.1036 18.7193 17.1694 12.1347 24.4654 29.3842  19.212 28.8901 37.1264  52.074 51.3615 64.9353  7.8114 64.0618 37.8386       0 40.2293 29.1531 72.1901 6.13761 23.1093 31.0138 29.8549 60.5043 32.0827 73.3768 25.4317 64.3064 36.6944 68.4303 32.9724 63.3098 66.8038 54.0372 36.8973 37.0933 72.4248 83.3448 59.3084
29.2839 15.6249 11.4216 22.4028 34.5371 73.3655 15.3041 31.0404 24.3513 18.1323      20 19.7786  11.281 24.2743  16.833 25.0241 24.3495 43.0354 35.4152 41.1985 31.2471 32.6301 14.3374 21.6509  12.185 16.1721 28.6521 36.6189  24.351 13.5642 40.2309       0 12.6709 34.8807 39.5649 17.1382 24.0881 24.9084 20.8367 8.26776 33.8509 56.8928  24.058 30.1979 29.1468 11.4041 28.8177 28.0468 53.2609 5.65713 68.5542 35.8664 81.3048  20.792
17.2342 8.28723 23.2137 14.4321 47.1621 63.6931  20.606 26.1729  14.438 30.6139 20.0035 32.4343 20.7328 36.9231  20.813 36.6356      12 30.3871 22.7701 28.9102 20.0061 19.9857 2.25004      14 24.7607   22.38 35.8737 26.9429 36.8991 10.0026 29.1507 12.6732       0 43.1377 28.0805 7.81206 13.5642 17.2748 31.3951 7.21507 46.4745 47.4748  36.159 22.5676 41.7892 4.24266 34.6769 37.6962 43.5819       8 59.1396 49.0927 71.6475 33.4423
52.1885 38.8539 24.0417  56.034 23.4661 90.1606 22.8927 45.5338 57.3429 24.4601      28 33.4952 24.7677 32.2847 23.3655 13.8115 54.4459 69.4272 63.5865      64      52 58.6138 43.3506 40.0747 27.2093 21.0593 7.30188 69.8669  24.719 34.9517 72.1739 34.8701 43.1157       0 69.7864 50.1974 46.2086 55.5278 14.1422  42.723 24.4508 90.3182 19.7205  48.908 28.2267 39.2438 11.4218 7.22602 70.0561 35.9342 84.7888 38.3876 62.7038 31.1226
20.6258 30.9158 50.7442  21.568  73.794 69.5947 46.9744 40.9278 16.2235 57.6012 43.0509 56.0561 47.5406  62.898 46.4401 64.3314  17.588 11.3661 6.41245 18.3661 23.5432 13.4547 27.5235 31.4428 51.6012 48.9414 62.4724 12.7161 63.3296 34.8141 6.16999 39.5756 28.0826 69.7375       0 22.6313 25.2947 30.8962 59.4572 31.6074 73.1057 31.3091 63.6193 37.4129 68.3697 31.4192 59.9754 64.3192 49.4905  35.922  42.971 73.2831  77.534  59.994
19.5226 15.7434  28.461 6.75232 51.2225 68.2937 28.0228 19.7341 7.30188      35 27.8076 32.8145 27.4069 40.9014 28.4305 42.0556 9.22045 29.3201   21.68  29.217 23.5082 19.2257  8.9743 21.5154      29 29.6898 42.9698 19.7246 41.0747 17.8077 23.1106 17.1368 7.81158 50.1719  22.379       0 18.1694 10.8311 37.8545       9 50.5359 40.1344 41.2102 16.1279 45.7978 12.0434 42.2067 44.8358 48.1917 14.3372 51.7941 52.0874 76.2373 37.4189
      6 8.96586 32.0244  24.356 57.3165  50.315 24.1072 37.5847 21.2564 40.5702 18.4578 43.0686 27.9017 47.5524      23 43.7957 13.5676 23.2539 18.8852 18.4581 7.21724 12.8206 11.2203 6.34353 35.0201 26.1008  39.074 31.4364 46.7924 12.6732  31.092 24.0882  13.488 46.2072 25.3149 18.1366       0 28.6878 37.4171 20.6997 56.6319 52.0545 44.6262 33.9784  52.055 12.7286 35.7113 42.1006  30.211 18.4426 63.7111 59.7218  58.254 44.0726
30.5195 25.4859 34.8042 9.50726 43.7562  79.076 36.6262 10.2181 14.7796 32.0444 37.0753 25.3754 35.6092 32.2182 31.4694 40.2077 19.8545 40.0968 32.4559 40.0009 34.5081 30.0103 18.8033 30.8077 29.6798 38.2006 50.7705 24.0463   36.62 27.1254 29.8525 24.8016 17.2341  55.517 30.9502 10.8358 28.8855       0   42.21 16.5595 44.7205 15.2832 38.7217       7 39.5595 21.2764 50.8383 48.3434 58.9742 22.6253  55.188 42.6134 87.0122 29.4887
43.4111 29.3269 9.89952 43.2034 25.4929      20 13.0004 32.3909 45.1076 12.2034 20.7872 20.7191  10.831 21.3647 14.7803 6.72745 43.2396 60.3219 53.2301 55.7496 43.8245 49.3737 32.0866 31.7354 13.5887 11.3378 8.58411 57.2797 15.3072 25.3312 60.5016 20.8265 30.9326 14.1422 59.4528 37.8587 37.4145 42.3797       0  29.065 24.8088 77.7009 10.8207 30.4173 20.6865  28.034 13.1694 7.21741 62.9374 23.7492 75.9816 31.0373 90.9802 19.1722
24.2875 14.3666 19.6674 14.1032 42.2229 70.9212 21.2648 25.5144 16.1451      26 23.5493 27.4144 19.5179 31.9018 22.2075 33.2688 17.1108 36.4206 28.7888 35.6653 27.2099 26.0895 9.44617 20.7078      20 22.6274 35.4947  28.313 32.0835 14.2446 32.0836 8.26506 7.22808  42.698 31.2792       9 20.7323 16.6156  29.075       0 41.5363 48.5982  32.207  21.908 36.7981 9.16943 35.3822  35.799  50.817 7.21542 60.2589 44.0696 78.8609  26.949
62.1728 47.7545 24.6911 54.1555       1 104.274 35.4302  34.675 57.3715 16.1485 40.0046  19.393 28.8528 13.0865 37.5212  19.826 58.1326 76.8237   69.21 74.4978 63.7366 64.0538  47.992  52.155 21.7392 34.0601 26.9843 68.6994 9.95961 44.0353 73.3622 33.8407 46.4643  24.763 72.9063 50.3751  56.642 44.7245 24.8429 41.3931       0 72.2812 14.0697 38.1026 5.65688 44.5424 31.5668 22.4855  84.168 38.8163 60.3215   14.17  112.21  15.274
50.1777 34.1812 68.1589 35.1224 73.2643 100.277 68.0377 53.4743 33.0567 74.4522 66.7532 68.6919 40.6141 66.9161  68.278 81.7564 38.4834 42.6471 36.9978 47.9014 54.1777 44.0742 47.8153 56.8898 68.4522 48.5288 83.0811 20.6459 73.0016 57.0249  25.496 56.7654 47.4769 90.2836 31.3419 40.1274  51.978 43.5361 77.5583 48.5284 72.2643       0 78.0016 50.5203  68.703 51.6408 82.1484 84.7681 80.1743 54.4388      12 58.4832 108.217 43.1938
50.4446 35.7732 13.1709 46.4719 14.7172 92.1655 22.3545 28.7235 48.2944 6.73053 30.8227 14.8759 16.7854 12.6219 24.4431       6 48.1152 66.3208 58.7929 63.0022 51.8553 55.5337 37.4635  40.065 12.4182 20.9766 17.5792 60.6769       5 32.0012 64.3107  24.047 36.1567 19.5049 63.6091 41.2098 44.6371 38.7138 10.8303 32.2121 14.0318 77.8893       0 32.0963 9.90919 33.7976 23.4739      13 72.0626 28.2439 65.9276 20.3745 100.105 11.6869
33.6081 30.7486 28.1749 16.2972 38.7825 84.2814 40.6788 3.63176 21.2134 25.4231 42.3657 18.7516 32.0596 25.5977 42.4946 35.9781 25.2629 45.4425 37.8035 45.3466 39.6279 35.3559 19.4507 36.1301 23.0575 39.7508 44.2029 31.0463 29.9984 32.4106 36.6928 30.0998 22.5509 48.9079  37.408 16.1494 34.0855       7 35.6057   21.86 38.0989  50.511 32.0993       0 32.9339 26.5672 48.1719 41.6993 64.1767  27.917 62.1686 35.9863 92.2189 22.8628
57.5999 43.1838 20.2585  48.996 6.40483 99.8447 31.1676 29.4823 52.4155  11.672 39.6361 14.2467 24.4284 7.63916 33.2578 15.7872 53.4051 72.1495 64.5286 69.9171 59.2793 61.7012 43.3525 47.7275 17.1108 29.7984 27.2908 63.5357 5.65713 39.6075 68.1383 29.1417 41.7838 28.2166 68.2399 45.6449 52.0716 39.5609 20.7341 36.6641 5.65687 53.1714 9.95671 32.9415       0 39.9545 33.3874 22.7465 79.7414 34.2031  56.861 10.4931 107.784 10.2156
17.8883  5.1691 20.9467  18.606 45.2304 62.3321 16.5728 30.1788  18.607 28.4935 15.8154 28.8682 17.3576 35.2678 16.6512 33.2603 15.3177 32.5768 25.2521 29.9939 19.8527  21.902 4.14429  11.592 22.8751 18.4072 32.0054 31.0769 34.8172 5.83704 32.9609 11.4071 4.24266 39.2475 31.4372 12.0434 12.7284 21.2821 28.0205 9.13662 42.4742 51.6369 33.8987 26.5769 39.9542       0 30.5389 33.9048 42.2288 5.84677 63.3021 47.4178 70.2751 31.7875
41.6145 29.1842 21.3999 48.3152 32.0529 78.9701  14.215 44.9555 49.1103 25.2462 17.2821 33.5268 20.0731 34.4445 13.9107 17.5505 45.2196 58.8768 53.7905 53.1302 41.1379 48.3491 34.5035 29.4478 25.8609  12.802 6.40439 61.6035 27.9995 25.5227 63.2865 28.8628 34.6882 11.4239 59.9149 42.2083 35.7133 50.8277 13.1366 35.3846 33.0609 82.1492 23.1788 48.3167  33.088 30.5462       0 11.4037 58.8651 28.3216 88.9091 43.5651 86.9093 32.1366
48.1109 34.0791 17.0324 50.4139 21.3347 87.1819 18.0298 38.3503 51.9089 17.3187 24.7592 26.3383 17.9126 25.5812 19.1259       7 49.1726 65.0787 58.6378 60.3408 48.4014 54.1224 38.0242 36.2483 20.0045 16.2835 5.00604 64.4301      18 30.0925 66.7964 28.0361 37.7017 7.21542 64.8224 44.7716 42.1049 43.0233 7.22415 36.2799 22.3354 84.9121      13 41.7243 22.5174 33.9044 11.4063       0 67.0768 29.7616 78.5077 33.0219 95.1208 24.1189
29.9405 37.6201 59.4778 53.5924 84.8248  20.121 49.8445 65.2366 49.8666 68.0896   42.32 71.5726 55.3113  76.044 48.2193 69.5273 41.8666 43.2427 43.5009 35.5218 26.1141 36.3757 41.2532 29.5669 60.9841 51.7141 63.3397 59.4414 71.6011   40.47 55.3371 53.2438 43.4863 70.0485 49.4742 47.9421 30.0467 58.5654 62.9434 50.6298 84.1396 80.1731 72.0053 63.8528 79.7194 42.2016 58.8624  67.058       0 47.6044 91.8366 88.2123 28.0954 72.5686
23.7077  10.006 15.3049 20.1161 39.5138 67.7308 14.1422 31.5205 21.5685 22.8267  16.561 24.9659 13.0859 29.4585  15.003 28.8928      20 38.0994  30.088 35.7991 25.6166 27.5803 9.23847 16.2112 17.1142 15.6228 28.7053 34.0442 29.1449 8.37514 36.8996 5.65724       8 35.8546 35.9207 14.3438 18.4423 22.6225 23.7483 7.22603 38.8273 54.4445 28.1852 27.9162 34.2061 5.84011 28.3305 30.4902 47.6275       0 66.1078 41.6268 75.6701 25.9763
61.8271 65.6108 72.5495 46.7729 61.3028 111.913 79.6919  65.125 44.7109 64.7889 78.4096 60.8933 76.7069 55.3213 79.9328  72.009 50.1394 54.2799 33.3107 61.1596 65.8271 55.7157  59.471 68.5452  67.957 81.4091 83.5869 32.2989  61.009 68.6806  37.121 68.4185 59.1313 84.7557 42.9753 51.7809 36.4301 55.1894 76.2141 60.1813 60.3028      12  66.009 11.4064 54.4486 63.2958 89.2861  79.009 91.8081 66.0923       0 46.5219  119.85 58.7119
65.1834 50.8354 29.1402 52.0375  15.137 108.329 40.7985 32.4079  57.078 20.6221 49.2718 18.8087  33.356 12.2108 42.8967 26.4355 60.6789 79.4356 71.8168 77.0972  66.921 69.0072 50.6754 56.2472 24.8413 39.4767 37.9558 66.5183 15.8214  47.762 72.4198 36.4205 49.0702 38.5088 73.2789 52.0985 59.7679    42.6 31.2122 43.9342  14.137 58.5003 20.4855 35.9847 10.6149 47.4094 43.9478  33.379  88.224 41.6009 46.5371       0 116.269 15.8159
 58.049 65.6608 87.5204 81.6262 112.867 8.95982 77.8861 95.4685 78.0115 96.1328 70.3617 99.5926 83.3531 104.088 76.2609 97.5705 70.0115 71.2821 90.4008 63.5609 54.1613 64.4234 69.2503 60.0705 91.5339 100.564 91.3825 87.5981 102.281 68.5139 102.162 81.2845 71.4869 98.0911 77.5193 74.2915 58.0851 86.5766 90.9868  78.786 112.182 108.214 100.051  91.863 107.761 70.2464 86.9039 95.0965  28.095 75.6504 119.871 116.258       0 100.609
49.5379 35.2005 13.9378 38.9247 15.2525 91.9076 26.6696 19.4367 43.9643       7 34.4384 4.14429 18.0572 3.61919 28.8769 17.2113 45.0368 63.5518 56.1768  61.738 51.2786 53.3648 35.0344 40.6062 9.27897 25.2974 27.3657  53.047 7.81155 32.1237 59.3077   20.78 33.4299 30.8488 59.8716 37.2753 44.0714 29.4898 19.0591 28.2962 15.2692 70.6855 11.6784 22.8711 10.2293  31.771 32.1686  23.865 72.5792 25.9587 58.7267 15.8294 100.624       0


DIST COST NODE
     0 14.5602 37.3363 24.3311 59.1354 44.2719 30.0666 37.0135      20 45.6946 24.3311 46.0435 33.5261 52.4786      29 48.8365      12 17.2627 14.1421 12.6491       4  7.2111 14.8661 12.1655 40.2492 32.0624 45.0444 28.2312      52 18.4391 25.6125 28.8444 16.9706 52.1536 20.5183 19.3132       6 29.9666 42.4264 24.0832 59.4643      35 50.2892 33.6006 57.2713 17.4929 41.5933 48.0416 25.0599 23.3238      37 64.6607 50.9902 48.8774
14.5602       0 22.8473 22.3607 44.5982 33.2866 16.1245 26.5707 21.2603  31.305 12.8062 32.5576 18.9737 38.6005 15.5242 34.3657 16.1245 31.0161 24.7386 27.2029 16.1245      20  6.7082 6.32456 26.0768 18.1108 31.5753 33.3017 37.5766       4      34 15.6205 8.24621  38.833 30.6757 15.6525 8.94427 23.0217 28.0713 14.1421 44.9444 34.0147 35.7351 23.7697 42.9418 5.09902 29.1548 34.0588 17.8885      10 31.0644 50.8035 38.6264      35
37.3363 22.8473       0 32.8938 21.8403 27.8927  12.083      20 35.6931 8.60233 20.2485 13.3417 4.24264 17.2047 14.3178 13.6015 35.0143 52.9528 45.0999   49.98 38.9102 41.9762 24.1868 27.4591 5.09902 11.4018 18.0278 47.8017 14.7648 19.2354 51.4782 11.4018 23.0217 24.0416   50.01 28.4429 31.7805 26.0768 9.89949 19.6469 22.1359 41.3401 13.1529 20.5183 20.2485 20.3961 20.8806 17.0294  28.178 15.0333 31.8277      29 27.4591 13.8924
24.3311 22.3607 32.8938       0 52.2398 53.7401 34.0588 19.6469 5.65685 38.4708 34.4093 34.0588  31.305 41.1096 34.6554 46.4866 12.6491 29.6985  19.799  32.249 28.2843 22.3607 15.6525 27.2029 32.5576  35.609 48.5489 15.1327 44.1814 24.4131 20.3961 21.5407 14.4222 55.5698 21.4709  6.7082 24.0832 9.48683 42.0476 13.4164 52.1536 11.7047  44.911 16.2788      48 18.6011 48.2701 49.1935 40.2492      20 13.6015 51.9711 57.2014 38.0132
59.1354 44.5982 21.8403 52.2398       0 35.8469 31.0644 34.4819 56.0089 14.0357 39.4081 19.3132  25.632 13.6015 33.0151 12.8062 56.4358 74.7329 66.6108 71.7844 60.5392 63.7887 45.8912 48.7545  20.025 29.4109 23.7065 67.3647 8.06226 40.8534 72.0069 32.1403 44.5533 23.3452 71.1758 49.0102 53.4883 43.7379  19.105 40.0125       1 58.2409 8.94427 36.8782 6.40312 42.2019 30.0167 18.7883 46.0109 36.6742 46.8188 15.0333 29.6142 15.2315
44.2719 33.2866 27.8927 53.7401 35.8469       0      20 47.0106  54.037      32 20.5913 40.1995      26 41.1096  19.105 23.7697 49.3964 61.4003 57.2713 54.9181 43.1741  51.264 39.2046  32.311 32.5576  18.868 12.3693 66.4003 34.5254      30 67.2309 34.9857 39.6989 14.1421 63.5059 47.4236 38.6264 50.2195      20 41.2311 36.7696 64.5368 29.6142 46.5296 39.2938 35.4683 7.07107  17.088 20.0998 34.0588 57.4543 49.7293 8.94427      39
30.0666 16.1245  12.083 34.0588 31.0644      20       0 27.8927 34.9857      20 8.48528 25.2982 8.24621 29.1548 2.23607 19.3132 31.6228 47.0106 40.7922 42.4264 30.5941 36.0555 20.6155 18.4391  17.088       2 15.5242 47.5079 25.4558 12.1655 49.3964 15.2315 20.5913 22.8035 46.5725 28.0179 24.0832 30.2324 12.6491 21.2603 31.6228 44.5982 22.2036 26.9258 31.1127 16.5529 14.2127      18 16.1245 14.1421 37.5899 40.6079 23.3238 25.9422
37.0135 26.5707      20 19.6469 34.4819 47.0106 27.8927       0 24.6982 21.9545 33.0151 15.2971 21.0238 22.0907 29.6142 32.0156 28.6007 47.7074 38.0789 48.1041 40.2244 38.2884 22.4722 32.8938 17.0294 28.4605 38.0132 34.1321 26.5707 25.4951  40.025 13.0384 20.2485 43.9318 40.8534 19.4165 33.6155  10.198 29.8329 13.0384 34.2053 23.7697 28.6531 3.60555 29.4279 21.5407 40.2492 36.7967 41.0122 17.2627   12.53 32.3883 47.4342 19.4165
     20 21.2603 35.6931 5.65685 56.0089  54.037 34.9857 24.6982       0 42.0476 33.9411 38.4708 33.5261 45.5412 35.2278 49.2443       8 24.0416 14.1421 26.8328      24  17.088 14.8661 25.0599 36.0555 36.7151 50.0899   12.53      48 24.0832      16 24.3311 14.4222 57.2713 16.1555 7.28011 20.8806 14.7648 44.2719 16.1245      56      15 48.2597 21.1896 52.1536 18.6011 49.0918  51.264  38.833 21.5407 19.2094 56.7539 58.3095 42.2966
45.6946  31.305 8.60233 38.4708 14.0357      32      20 21.9545 42.0476       0 28.4253 8.94427 12.8062 9.48683 22.2036 10.8167 42.4264 60.8769 52.6118 58.3095 47.4131      50 32.0156 36.0555       6  18.868 20.2237 53.6004 6.32456 27.7849 58.0345 18.1108 30.5941 24.1661 57.1402      35 40.2492 30.3645      12      26 14.1421   45.31  6.7082 23.7697 11.6619 28.4605   25.02  17.088 36.0555 22.8035 34.4819 20.6155 29.1204       7
24.3311 12.8062 20.2485 34.4093 39.4081 20.5913 8.48528 33.0151 33.9411 28.4253       0 33.1059 16.1245 37.4433 6.40312 27.2947 28.8444 41.5933 36.7696      36      24 31.0483  19.105 12.1655 25.0599      10  21.095 46.0977 33.9411      10 46.6476      20      20      28 42.9535 27.8029 18.4391 32.8938 20.5913 23.4094      40  45.793 30.6105  31.257  39.598 15.8114 17.2627 24.7386 8.24621 16.4924 40.8044 49.0408 26.6833 34.1321
46.0435 32.5576 13.3417 34.0588 19.3132 40.1995 25.2982 15.2971 38.4708 8.94427 33.1059       0  17.088 7.07107 27.5136 19.7231 40.4969 59.6154 50.5964 58.3095 48.4149 49.1935 31.3847 38.2099 8.24621 24.7386 28.8617      49 11.6619 29.7321 54.3323 17.2047 29.5296 33.1059 54.3415 32.0156 41.2311   25.02 20.3961 23.4094 18.9737 39.0512 14.8661 18.0278 14.1421 28.6007 33.1361      26 41.2311 22.8035 27.5136 18.7883 37.9473 4.12311
33.5261 18.9737 4.24264  31.305  25.632      26 8.24621 21.0238 33.5261 12.8062 16.1245  17.088       0 21.4009 10.4403 16.0312 32.0624 49.4975      42 46.1736 34.9285 38.4708      21 23.3238 8.94427       8 17.6918 45.8803  18.868 15.2315 49.0306      10 20.0998 24.4131 47.1699 26.2488 27.8568 25.4951 10.7703 17.8885      26 40.6079 16.7631 20.8087 24.4131 17.0294 19.2354 17.8885 24.1661 12.1655 32.0156 33.2415 26.9072 18.0278
52.4786 38.6005 17.2047 41.1096 13.6015 41.1096 29.1548 22.0907 45.5412 9.48683 37.4433 7.07107 21.4009       0 31.3847 18.2483 47.4342 66.4831 57.5674 64.8845 54.6443 55.9464 38.0132 43.9318 12.7279  28.178      29 56.0089 7.61577 35.4683 61.4003 23.7065 36.2491 31.7805 61.3922 39.0512 47.4342      32 21.2132 30.3645 13.0384 45.7056 12.3693      25 7.61577 34.9857 34.2345 25.1794 45.2769 29.1548 33.9559 12.2066 37.3363 3.60555
     29 15.5242 14.3178 34.6554 33.0151  19.105 2.23607 29.6142 35.2278 22.2036 6.40312 27.5136 10.4403 31.3847       0 21.0238 31.3847 46.0977 40.2616 41.1947 29.2746 35.2278 20.5913 17.1172 19.3132 3.60555 16.1245 47.7074 27.5862 11.7047 49.2443 16.7631 20.8087 23.3452 46.1736 28.4253      23 31.3847 14.3178 22.2036 33.6006 45.4533 24.2074 28.4605 33.2415 16.6433 13.8924  19.105 13.8924      15 38.9102 42.8019 23.2594  28.178
48.8365 34.3657 13.6015 46.4866 12.8062 23.7697 19.3132 32.0156 49.2443 10.8167 27.2947 19.7231 16.0312 18.2483 21.0238       0 48.0937 65.2763 58.0086 61.3922 49.7293  54.231 37.0135 37.6431      15 17.4642 11.4018 61.4003      11 30.4138 64.9384      25 36.1248 13.6015 63.1981 41.9762 42.9535 39.3573  6.7082 33.2415 13.6015 54.5894       6 33.2866 15.5242      33 17.4642       7 33.4215 28.1603 44.4072 25.9615  19.105  17.088
     12 16.1245 35.0143 12.6491 56.4358 49.3964 31.6228 28.6007       8 42.4264 28.8444 40.4969 32.0624 47.4342 31.3847 48.0937       0 19.2354  10.198      20      16      10 11.1803 18.4391 36.4966 33.5261 47.1275 17.8045 48.6621 19.6977 17.8885 24.3311      12 54.4059 15.1327 9.21954 13.4164 19.8494 42.4264  17.088 56.5685      23 48.0937      25 53.3667 15.2971 45.1885 49.0306 32.5576      20 25.9422 59.2368  54.626 43.9659
17.2627 31.0161 52.9528 29.6985 74.7329 61.4003 47.0106 47.7074 24.0416 60.8769 41.5933 59.6154 49.4975 66.4831 46.0977 65.2763 19.2354       0 9.89949 8.60233 18.3848 11.0454 28.8617 29.4279 55.0818 49.0102 62.2013 23.7697 67.1863 35.0143 17.0294 43.0116 30.3645 69.3542 11.1803 28.3019 23.1948 38.4187 59.0762 36.2491 74.9533 36.2353 66.0984 44.1022 72.1249 32.5576 58.8558 65.0077 41.7852 38.0789 43.1856 78.3901 68.2495 62.9682
14.1421 24.7386 45.0999  19.799 66.6108 57.2713 40.7922 38.0789 14.1421 52.6118 36.7696 50.5964      42 57.5674 40.2616 58.0086  10.198 9.89949       0 14.1421 17.2047  7.2111      21 25.0599 46.6905 42.7551 56.2939 16.0312 58.8558 28.6356 11.6619 34.5254 22.0907  63.561 6.40312 18.7883  18.868 28.6007 52.1536 27.2029 66.7533 26.9258 58.2151 34.4819  63.561   25.02 53.7587 58.5491  38.833 30.0666 33.3017 69.2892 63.2456 54.1202
12.6491 27.2029   49.98  32.249 71.7844 54.9181 42.4264 48.1041 26.8328 58.3095      36 58.3095 46.1736 64.8845 41.1947 61.3922      20 8.60233 14.1421       0      12      10 26.9258 24.0832 52.8015 44.4072 57.0351 30.0167  64.622 31.0483 24.3311 41.1825 28.8444      64 18.2483 29.0689 18.4391 39.8246 54.9181  35.609  72.111 40.8044 62.9365 44.5533  69.857 29.9666 53.0848 60.2993 34.9285 35.7771  45.793  77.026 62.2896 61.2944
      4 16.1245 38.9102 28.2843 60.5392 43.1741 30.5941 40.2244      24 47.4131      24 48.4149 34.9285 54.6443 29.2746 49.7293      16 18.3848 17.2047      12       0      10 17.8045 12.1655   42.19 32.5576 45.0444 31.9531 53.6656 19.6977 28.8444  31.241      20      52 23.4307 23.0868  7.2111 33.6155 43.1741 27.2029 60.9262      39 51.6236 36.8917 59.0593 19.8494 41.1096 48.3735 23.4094 25.6125 40.8044 66.8506 50.3587 51.0392
 7.2111      20 41.9762 22.3607 63.7887  51.264 36.0555 38.2884  17.088      50 31.0483 49.1935 38.4708 55.9464 35.2278  54.231      10 11.0454  7.2111      10      10       0 18.0278 18.9737 44.2719 38.0526 51.3517  22.561 56.3205      24  18.868  32.311 19.6977 58.5491 13.4536  19.105 12.6491 29.8329 48.0416 26.0768 64.0312 31.5753  55.109 34.7131 61.3514  21.587 48.2701  54.037  32.249 27.2029 35.8469 67.9779 57.7235 52.3927
14.8661  6.7082 24.1868 15.6525 45.8912 39.2046 20.6155 22.4722 14.8661 32.0156  19.105 31.3847      21 38.0132 20.5913 37.0135 11.1803 28.8617      21 26.9258 17.8045 18.0278       0 12.0416 26.2488 22.4722 36.0555 27.2029 38.3275 9.21954 28.7924 14.3178 2.23607 43.3244 26.3059 8.94427 11.1803 17.1172  31.257 9.43398 46.0977  27.313 37.3363 19.2354 43.3244 4.12311 34.4819  37.855 24.5967 9.21954   25.02 50.1199 43.8292 34.4384
12.1655 6.32456 27.4591 27.2029 48.7545  32.311 18.4391 32.8938 25.0599 36.0555 12.1655 38.2099 23.3238 43.9318 17.1172 37.6431 18.4391 29.4279 25.0599 24.0832 12.1655 18.9737 12.0416       0  31.241 20.3961      33 36.2353   42.19 8.48528  35.609 21.6333      14   40.05 31.3847 20.6155 6.32456 29.0172 31.0483 20.3961 49.1935 38.8973 39.8121 30.0832 47.7074 11.4018 29.4279 36.2215 14.1421 16.1245      37 56.0803  38.833 40.3609
40.2492 26.0768 5.09902 32.5576  20.025 32.5576  17.088 17.0294 36.0555       6 25.0599 8.24621 8.94427 12.7279 19.3132      15 36.4966 55.0818 46.6905 52.8015   42.19 44.2719 26.2488  31.241       0 16.4924 21.9317  47.676 12.1655 22.8035 52.0384 12.1655 24.7386 27.2029 51.1566      29 34.9857 24.6982 13.4164      20 20.0998 39.8121 12.3693 18.3576  17.088 22.8473 25.4951      20 33.1059  17.088 29.4109 24.8395  31.305 9.21954
32.0624 18.1108 11.4018  35.609 29.4109  18.868       2 28.4605 36.7151  18.868      10 24.7386       8  28.178 3.60555 17.4642 33.5261 49.0102 42.7551 44.4072 32.5576 38.0526 22.4722 20.3961 16.4924       0 13.6015 49.2443 24.0832 14.1421  51.264 16.1245 22.3607 20.8806 48.5077 29.6816 26.0768 31.4006 10.7703 22.6274      30 45.9674 20.6155 27.7308 29.7321 18.3848 12.7279      16 17.2047 15.6205 38.5876 39.4081 21.6333 25.0799
45.0444 31.5753 18.0278 48.5489 23.7065 12.3693 15.5242 38.0132 50.0899 20.2237  21.095 28.8617 17.6918      29 16.1245 11.4018 47.1275 62.2013 56.2939 57.0351 45.0444 51.3517 36.0555      33 21.9317 13.6015       0 62.6099 22.2036 27.6586  64.846 27.6586 35.8469 7.28011 62.0967 42.9418 39.0512 43.1856   8.544 35.2278 24.5967  58.258 17.2627 38.2884 26.9258 31.9531 6.40312       5 25.0799 28.6531 49.5782 37.3631 9.43398 27.1662
28.2312 33.3017 47.8017 15.1327 67.3647 66.4003 47.5079 34.1321   12.53 53.6004 46.0977      49 45.8803 56.0089 47.7074 61.4003 17.8045 23.7697 16.0312 30.0167 31.9531  22.561 27.2029 36.2353  47.676 49.2443 62.6099       0 59.3043 36.4005 7.81025 36.4005 26.9258 69.7782 12.6491 19.6977 31.0644 24.0208  56.648 28.1603 67.2681 14.2127 60.0167 31.0161 63.0317 31.0644 61.5873 63.6946 50.3289 34.0147 24.6982 66.4831 70.8308 53.0094
     52 37.5766 14.7648 44.1814 8.06226 34.5254 25.4558 26.5707      48 6.32456 33.9411 11.6619  18.868 7.61577 27.5862      11 48.6621 67.1863 58.8558  64.622 53.6656 56.3205 38.3275   42.19 12.1655 24.0832 22.2036 59.3043       0      34      64 24.3311 36.8782 24.3311 63.2851 41.0488 46.5188 35.6931 15.2315 32.0624       8 50.2892       5 28.8617 5.65685 34.7851 27.8927      18 41.2311 29.1204      39 15.6525 30.0666 7.81025
18.4391       4 19.2354 24.4131 40.8534      30 12.1655 25.4951 24.0832 27.7849      10 29.7321 15.2315 35.4683 11.7047 30.4138 19.6977 35.0143 28.6356 31.0483 19.6977      24 9.21954 8.48528 22.8035 14.1421 27.6586 36.4005      34       0 37.5766 13.4164      10 34.9285 34.4819 17.8045 12.6491 23.5372 24.0832 14.1421 41.2311 35.8469 31.9531 23.0868 39.4462 5.83095 25.4951 30.0666 16.4924 8.24621 31.5753  47.634 34.9285 31.8904
25.6125      34 51.4782 20.3961 72.0069 67.2309 49.3964  40.025      16 58.0345 46.6476 54.3323 49.0306 61.4003 49.2443 64.9384 17.8885 17.0294 11.6619 24.3311 28.8444  18.868 28.7924  35.609 52.0384  51.264  64.846 7.81025      64 37.5766       0 40.1995 29.1204  72.111 6.08276 23.0868 29.7321 29.8329 59.6657 32.0624      72 21.9317  64.195 36.6742 68.1175 32.8938 63.0714 66.4831  49.679 36.8782 31.7648 72.3671 72.4983 58.2151
28.8444 15.6205 11.4018 21.5407 32.1403 34.9857 15.2315 13.0384 24.3311 18.1108      20 17.2047      10 23.7065 16.7631      25 24.3311 43.0116 34.5254 41.1825  31.241  32.311 14.3178 21.6333 12.1655 16.1245 27.6586 36.4005 24.3311 13.4164 40.1995       0 12.6491 34.4093 39.0512 17.1172 24.0832 15.5563 20.5913 8.24621  32.249 30.6105 24.0208 11.7047 29.1204 11.4018 28.6007 27.7849 28.0713 5.65685 22.4722 35.8469 36.7696 20.1246
16.9706 8.24621 23.0217 14.4222 44.5533 39.6989 20.5913 20.2485 14.4222 30.5941      20 29.5296 20.0998 36.2491 20.8087 36.1248      12 30.3645 22.0907 28.8444      20 19.6977 2.23607      14 24.7386 22.3607 35.8469 26.9258 36.8782      10 29.1204 12.6491       0 43.0813  27.074 7.81025 13.4164 15.0333 30.5941  7.2111 44.7214 25.9422 36.1248      17 41.7612 4.24264 34.6699 37.3631      26       8      23 48.3011  43.909 32.6956
52.1536  38.833 24.0416 55.5698 23.3452 14.1421 22.8035 43.9318 57.2713 24.1661      28 33.1059 24.4131 31.7805 23.3452 13.6015 54.4059 69.3542  63.561      64      52 58.5491 43.3244   40.05 27.2029 20.8806 7.28011 69.7782 24.3311 34.9285  72.111 34.4093 43.0813       0 69.3758 50.0899 46.1736 49.8197 14.1421   42.19 24.3311      65 19.4165 44.5533      28 39.2173 11.4018  7.2111 31.0483 35.7771 55.8659 38.1182 6.32456 30.6757
20.5183 30.6757   50.01 21.4709 71.1758 63.5059 46.5725 40.8534 16.1555 57.1402 42.9535 54.3415 47.1699 61.3922 46.1736 63.1981 15.1327 11.1803 6.40312 18.2483 23.4307 13.4536 26.3059 31.3847 51.1566 48.5077 62.0967 12.6491 63.2851 34.4819 6.08276 39.0512  27.074 69.3758       0 22.3607 25.2389 30.8707 57.5587  31.257 71.2531  25.807 63.0079 37.3363 67.7422 30.4138  59.808 64.1327 45.2217 35.0571 34.2053 72.8011 69.2892 58.0517
19.3132 15.6525 28.4429  6.7082 49.0102 47.4236 28.0179 19.4165 7.28011      35 27.8029 32.0156 26.2488 39.0512 28.4253 41.9762 9.21954 28.3019 18.7883 29.0689 23.0868  19.105 8.94427 20.6155      29 29.6816 42.9418 19.6977 41.0488 17.8045 23.0868 17.1172 7.81025 50.0899 22.3607       0 18.0278 10.8167      37       9 49.0408 18.3848 41.1096 15.8114 45.3982 12.0416 42.2019 44.0114  33.541 14.3178   17.72 50.5964 51.3128 35.6931
      6 8.94427 31.7805 24.0832 53.4883 38.6264 24.0832 33.6155 20.8806 40.2492 18.4391 41.2311 27.8568 47.4342      23 42.9535 13.4164 23.1948  18.868 18.4391  7.2111 12.6491 11.1803 6.32456 34.9857 26.0768 39.0512 31.0644 46.5188 12.6491 29.7321 24.0832 13.4164 46.1736 25.2389 18.0278       0 27.8927 36.4966 20.5913 53.8516 35.5106 44.5982 30.4138 51.8845 12.7279 35.6931 42.0476      20 18.4391 35.5106 59.6406 45.1221 43.8292
29.9666 23.0217 26.0768 9.48683 43.7379 50.2195 30.2324  10.198 14.7648 30.3645 32.8938   25.02 25.4951      32 31.3847 39.3573 19.8494 38.4187 28.6007 39.8246 33.6155 29.8329 17.1172 29.0172 24.6982 31.4006 43.1856 24.0208 35.6931 23.5372 29.8329 15.5563 15.0333 49.8197 30.8707 10.8167 27.8927       0  35.805 9.48683  43.566 15.2643      37       7 39.1152 18.1108 44.0454 43.0116  40.025 16.5529 8.06226 42.5793 52.3259 29.0689
