      0 14.6779  37.805 24.4891 62.8198 49.9882 30.0945 39.1559 20.0053 46.0737 24.3493 48.4003 33.6852 53.0076 48.1006 29.8839 23.6895 61.8697 64.6766 57.9273 49.5318
14.6962       0 23.1504 22.5843 48.4313 57.7442 16.1435  34.521 21.2649 31.6837 12.8084 34.2005 19.0333 38.6809 34.0782 37.6399 10.0022 65.6062 50.8508 65.6833 35.2013
37.8036 23.1307       0 33.8523 25.3817 79.6071 12.9249  24.722 35.7147 8.61592 20.5547 13.4655 4.24275 17.2378 17.0321 59.5024 15.3059 72.5619 29.1681 87.5451 13.9354
24.7077 22.4654 33.6694       0 54.8443 73.7503 34.1046 19.6694 5.65713  39.959 34.4145 34.0788 33.0868  41.655 50.2793 53.6457 20.0969 46.7764 52.0396 81.6904 38.9258
62.8531  48.436 25.3754 54.8384       0 104.953 36.1121  35.356 58.0525 16.1801 44.5147 20.0778 29.5334 13.7695 21.4855 84.8511 39.5006 61.3215   15.17 112.894 15.9547
50.0804 56.7996 79.5792 73.7019 104.924       0 69.9451 83.7888 70.0542 88.1909  62.424 91.6621 75.4126 96.1471 87.1607 20.1225 67.7079 111.957 60.3369 8.96586 92.6629
30.1026 16.1451 12.9203 34.0993 36.1273 40.5506       0 37.2125 35.0044 20.2045 8.48545 25.9404 8.67579 29.6224 18.0317  49.878 14.1422 41.7691 40.8269 77.9221 26.6866
39.4416 34.4056 24.8299 19.6673 34.5058 87.9331 37.2896       0 24.7254  22.057 44.9643 15.3152 28.7651 22.1129  38.335 67.8312 31.5286 65.1144 32.4093 95.8732 19.4348
20.0036 21.2648 35.7132 5.65724 58.0755 69.9203 34.9975 24.7255       0 42.0866 33.9412 39.8524 34.6316 46.6956 51.9011  49.816 21.5642  44.722 57.0813 77.8594 43.9663
46.1193 31.7025 8.61536 39.9969 16.8426 88.2158 20.0063  21.999 42.1251       0 28.6757  9.0059 12.8108 9.53596 17.2113 68.1128 22.8247 64.7419 20.6246 96.1556       7
24.3513 12.8088 20.5276 34.4175 44.5813 62.4461 8.48554 44.8622 33.9412 28.6638       0 33.5885 16.2852  37.662 24.7607  42.344  16.758 78.3961 49.2797 67.8895 34.2914
48.5467 34.2027 13.5514 34.8103 20.0759 91.6923 26.0215 15.3177 39.8498 8.98642 33.6176       0 17.4286 7.09023 26.1875 71.5864 24.9709 60.9105 18.8123 99.6328  4.1411
33.6917 19.0191 4.24285 33.1181 29.5343 75.4374 8.70396 28.6665 33.6251 12.8111 16.3189 17.4077       0 21.4044 18.0341 55.3342 13.0919 76.7138 33.3716 83.3772 18.0523
53.0146 38.6737 17.2398 41.6474 13.7936 96.1649 29.6693 22.1143 45.5623 9.63582 37.7639 7.08915 21.4101       0 25.3677 76.0622 29.4328 55.3298  12.217 104.105 3.61132
48.2127 34.0791 17.0324 50.4139 21.3347 87.1819 18.0298 38.3503 51.9089 17.3187 24.7592 26.3383 18.0171 25.5812       0 67.0768 30.5024 78.9311 33.0219 95.1208 24.1189
29.9405 37.6201 59.4778 53.5924 84.8248  20.121 49.8445 67.4627 49.8666 68.0896   42.32 71.5726 52.7227  76.044  67.058       0 47.6044 91.8366 88.2123 28.0954 72.5686
23.7077 10.1878 15.3782 20.1161 39.5138 67.7308 14.1422 31.5205 21.5685 22.8267  16.561 24.9659 13.0859 29.4585 30.4902 47.6275       0 66.1078 41.6268 75.6701 25.9763
61.8271 32.4875 72.5495 46.7729 61.3028 111.913 79.6919  65.125 44.7109 64.7889 78.4096 60.8933 76.7069 33.9757  79.009 91.8081 66.0923       0 46.5219  119.85 58.7119
65.1834 50.8405 29.1402 52.0375  15.137 108.329 40.6164 32.4079  57.078 20.6221 49.2718 18.8087  33.356 12.2108 33.3946  88.224 41.6009 46.5371       0 52.3249 15.8159
 58.049 65.6608 87.5204 81.6262 112.867 8.95982 77.8861 95.4685 78.0115 96.1328 70.3617 61.9127 83.3531 104.088 95.0965  28.095 56.5845 119.871 116.258       0 100.609
49.5379 35.2005 13.9378 38.9247 15.9561 92.6832 26.6696 19.4367 42.3238       7 34.4384 4.14429 18.0572 3.61919  23.865 72.5792 25.9587 58.7267 15.8294 100.624       0


dist cost node

      0 14.5602 37.3363 24.3311 59.1354 44.2719 30.0666 37.0135      20 45.6946 24.3311 46.0435 33.5261 52.4786 48.0416 25.0599 23.3238      37 64.6607 50.9902 48.8774
14.5602       0 22.8473 22.3607 44.5982 33.2866 16.1245 26.5707 21.2603  31.305 12.8062 32.5576 18.9737 38.6005 34.0588 17.8885      10 31.0644 50.8035 38.6264      35
37.3363 22.8473       0 32.8938 21.8403 27.8927  12.083      20 35.6931 8.60233 20.2485 13.3417 4.24264 17.2047 17.0294  28.178 15.0333 31.8277      29 27.4591 13.8924
24.3311 22.3607 32.8938       0 52.2398 53.7401 34.0588 19.6469 5.65685 38.4708 34.4093 34.0588  31.305 41.1096 49.1935 40.2492      20 13.6015 51.9711 57.2014 38.0132
59.1354 44.5982 21.8403 52.2398       0 35.8469 31.0644 34.4819 56.0089 14.0357 39.4081 19.3132  25.632 13.6015 18.7883 46.0109 36.6742 46.8188 15.0333 29.6142 15.2315
44.2719 33.2866 27.8927 53.7401 35.8469       0      20 47.0106  54.037      32 20.5913 40.1995      26 41.1096  17.088 20.0998 34.0588 57.4543 49.7293 8.94427      39
30.0666 16.1245  12.083 34.0588 31.0644      20       0 27.8927 34.9857      20 8.48528 25.2982 8.24621 29.1548      18 16.1245 14.1421 37.5899 40.6079 23.3238 25.9422
37.0135 26.5707      20 19.6469 34.4819 47.0106 27.8927       0 24.6982 21.9545 33.0151 15.2971 21.0238 22.0907 36.7967 41.0122 17.2627   12.53 32.3883 47.4342 19.4165
     20 21.2603 35.6931 5.65685 56.0089  54.037 34.9857 24.6982       0 42.0476 33.9411 38.4708 33.5261 45.5412  51.264  38.833 21.5407 19.2094 56.7539 58.3095 42.2966
45.6946  31.305 8.60233 38.4708 14.0357      32      20 21.9545 42.0476       0 28.4253 8.94427 12.8062 9.48683  17.088 36.0555 22.8035 34.4819 20.6155 29.1204       7
24.3311 12.8062 20.2485 34.4093 39.4081 20.5913 8.48528 33.0151 33.9411 28.4253       0 33.1059 16.1245 37.4433 24.7386 8.24621 16.4924 40.8044 49.0408 26.6833 34.1321
46.0435 32.5576 13.3417 34.0588 19.3132 40.1995 25.2982 15.2971 38.4708 8.94427 33.1059       0  17.088 7.07107      26 41.2311 22.8035 27.5136 18.7883 37.9473 4.12311
33.5261 18.9737 4.24264  31.305  25.632      26 8.24621 21.0238 33.5261 12.8062 16.1245  17.088       0 21.4009 17.8885 24.1661 12.1655 32.0156 33.2415 26.9072 18.0278
52.4786 38.6005 17.2047 41.1096 13.6015 41.1096 29.1548 22.0907 45.5412 9.48683 37.4433 7.07107 21.4009       0 25.1794 45.2769 29.1548 33.9559 12.2066 37.3363 3.60555
48.0416 34.0588 17.0294 49.1935 18.7883  17.088      18 36.7967  51.264  17.088 24.7386      26 17.8885 25.1794       0 29.5296 29.7321 48.8365 32.7567 12.1655 23.7697
25.0599 17.8885  28.178 40.2492 46.0109 20.0998 16.1245 41.0122  38.833 36.0555 8.24621 41.2311 24.1661 45.2769 29.5296       0 24.0832 48.0521 56.6127 28.0713 42.0595
23.3238      10 15.0333      20 36.6742 34.0588 14.1421 17.2627 21.5407 22.8035 16.4924 22.8035 12.1655 29.1548 29.7321 24.0832       0 24.3516 41.3401 37.2022 25.5539
     37 31.0644 31.8277 13.6015 46.8188 57.4543 37.5899   12.53 19.2094 34.4819 40.8044 27.5136 32.0156 33.9559 48.8365 48.0521 24.3516       0 43.0116 58.8982 31.6228
64.6607 50.8035      29 51.9711 15.0333 49.7293 40.6079 32.3883 56.7539 20.6155 49.0408 18.7883 33.2415 12.2066 32.7567 56.6127 41.3401 43.0116       0 44.2832 15.8114
50.9902 38.6264 27.4591 57.2014 29.6142 8.94427 23.3238 47.4342 58.3095 29.1204 26.6833 37.9473 26.9072 37.3363 12.1655 28.0713 37.2022 58.8982 44.2832       0 35.9026
48.8774      35 13.8924 38.0132 15.2315      39 25.9422 19.4165 42.2966       7 34.1321 4.12311 18.0278 3.60555 23.7697 42.0595 25.5539 31.6228 15.8114 35.9026       0

