      1e+20  2.5426e+12 1.90263e+12 9.31933e+11 2.25375e+12 2.49852e+12 1.47801e+12     201.308      161.32     176.465     230.868     173.566     200.172     212.434     205.244     203.887     201.109     159.013     167.048     178.003     204.201     169.614     226.318     199.251     183.003     187.003     202.193      195.42     209.781     136.741     191.815     216.816       204.6     175.362     182.784     211.816     210.642     127.475       213.3     163.466     162.484     188.481       1e+20  2.5426e+12 1.90263e+12 9.31933e+11 2.25375e+12 2.49852e+12 1.47801e+12
 2.5426e+12       1e+20 1.05603e+12 2.36476e+12 2.94337e+12 2.91548e+11 1.38279e+12     140.346     137.928     154.777     128.763     185.648     114.057     128.062     156.822     127.883     200.262     191.481     107.689     150.735      146.24     153.769     159.862     104.809     175.824     195.617     159.505     150.097      131.21     168.671     145.262     149.683     167.048     126.649     134.618     149.459     185.801     157.918     161.484     126.384     144.516     83.4326  2.5426e+12       1e+20 1.05603e+12 2.36476e+12 2.94337e+12 2.91548e+11 1.38279e+12
1.90263e+12 1.05603e+12       1e+20 1.42972e+12 1.89447e+12 1.23004e+12 4.42832e+11     40.3113     36.2215     49.1935      50.636     80.0562     16.0312     36.2215     57.1402     30.3645          97     86.4002     26.9258     45.1774     47.0106     48.3839     68.9638     9.43398     70.7248     90.6973     58.6003     47.5079     36.8782     69.5845     41.7253     55.9732     66.4003     22.0907     29.1548     53.3104     85.4283     66.7083     64.4127     28.2312     41.0488     28.3019 1.90263e+12 1.05603e+12       1e+20 1.42972e+12 1.89447e+12 1.23004e+12 4.42832e+11
9.31933e+11 2.36476e+12 1.42972e+12       1e+20  1.3336e+12 2.43016e+12 1.00499e+12         136     106.963     108.706     167.765     93.3809     146.103     150.735     133.454     143.265     116.017     77.8332     130.062     111.803     136.341     103.788     153.052     149.646     105.759     103.078     129.619     126.909     147.136     73.7631     125.706     146.997     129.321     122.004      123.13     142.285     129.557     79.0253     139.628     115.412      103.74     155.081 9.31933e+11 2.36476e+12 1.42972e+12       1e+20  1.3336e+12 2.43016e+12 1.00499e+12
2.25375e+12 2.94337e+12 1.89447e+12  1.3336e+12       1e+20 3.12314e+12 1.70426e+12     154.742     163.028     140.663     175.208     110.422     180.369     168.861     139.316      167.26     94.9368     109.622     196.431     144.516     149.466     143.224      143.84     189.528     118.727     98.7927     136.059     144.475     165.197      143.68     149.094     149.603     129.077     170.206     160.312     148.189     111.946       162.8     136.956     175.171     155.322     215.418 2.25375e+12 2.94337e+12 1.89447e+12  1.3336e+12       1e+20 3.12314e+12 1.70426e+12
2.49852e+12 2.91548e+11 1.23004e+12 2.43016e+12 3.12314e+12       1e+20 1.49121e+12     160.702     151.611      171.68     153.003      202.25     133.869     149.967     177.598     148.553     219.738     206.235     119.101       167.8     166.973     169.614     182.981     124.085      193.67     213.663     179.878      169.65     152.742     179.778     164.295     171.945     187.609     142.359     152.053     171.126     206.649     166.481     183.142     139.531     158.824     97.2471 2.49852e+12 2.91548e+11 1.23004e+12 2.43016e+12 3.12314e+12       1e+20 1.49121e+12
1.47801e+12 1.38279e+12 4.42832e+11 1.00499e+12 1.70426e+12 1.49121e+12       1e+20     57.5847     15.5242     41.1947     84.0536     62.7694     52.4023     65.7343     67.6018     57.1402     89.8888     60.8112     30.5941          40     62.3618     34.5254     87.3212     52.4786     61.0328     78.2624     66.1891     55.7315     63.6318     30.6757     50.2195     75.2861          72     27.6586     37.1618     70.6045      86.977     22.4722     76.6551     16.1245     21.0238     55.2268 1.47801e+12 1.38279e+12 4.42832e+11 1.00499e+12 1.70426e+12 1.49121e+12       1e+20
2.01308e+12 1.40346e+12 4.03113e+11    1.36e+12 1.54742e+12 1.60702e+12 5.75847e+11       1e+10     42.1545     27.2947     31.7648          52     26.8701     16.0312     17.0294       12.53     60.0333     63.9531     60.8276     24.4131      6.7082     32.8024          31     36.7967     39.2046       57.28     19.2094     11.0454     12.0416     65.8559     10.2956     18.1108     26.9072     33.0606     20.6155     14.0357     45.9674     74.3303     24.1661     46.3897     39.1152     68.6003     201.308     140.346     40.3113         136     154.742     160.702     57.5847
 1.6132e+12 1.37928e+12 3.62215e+11 1.06963e+12 1.63028e+12 1.51611e+12 1.55242e+11     42.1545       1e+10     27.2029     69.6563     53.0754     40.3113      51.225     52.2398      42.638     77.8267     54.7083     33.4215      25.318     46.8402     21.4709     71.8053       42.72     48.7647      67.424     51.0098     40.3113     48.8262     33.3766     34.7131     59.7746     57.1402     15.2315     21.9545     55.0818     73.0068     33.9706     61.2944     12.2066     7.81025     54.7814      161.32     137.928     36.2215     106.963     163.028     151.611     15.5242
1.76465e+12 1.54777e+12 4.91935e+11 1.08706e+12 1.40663e+12  1.7168e+12 4.11947e+11     27.2947     27.2029       1e+10     59.0593     30.8707     43.4166     42.3792     29.0689     35.6931     51.3128     39.0512     58.0086     4.12311     28.3196     7.28011     50.1199     50.9608     22.6716       42.45     26.5707      19.105     38.6264     39.8246          17     40.4599      31.257     29.7321     20.2485     35.4683     45.8912     51.8652     37.6962     37.5899     20.2237     74.8131     176.465     154.777     49.1935     108.706     140.663      171.68     41.1947
2.30868e+12 1.28763e+12  5.0636e+11 1.67765e+12 1.75208e+12 1.53003e+12 8.40536e+11     31.7648     69.6563     59.0593       1e+10     81.3941      35.171     18.4391     39.0512     27.0185     81.3941     94.6414     77.1298     56.0803       32.28     64.3506      32.249      42.107      67.897      83.006     43.1045     41.4367     21.2603     97.0052     42.0595     26.1725     48.0937     56.6039     48.1041     29.0172     63.3246     103.392     38.6394     69.8355      68.593     74.3303     230.868     128.763      50.636     167.765     175.208     153.003     84.0536
1.73566e+12 1.85648e+12 8.00562e+11 9.33809e+11 1.10422e+12  2.0225e+12 6.27694e+11          52     53.0754     30.8707     81.3941       1e+10     73.4983     68.0074     43.0116     63.2851          30     15.5563     86.2786     34.9285      49.366     32.8024     60.5392     81.5966     13.6015     16.2788     38.8973     41.0122     64.0078     44.1022     43.2897      56.921     36.7151     59.9083     51.0784     52.8867     37.2156     62.9682     47.4131     65.0538     45.2769     105.119     173.566     185.648     80.0562     93.3809     110.422      202.25     62.7694
2.00172e+12 1.14057e+12 1.60312e+11 1.46103e+12 1.80369e+12 1.33869e+12 5.24023e+11     26.8701     40.3113     43.4166      35.171     73.4983       1e+10     20.2237     43.8634     15.2643      86.267     82.3893     41.9762     39.3192     33.3017     45.0111     53.4883          10     62.3939     81.8596     46.0109     36.0555     21.1896       72.45      31.305     40.7185     53.7587     25.2389     24.0208     38.5876     72.8354     73.8173     50.2195     36.7967     42.3792     43.0813     200.172     114.057     16.0312     146.103     180.369     133.869     52.4023
2.12434e+12 1.28062e+12 3.62215e+11 1.50735e+12 1.68861e+12 1.49967e+12 6.57343e+11     16.0312      51.225     42.3792     18.4391     68.0074     20.2237       1e+10     29.5466     8.60233     73.9256     79.9062     61.2944          39     19.6469     46.9574          34     29.4109     55.0818     72.5672     32.8938          27           4     79.0569     25.7099     22.0227     39.8121     38.4708     29.6985     21.4009     57.9828     84.9588     33.4215     51.8941     50.2494     62.9365     212.434     128.062     36.2215     150.735     168.861     149.967     65.7343
2.05244e+12 1.56822e+12 5.71402e+11 1.33454e+12 1.39316e+12 1.77598e+12 6.76018e+11     17.0294     52.2398     29.0689     39.0512     43.0116     43.8634     29.5466       1e+10     29.0689     44.3847     57.2713     75.9605     28.4605     10.6301     36.2491      21.095     53.8145     29.4109     44.1022     4.12311          12     25.9422     68.5055     18.1108     13.9284     10.2956     46.8722      33.541     10.0499     29.0689     80.7775     9.05539     59.2115     47.0744       85.44     205.244     156.822     57.1402     133.454     139.316     177.598     67.6018
2.03887e+12 1.27883e+12 3.03645e+11 1.43265e+12  1.6726e+12 1.48553e+12 5.71402e+11       12.53      42.638     35.6931     27.0185     63.2851     15.2643     8.60233     29.0689       1e+10     72.5603     74.1687     54.0093     32.0156     18.4391     39.5601     38.6005     25.2389     50.9902     69.5701     31.6228     23.0868     7.07107     71.0211      20.025      25.632     39.2046     29.9666     21.2603     23.3238     58.1378     76.4199          35     43.4626     41.8688     58.1808     203.887     127.883     30.3645     143.265      167.26     148.553     57.1402
2.01109e+12 2.00262e+12     9.7e+11 1.16017e+12 9.49368e+11 2.19738e+12 8.98888e+11     60.0333     77.8267     51.3128     81.3941          30      86.267     73.9256     44.3847     72.5603       1e+10       42.45     109.289     54.4059     54.5619      56.356     52.0096     95.8019     29.0689     14.3178     41.1461     50.2195     70.2638     74.0608     55.4437     55.3173      34.176     80.4301     68.6222     53.4509      19.105     92.6553     42.7551     88.8369      70.214     124.459     201.109     200.262          97     116.017     94.9368     219.738     89.8888
1.59013e+12 1.91481e+12 8.64002e+11 7.78332e+11 1.09622e+12 2.06235e+12 6.08112e+11     63.9531     54.7083     39.0512     94.6414     15.5563     82.3893     79.9062     57.2713     74.1687       42.45       1e+10     87.9204     43.1045     62.3618     38.0789     75.7166     89.4427     28.3019     28.1603     53.2259     53.3667     75.9539     35.8469     54.3323     71.1758     51.8652      64.846     58.6941     66.8506     52.4309     55.5428      62.434      66.888     47.4131     109.124     159.013     191.481     86.4002     77.8332     109.622     206.235     60.8112
1.67048e+12 1.07689e+12 2.69258e+11 1.30062e+12 1.96431e+12 1.19101e+12 3.05941e+11     60.8276     33.4215     58.0086     77.1298     86.2786     41.9762     61.2944     75.9605     54.0093     109.289     87.9204       1e+10     54.9181     67.2681     53.8145     91.5478     36.2491      80.604     100.005     76.2168     64.5136     61.0328      61.131     58.1893     78.4092     83.5703     29.5466       42.72     74.8131     101.553     51.0392     84.4038     21.2603     41.1096       25.02     167.048     107.689     26.9258     130.062     196.431     119.101     30.5941
1.78003e+12 1.50735e+12 4.51774e+11 1.11803e+12 1.44516e+12   1.678e+12       4e+11     24.4131      25.318     4.12311     56.0803     34.9285     39.3192          39     28.4605     32.0156     54.4059     43.1045     54.9181       1e+10     26.2488     8.48528     49.2443     46.8402     26.1725     46.0977     26.4764     17.4929     35.3412     41.7253     14.2127      38.833          32     26.1725     16.1555     33.8378     47.8017     52.3927     37.3631     34.9285     19.0263     71.0634     178.003     150.735     45.1774     111.803     144.516       167.8          40
2.04201e+12  1.4624e+12 4.70106e+11 1.36341e+12 1.49466e+12 1.66973e+12 6.23618e+11      6.7082     46.8402     28.3196       32.28      49.366     33.3017     19.6469     10.6301     18.4391     54.5619     62.3618     67.2681     26.2488       1e+10     34.7131     25.1794     43.2782     36.0555     52.9528     13.4164     9.43398     15.8114     67.9412       12.53          13     20.8087     39.0128     26.0768     8.24621     39.6989     77.8974     17.4642     52.0865     42.9535     75.2928     204.201      146.24     47.0106     136.341     149.466     166.973     62.3618
1.69614e+12 1.53769e+12 4.83839e+11 1.03788e+12 1.43224e+12 1.69614e+12 3.45254e+11     32.8024     21.4709     7.28011     64.3506     32.8024     45.0111     46.9574     36.2491     39.5601      56.356     38.0789     53.8145     8.48528     34.7131       1e+10     57.2451     51.4782     27.2947     46.2277     33.8378      25.807     43.4166     33.2415     22.6716     47.2017     38.4708     27.2947          21     42.2019      52.469     44.5982     44.9444     32.8024     13.9284     72.4017     169.614     153.769     48.3839     103.788     143.224     169.614     34.5254
2.26318e+12 1.59862e+12 6.89638e+11 1.53052e+12  1.4384e+12 1.82981e+12 8.73212e+11          31     71.8053     50.1199      32.249     60.5392     53.4883          34      21.095     38.6005     52.0096     75.7166     91.5478     49.2443     25.1794     57.2451       1e+10     63.1585     47.4342     57.0088     24.2074     31.9531      32.311     89.5879      37.108     13.1529     23.8537     64.0312     51.2445     17.0294     33.0151     101.637     13.4536     77.2334     67.3573      96.566     226.318     159.862     68.9638     153.052      143.84     182.981     87.3212
1.99251e+12 1.04809e+12 9.43398e+10 1.49646e+12 1.89528e+12 1.24085e+12 5.24786e+11     36.7967       42.72     50.9608      42.107     81.5966          10     29.4109     53.8145     25.2389     95.8019     89.4427     36.2491     46.8402     43.2782     51.4782     63.1585       1e+10     71.1126      90.824     55.8659      45.607     30.8707     75.9276     40.4969     50.5371     63.6396     27.6586     30.8058     48.5489     82.7345     74.7061     60.2163     36.3593     46.3897     33.5261     199.251     104.809     9.43398     149.646     189.528     124.085     52.4786
1.83003e+12 1.75824e+12 7.07248e+11 1.05759e+12 1.18727e+12  1.9367e+12 6.10328e+11     39.2046     48.7647     22.6716      67.897     13.6015     62.3939     55.0818     29.4109     50.9902     29.0689     28.3019      80.604     26.1725     36.0555     27.2947     47.4342     71.1126       1e+10          20     25.2982     28.1603     51.0882     49.0306     31.3209     43.3244     23.6008     52.3259     41.6173     39.2938     28.6356     66.0303     34.1321     59.9083     41.1461     97.1854     183.003     175.824     70.7248     105.759     118.727      193.67     61.0328
1.87003e+12 1.95617e+12 9.06973e+11 1.03078e+12 9.87927e+11 2.13663e+12 7.82624e+11       57.28      67.424       42.45      83.006     16.2788     81.8596     72.5672     44.1022     69.5701     14.3178     28.1603     100.005     46.0977     52.9528     46.2277     57.0088      90.824          20       1e+10     40.1995     46.4866     68.6586     60.2993     50.5668     57.0351     35.0571     72.1803     61.6117      54.037     27.2029     79.2465     45.3982     79.0253     59.6406     117.154     187.003     195.617     90.6973     103.078     98.7927     213.663     78.2624
2.02193e+12 1.59505e+12 5.86003e+11 1.29619e+12 1.36059e+12 1.79878e+12 6.61891e+11     19.2094     51.0098     26.5707     43.1045     38.8973     46.0109     32.8938     4.12311     31.6228     41.1461     53.2259     76.2168     26.4764     13.4164     33.8378     24.2074     55.8659     25.2982     40.1995       1e+10     11.7047     29.1548     65.5134     18.0278     18.0278     7.81025     46.8402     33.5261     14.1421     26.9072     78.4347     11.1803     58.6941     45.3982     86.8389     202.193     159.505     58.6003     129.619     136.059     179.878     66.1891
 1.9542e+12 1.50097e+12 4.75079e+11 1.26909e+12 1.44475e+12  1.6965e+12 5.57315e+11     11.0454     40.3113      19.105     41.4367     41.0122     36.0555          27          12     23.0868     50.2195     53.3667     64.5136     17.4929     9.43398      25.807     31.9531      45.607     28.1603     46.4866     11.7047       1e+10          23     58.8982     6.32456     21.4009     19.2354      35.171     21.8403     16.4012     38.0132     69.7782     21.0238     47.2652     35.4401     75.6042      195.42     150.097     47.5079     126.909     144.475      169.65     55.7315
2.09781e+12  1.3121e+12 3.68782e+11 1.47136e+12 1.65197e+12 1.52742e+12 6.36318e+11     12.0416     48.8262     38.6264     21.2603     64.0078     21.1896           4     25.9422     7.07107     70.2638     75.9539     61.0328     35.3412     15.8114     43.4166      32.311     30.8707     51.0882     68.6586     29.1548          23       1e+10     75.8024     21.8403     19.7231     36.2353     36.7696     27.0185     18.3848     54.6443     82.3286     30.4138     50.3289     47.3814     64.2573     209.781      131.21     36.8782     147.136     165.197     152.742     63.6318
1.36741e+12 1.68671e+12 6.95845e+11 7.37631e+11  1.4368e+12 1.79778e+12 3.06757e+11     65.8559     33.3766     39.8246     97.0052     44.1022       72.45     79.0569     68.5055     71.0211     74.0608     35.8469      61.131     41.7253     67.9412     33.2415     89.5879     75.9276     49.0306     60.2993     65.5134     58.8982     75.8024       1e+10     55.8659     80.2808     68.4471     48.2701     50.1199     75.2861      77.666     19.6977     76.6616     43.0465     30.0832     85.3288     136.741     168.671     69.5845     73.7631      143.68     179.778     30.6757
1.91815e+12 1.45262e+12 4.17253e+11 1.25706e+12 1.49094e+12 1.64295e+12 5.02195e+11     10.2956     34.7131          17     42.0595     43.2897      31.305     25.7099     18.1108      20.025     55.4437     54.3323     58.1893     14.2127       12.53     22.6716      37.108     40.4969     31.3209     50.5668     18.0278     6.32456     21.8403     55.8659       1e+10     25.4951     25.4951     28.8617     15.5242     20.6155     44.1022     65.3682     27.0185     41.1096     30.4631     69.6563     191.815     145.262     41.7253     125.706     149.094     164.295     50.2195
2.16816e+12 1.49683e+12 5.59732e+11 1.46997e+12 1.49603e+12 1.71945e+12 7.52861e+11     18.1108     59.7746     40.4599     26.1725      56.921     40.7185     22.0227     13.9284      25.632     55.3173     71.1758     78.4092      38.833          13     47.2017     13.1529     50.5371     43.3244     57.0351     18.0278     21.4009     19.7231     80.2808     25.4951       1e+10          22     51.1566     38.6394           5     37.6962      90.824     12.6491     64.4981     55.9464     83.7735     216.816     149.683     55.9732     146.997     149.603     171.945     75.2861
  2.046e+12 1.67048e+12 6.64003e+11 1.29321e+12 1.29077e+12 1.87609e+12     7.2e+11     26.9072     57.1402      31.257     48.0937     36.7151     53.7587     39.8121     10.2956     39.2046      34.176     51.8652     83.5703          32     20.8087     38.4708     23.8537     63.6396     23.6008     35.0571     7.81025     19.2354     36.2353     68.4471     25.4951          22       1e+10     54.0833     40.8534     19.4165      19.105     82.7103     10.7703     65.5134     51.0098     94.6256       204.6     167.048     66.4003     129.321     129.077     187.609          72
1.75362e+12 1.26649e+12 2.20907e+11 1.22004e+12 1.70206e+12 1.42359e+12 2.76586e+11     33.0606     15.2315     29.7321     56.6039     59.9083     25.2389     38.4708     46.8722     29.9666     80.4301      64.846     29.5466     26.1725     39.0128     27.2947     64.0312     27.6586     52.3259     72.1803     46.8402      35.171     36.7696     48.2701     28.8617     51.1566     54.0833       1e+10     13.3417     47.0106     72.0139     48.6004     55.5788     13.6015          19     45.2217     175.362     126.649     22.0907     122.004     170.206     142.359     27.6586
1.82784e+12 1.34618e+12 2.91548e+11  1.2313e+12 1.60312e+12 1.52053e+12 3.71618e+11     20.6155     21.9545     20.2485     48.1041     51.0784     24.0208     29.6985      33.541     21.2603     68.6222     58.6941       42.72     16.1555     26.0768          21     51.2445     30.8058     41.6173     61.6117     33.5261     21.8403     27.0185     50.1199     15.5242     38.6394     40.8534     13.3417       1e+10     34.2345     59.0593     55.3173     42.2966     26.0192     20.6155     55.8659     182.784     134.618     29.1548      123.13     160.312     152.053     37.1618
2.11816e+12 1.49459e+12 5.33104e+11 1.42285e+12 1.48189e+12 1.71126e+12 7.06045e+11     14.0357     55.0818     35.4683     29.0172     52.8867     38.5876     21.4009     10.0499     23.3238     53.4509     66.8506     74.8131     33.8378     8.24621     42.2019     17.0294     48.5489     39.2938      54.037     14.1421     16.4012     18.3848     75.2861     20.6155           5     19.4165     47.0106     34.2345       1e+10     36.7151     85.8836     12.0416      60.208     51.0784     81.3941     211.816     149.459     53.3104     142.285     148.189     171.126     70.6045
2.10642e+12 1.85801e+12 8.54283e+11 1.29557e+12 1.11946e+12 2.06649e+12  8.6977e+11     45.9674     73.0068     45.8912     63.3246     37.2156     72.8354     57.9828     29.0689     58.1378      19.105     52.4309     101.553     47.8017     39.6989      52.469     33.0151     82.7345     28.6356     27.2029     26.9072     38.0132     54.6443      77.666     44.1022     37.6962      19.105     72.0139     59.0593     36.7151       1e+10     94.3398     25.0799     82.5409     66.0984       113.6     210.642     185.801     85.4283     129.557     111.946     206.649      86.977
1.27475e+12 1.57918e+12 6.67083e+11 7.90253e+11   1.628e+12 1.66481e+12 2.24722e+11     74.3303     33.9706     51.8652     103.392     62.9682     73.8173     84.9588     80.7775     76.4199     92.6553     55.5428     51.0392     52.3927     77.8974     44.5982     101.637     74.7061     66.0303     79.2465     78.4347     69.7782     82.3286     19.6977     65.3682      90.824     82.7103     48.6004     55.3173     85.8836     94.3398       1e+10     89.5377     38.4838     35.2278     76.0592     127.475     157.918     66.7083     79.0253       162.8     166.481     22.4722
  2.133e+12 1.61484e+12 6.44127e+11 1.39628e+12 1.36956e+12 1.83142e+12 7.66551e+11     24.1661     61.2944     37.6962     38.6394     47.4131     50.2195     33.4215     9.05539          35     42.7551      62.434     84.4038     37.3631     17.4642     44.9444     13.4536     60.2163     34.1321     45.3982     11.1803     21.0238     30.4138     76.6616     27.0185     12.6491     10.7703     55.5788     42.2966     12.0416     25.0799     89.5377       1e+10     68.1175     56.0892     92.6607       213.3     161.484     64.4127     139.628     136.956     183.142     76.6551
1.63466e+12 1.26384e+12 2.82312e+11 1.15412e+12 1.75171e+12 1.39531e+12 1.61245e+11     46.3897     12.2066     37.5899     69.8355     65.0538     36.7967     51.8941     59.2115     43.4626     88.8369      66.888     21.2603     34.9285     52.0865     32.8024     77.2334     36.3593     59.9083     79.0253     58.6941     47.2652     50.3289     43.0465     41.1096     64.4981     65.5134     13.6015     26.0192      60.208     82.5409     38.4838     68.1175       1e+10     19.8494     43.0116     163.466     126.384     28.2312     115.412     175.171     139.531     16.1245
1.62484e+12 1.44516e+12 4.10488e+11  1.0374e+12 1.55322e+12 1.58824e+12 2.10238e+11     39.1152     7.81025     20.2237      68.593     45.2769     42.3792     50.2494     47.0744     41.8688      70.214     47.4131     41.1096     19.0263     42.9535     13.9284     67.3573     46.3897     41.1461     59.6406     45.3982     35.4401     47.3814     30.0832     30.4631     55.9464     51.0098          19     20.6155     51.0784     66.0984     35.2278     56.0892     19.8494       1e+10     61.7414     162.484     144.516     41.0488      103.74     155.322     158.824     21.0238
1.88481e+12 8.34326e+11 2.83019e+11 1.55081e+12 2.15418e+12 9.72471e+11 5.52268e+11     68.6003     54.7814     74.8131     74.3303     105.119     43.0813     62.9365       85.44     58.1808     124.459     109.124       25.02     71.0634     75.2928     72.4017      96.566     33.5261     97.1854     117.154     86.8389     75.6042     64.2573     85.3288     69.6563     83.7735     94.6256     45.2217     55.8659     81.3941       113.6     76.0592     92.6607     43.0116     61.7414       1e+10     188.481     83.4326     28.3019     155.081     215.418     97.2471     55.2268
      1e+20  2.5426e+12 1.90263e+12 9.31933e+11 2.25375e+12 2.49852e+12 1.47801e+12 2.01308e+12  1.6132e+12 1.76465e+12 2.30868e+12 1.73566e+12 2.00172e+12 2.12434e+12 2.05244e+12 2.03887e+12 2.01109e+12 1.59013e+12 1.67048e+12 1.78003e+12 2.04201e+12 1.69614e+12 2.26318e+12 1.99251e+12 1.83003e+12 1.87003e+12 2.02193e+12  1.9542e+12 2.09781e+12 1.36741e+12 1.91815e+12 2.16816e+12   2.046e+12 1.75362e+12 1.82784e+12 2.11816e+12 2.10642e+12 1.27475e+12   2.133e+12 1.63466e+12 1.62484e+12 1.88481e+12       1e+20  2.5426e+12 1.90263e+12 9.31933e+11 2.25375e+12 2.49852e+12 1.47801e+12
 2.5426e+12       1e+20 1.05603e+12 2.36476e+12 2.94337e+12 2.91548e+11 1.38279e+12 1.40346e+12 1.37928e+12 1.54777e+12 1.28763e+12 1.85648e+12 1.14057e+12 1.28062e+12 1.56822e+12 1.27883e+12 2.00262e+12 1.91481e+12 1.07689e+12 1.50735e+12  1.4624e+12 1.53769e+12 1.59862e+12 1.04809e+12 1.75824e+12 1.95617e+12 1.59505e+12 1.50097e+12  1.3121e+12 1.68671e+12 1.45262e+12 1.49683e+12 1.67048e+12 1.26649e+12 1.34618e+12 1.49459e+12 1.85801e+12 1.57918e+12 1.61484e+12 1.26384e+12 1.44516e+12 8.34326e+11  2.5426e+12       1e+20 1.05603e+12 2.36476e+12 2.94337e+12 2.91548e+11 1.38279e+12
1.90263e+12 1.05603e+12       1e+20 1.42972e+12 1.89447e+12 1.23004e+12 4.42832e+11 4.03113e+11 3.62215e+11 4.91935e+11  5.0636e+11 8.00562e+11 1.60312e+11 3.62215e+11 5.71402e+11 3.03645e+11     9.7e+11 8.64002e+11 2.69258e+11 4.51774e+11 4.70106e+11 4.83839e+11 6.89638e+11 9.43398e+10 7.07248e+11 9.06973e+11 5.86003e+11 4.75079e+11 3.68782e+11 6.95845e+11 4.17253e+11 5.59732e+11 6.64003e+11 2.20907e+11 2.91548e+11 5.33104e+11 8.54283e+11 6.67083e+11 6.44127e+11 2.82312e+11 4.10488e+11 2.83019e+11 1.90263e+12 1.05603e+12       1e+20 1.42972e+12 1.89447e+12 1.23004e+12 4.42832e+11
9.31933e+11 2.36476e+12 1.42972e+12       1e+20  1.3336e+12 2.43016e+12 1.00499e+12    1.36e+12 1.06963e+12 1.08706e+12 1.67765e+12 9.33809e+11 1.46103e+12 1.50735e+12 1.33454e+12 1.43265e+12 1.16017e+12 7.78332e+11 1.30062e+12 1.11803e+12 1.36341e+12 1.03788e+12 1.53052e+12 1.49646e+12 1.05759e+12 1.03078e+12 1.29619e+12 1.26909e+12 1.47136e+12 7.37631e+11 1.25706e+12 1.46997e+12 1.29321e+12 1.22004e+12  1.2313e+12 1.42285e+12 1.29557e+12 7.90253e+11 1.39628e+12 1.15412e+12  1.0374e+12 1.55081e+12 9.31933e+11 2.36476e+12 1.42972e+12       1e+20  1.3336e+12 2.43016e+12 1.00499e+12
2.25375e+12 2.94337e+12 1.89447e+12  1.3336e+12       1e+20 3.12314e+12 1.70426e+12 1.54742e+12 1.63028e+12 1.40663e+12 1.75208e+12 1.10422e+12 1.80369e+12 1.68861e+12 1.39316e+12  1.6726e+12 9.49368e+11 1.09622e+12 1.96431e+12 1.44516e+12 1.49466e+12 1.43224e+12  1.4384e+12 1.89528e+12 1.18727e+12 9.87927e+11 1.36059e+12 1.44475e+12 1.65197e+12  1.4368e+12 1.49094e+12 1.49603e+12 1.29077e+12 1.70206e+12 1.60312e+12 1.48189e+12 1.11946e+12   1.628e+12 1.36956e+12 1.75171e+12 1.55322e+12 2.15418e+12 2.25375e+12 2.94337e+12 1.89447e+12  1.3336e+12       1e+20 3.12314e+12 1.70426e+12
2.49852e+12 2.91548e+11 1.23004e+12 2.43016e+12 3.12314e+12       1e+20 1.49121e+12 1.60702e+12 1.51611e+12  1.7168e+12 1.53003e+12  2.0225e+12 1.33869e+12 1.49967e+12 1.77598e+12 1.48553e+12 2.19738e+12 2.06235e+12 1.19101e+12   1.678e+12 1.66973e+12 1.69614e+12 1.82981e+12 1.24085e+12  1.9367e+12 2.13663e+12 1.79878e+12  1.6965e+12 1.52742e+12 1.79778e+12 1.64295e+12 1.71945e+12 1.87609e+12 1.42359e+12 1.52053e+12 1.71126e+12 2.06649e+12 1.66481e+12 1.83142e+12 1.39531e+12 1.58824e+12 9.72471e+11 2.49852e+12 2.91548e+11 1.23004e+12 2.43016e+12 3.12314e+12       1e+20 1.49121e+12
1.47801e+12 1.38279e+12 4.42832e+11 1.00499e+12 1.70426e+12 1.49121e+12       1e+20 5.75847e+11 1.55242e+11 4.11947e+11 8.40536e+11 6.27694e+11 5.24023e+11 6.57343e+11 6.76018e+11 5.71402e+11 8.98888e+11 6.08112e+11 3.05941e+11       4e+11 6.23618e+11 3.45254e+11 8.73212e+11 5.24786e+11 6.10328e+11 7.82624e+11 6.61891e+11 5.57315e+11 6.36318e+11 3.06757e+11 5.02195e+11 7.52861e+11     7.2e+11 2.76586e+11 3.71618e+11 7.06045e+11  8.6977e+11 2.24722e+11 7.66551e+11 1.61245e+11 2.10238e+11 5.52268e+11 1.47801e+12 1.38279e+12 4.42832e+11 1.00499e+12 1.70426e+12 1.49121e+12       1e+20
