    0  17.088 20.3961 24.7257  12.083 27.8568 24.7588 10.2611 10.7355 15.5563 23.7539      18 20.8087 4.52769 17.2409  6.0208 13.1529 9.84886 19.9249      26 26.8328 25.5143       4   25.02      12 14.3178 28.3196 11.4018       4 25.2982 26.2488 6.52993 23.0868 16.4924  6.7082 12.0416 21.1896 29.5296 14.5774 19.5801 14.1421 17.0294 13.0384 11.1803 20.0998  31.241 27.5136 8.60233
 17.088       0 28.6356 13.0599 20.2485 10.7703 24.0208 7.04911 11.5434 7.07107  18.554 28.8444 23.3452  16.568 14.5344 20.4022 26.1725 12.2066       3 8.94427 19.6977 9.68401 13.4164 11.4018 24.0832 12.3693 25.4951 25.4951 20.8806 16.1245 9.21954  16.132 8.06226 25.0599      13 15.6525 13.6015 22.3607 20.3593  4.2638 8.24621 19.6469 5.83095 21.3776 8.94427 27.2029 18.0278 17.0294
20.3961 28.6356       0  25.926 9.05539 37.2022 13.1529 23.0931 29.5169 31.7805 18.3371 4.47214   8.544 24.9098 15.9138 14.7054 9.21954 16.7631 30.0167 36.0555 21.5407 31.5687      20 28.3196 8.94427 16.6433 17.0294 11.4018 21.5407 23.3238      35 15.0013 29.0689       4 26.0192      13 20.6155 22.8035 8.27647 27.8744 20.5913 9.89949 22.8473 31.3209 24.0832      20 24.5967 13.0384
24.7257 13.0599  25.926       0 20.6243 14.0911 15.8354 15.7178 23.6349 20.1137     8.9 28.1311 17.9655 26.3108 10.4216 24.9802 27.8919    15.4 11.3649 14.0057 8.00999 7.35527 20.7885 3.05941  25.678 11.5741 15.3805   28.28 28.6803 4.01995  12.015 20.2247 6.16117 23.6677 23.6212  15.911 5.32541 10.1272 18.9172 8.90505 10.5906 16.1419 12.4483 32.5632 4.83322  16.005 5.24976 19.6306
 12.083 20.2485 9.05539 20.6243       0 29.6985 13.8924 14.2088    20.5 22.8035 15.5322 8.60233 9.21954 16.4469 10.3078 7.43303 7.28011 8.06226 22.0227 28.3196 19.0263  24.831 11.0454 22.3607 5.09902 9.43398 17.8885       8 14.2127 19.2354 27.5862  6.0531 22.2036 5.09902 17.1172       5 15.5242 21.2132 2.91548 20.2233 12.7279 6.32456 14.4222 23.2594 17.4929 21.0238  21.095       4
27.8568 10.7703 37.2022 14.0911 29.6985       0 29.4109 17.7564  21.006 15.0333 22.6771 38.2099 30.4138 27.0647 21.5232 30.9556 36.2353 22.0227 8.06226       2 22.0907 6.73647 24.1661 11.0454 34.0588 20.6155 29.4279  35.805 31.6228 18.1108 2.23607  26.462   8.544 34.0588 23.3452 24.7588 18.0278      24  29.129 9.47523 16.9706 27.4591 15.8114      31 13.4164 30.0666      19 27.0185
24.7588 24.0208 13.1529 15.8354 13.8924 29.4109       0  21.473 30.0042 29.6142 6.94622      17 5.09902 28.5044 9.70824 21.2191 19.6469 16.1245 24.0832 28.8617 9.21954   22.86 22.2036 18.7883 18.0278 12.6491 4.12311 21.1896 27.6586 12.2066 27.2029 18.2439 20.8806 13.1529 27.7849 12.8062 11.4018 9.84886 10.9772 21.4238 16.2788 7.81025 19.4165  35.609 16.2788 7.28011 12.7279 16.2788
10.2611 7.04911 23.0931 15.7178 14.2088 17.7564  21.473       0 8.76584 8.75728 17.7409 22.6294 19.4034  10.728 11.9013 13.3843 19.4445 6.37887 9.73088 15.9778 20.0122 15.3326 6.42573 15.3587 17.4496 8.82553 23.9727 18.5981 14.1877 17.3807 16.0465 9.32363 13.0035 19.2585  7.9177 10.3484 13.6561 22.8405 15.0097 9.35361 5.87282 15.3326 3.26956 16.8609 10.8853 26.3304  19.588 10.5589
10.7355 11.5434 29.5169 23.6349    20.5  21.006 30.0042 8.76584       0 6.18466 26.5047 27.9508 27.4089 7.43303 20.5913 16.4469 23.5637 14.0801 14.4309 19.0066 28.6923 21.2257 9.55249 22.5887 22.0737 17.4428 32.6841 22.0057 13.0863 25.8312 20.0562 14.5221    19.5 25.5196 4.03113 17.9513 22.2991 31.5159 22.1416 15.5862 14.6031 23.2863 11.6726 10.0125 18.9011 35.0892 27.9866    16.5
15.5563 7.07107 31.7805 20.1137 22.8035 15.0333 29.6142 8.75728 6.18466       0 24.8847 31.0161 28.0179 13.2098  19.906 20.5244 27.2947 15.1327 9.43398 13.0384 26.4197 16.2413 13.0384 18.4391 25.4951 17.1172 31.6228 26.0768 18.6011 23.0217 14.3178 17.3851      15 27.8927 9.43398  19.105 20.1246 29.1548 23.7592 11.3217 13.3417      24  10.198 16.0312 15.8114 33.6155      25 18.9737
23.7539  18.554 18.3371     8.9 15.5322 22.6771 6.94622 17.7409 26.5047 24.8847       0   21.36 9.86154 26.7067  6.5192 21.8403 22.5222 14.0089 18.0624 22.2767     3.5 16.0353 20.4022 11.8849    20.5 9.60469 7.01783 23.5213 27.2809 5.31507    20.5 17.7395 14.2215 16.9779 25.1048 12.1758 5.02494 5.85235 13.0096  15.347 11.9269 9.55249 15.0083 33.6786 10.0125 8.73212 6.26498 16.2865
     18 28.8444 4.47214 28.1311 8.60233 38.2099      17 22.6294 27.9508 31.0161   21.36       0 12.0416 22.5056 17.7553 12.0104 5.38516 16.6433 30.6105 36.8782 24.7386 33.0723 18.4391 30.2324       6 17.6918 21.0238 7.61577 18.4391      26 36.0694 13.6616 30.4795 4.47214 24.1868 13.4536 22.8254 26.3059 9.30054 28.7433 21.2603  12.083 23.0217 28.4429 25.6125 24.0832 27.5136  12.083
20.8087 23.3452   8.544 17.9655 9.21954 30.4138 5.09902 19.4034 27.4089 28.0179 9.86154 12.0416       0 24.8697 9.01388 16.6508 14.5602 13.3417 24.0416 29.5466      13 24.2689 18.7883 20.6155      13 11.0454 9.21954 16.1555 23.3452      15  28.178 14.3122 21.9545 8.06226 24.6982 9.48683 12.8062 14.3178 6.36396 21.5727 15.1327 4.12311 18.0278 31.9061      17 12.3693 16.1245 12.2066
4.52769  16.568 24.9098 26.3108 16.4469 27.0647 28.5044  10.728 7.43303 13.2098 26.7067 22.5056 24.8697       0 20.2299    10.5 17.5642 12.7475 19.5576 25.1098 29.5381 25.8279 6.36396 26.0864 16.5076 17.1026 31.8512 15.7003 5.70088 27.5045 25.7391 10.5991 23.6326 20.9881 3.80789 15.7003 23.5053 32.3187 18.7883 19.8363 15.8902 20.9404 13.9463 7.10634 21.5058 34.6482 29.7405 12.7475
17.2409 14.5344 15.9138 10.4216 10.3078 21.5232 9.70824 11.9013 20.5913  19.906  6.5192 17.7553 9.01388 20.2299       0 15.7003 17.5855     7.5 15.0416  20.573  9.6566  15.663 13.9014    12.5 15.4029 3.20156 12.0934 18.1728 20.8147 9.01388 19.2938  11.353 13.2004 13.3135 18.8215  6.0208 5.22015 12.2984     8.5 12.5591 6.57647  6.0208 9.70824 27.2443 8.20061 14.6031 11.0114 10.1119
 6.0208 20.4022 14.7054 24.9802 7.43303 30.9556 21.2191 13.3843 16.4469 20.5244 21.8403 12.0104 16.6508    10.5 15.7003       0 7.15891 9.70824 22.8965 29.2617  25.224  27.425     7.5 25.9856  6.0208    13.5 25.1247 5.59017 6.94622 24.5815 29.0904 4.80521 24.8244 10.9659    12.5 9.70824 20.5244 27.6812 10.3078 21.8753 15.0416 13.4629 15.2069 16.6208 20.8866 28.2179 26.6693 5.59017
13.1529 26.1725 9.21954 27.8919 7.28011 36.2353 19.6469 19.4445 23.5637 27.2947 22.5222 5.38516 14.5602 17.5642 17.5855 7.15891       0 14.2127 28.3196 34.7131 26.0192 31.7959 14.3178 29.5466 2.23607 16.5529 23.7697 2.23607 13.1529 26.4764 34.2053 10.1213 29.1548  6.7082 19.6469  12.083 22.8035 28.0179 9.51315 26.8213 19.4165      13 20.5183 23.1948 24.5967 26.9258 28.2843 9.21954
9.84886 12.2066 16.7631    15.4 8.06226 22.0227 16.1245 6.37887 14.0801 15.1327 14.0089 16.6433 13.3417 12.7475     7.5 9.70824 14.2127       0 14.1421 20.5183      17   17.86 6.40312 16.2788 12.0416 4.47214 19.2094 13.8924 13.6015 15.5242      20 4.90306 15.2315      13 11.6619       4 11.4018 19.7231 8.63134 12.6246 5.38516 9.21954 6.40312  19.799 11.1803 21.9317   17.72       5
19.9249       3 30.0167 11.3649 22.0227 8.06226 24.0832 9.73088 14.4309 9.43398 18.0624 30.6105 24.0416 19.5576 15.0416 22.8965 28.3196 14.1421       0 6.40312 18.6815  6.8542 16.1555 9.21954 26.1725 13.4164 25.0799 27.8029 23.7697 14.8661 6.32456 18.4402 5.65685 26.6271      16 17.2047 13.0384 21.1896  21.783 2.71662 9.43398 20.6155 7.81025 24.3311 8.06226 26.4764 16.5529  19.105
     26 8.94427 36.0555 14.0057 28.3196       2 28.8617 15.9778 19.0066 13.0384 22.2767 36.8782 29.5466 25.1098  20.573 29.2617 34.7131 20.5183 6.40312       0      22 6.82495 22.3607 11.0454 32.5576 19.4165 29.1548 34.2053 29.7321      18 2.23607 24.8403 8.06226 32.8024 21.3776 23.4307 17.4642 24.0832 27.9016 8.18413 15.6205 26.4197 14.2127      29 12.6491      30  19.105 25.4951
26.8328 19.6977 21.5407 8.00999 19.0263 22.0907 9.21954 20.0122 28.6923 26.4197     3.5 24.7386      13 29.5381  9.6566  25.224 26.0192      17 18.6815      22       0 15.3551 23.3238 11.0454      24   12.53 7.61577 27.0185 30.4631       4  20.025  21.001 14.0357 20.3961 27.6586 15.5242 6.40312 2.82843 16.5076 16.0056 14.1421 13.0384 17.0294 36.4005 10.7703       8 3.60555 19.6469
25.5143 9.68401 31.5687 7.35527  24.831 6.73647   22.86 15.3326 21.2257 16.2413 16.0353 33.0723 24.2689 25.8279  15.663  27.425 31.7959   17.86  6.8542 6.82495 15.3551       0 21.5541 4.31045 29.5665 15.4201 22.7108 31.7077 29.4853 11.3745 4.70956 22.6738 2.64197 28.7433 22.4629 19.8338 11.5836 17.3142 23.8008       6 12.4812 21.6836 12.5132 31.0319 7.49533 23.3362 12.3199 22.7636
      4 13.4164      20 20.7885 11.0454 24.1661 22.2036 6.42573 9.55249 13.0384 20.4022 18.4391 18.7883 6.36396 13.9014     7.5 14.3178 6.40312 16.1555 22.3607 23.3238 21.5541       0 21.0238 12.6491 10.8167 25.4951 13.0384       8 21.5407 22.4722   5.004  19.105      16 6.08276 9.43398 17.4642 26.0768 12.9808 15.6518  10.198 14.7648 9.05539 13.4536 16.1245 28.2843 23.7697 7.07107
  25.02 11.4018 28.3196 3.05941 22.3607 11.0454 18.7883 15.3587 22.5887 18.4391 11.8849 30.2324 20.6155 26.0864    12.5 25.9856 29.5466 16.2788 9.21954 11.0454 11.0454 4.31045 21.0238       0  27.313      13 18.4391 29.7321 29.0172 7.07107       9 21.1811 3.60555  25.807 23.0868 17.4642 7.81025 13.0384 20.9404 7.14003 11.0454 18.4391 12.1655 31.9531 5.09902 19.0263 8.06226 20.8806
     12 24.0832 8.94427  25.678 5.09902 34.0588 18.0278 17.4496 22.0737 25.4951    20.5       6      13 16.5076 15.4029  6.0208 2.23607 12.0416 26.1725 32.5576      24 29.5665 12.6491  27.313       0 14.3178 22.1359 3.16228 12.6491 24.3311 32.0156 8.16333 26.9258 5.65685 18.2483 9.84886 20.6155 26.0768 7.51665 24.6288 17.2047 11.0454 18.3848  22.561 22.3607 25.2982 26.1725 7.07107
14.3178 12.3693 16.6433 11.5741 9.43398 20.6155 12.6491 8.82553 17.4428 17.1172 9.60469 17.6918 11.0454 17.1026 3.20156    13.5 16.5529 4.47214 13.4164 19.4165   12.53 15.4201 10.8167      13 14.3178       0 15.2643 16.7631 18.0278 11.1803 18.4391 8.85664 12.8062 13.4536 15.6205 4.47214 7.07107 15.2643 8.51469  11.233 4.12311 7.28011       7 24.0832 8.06226 17.8045 13.3417 8.06226
28.3196 25.4951 17.0294 15.3805 17.8885 29.4279 4.12311 23.9727 32.6841 31.6228 7.01783 21.0238 9.21954 31.8512 12.0934 25.1247 23.7697 19.2094 25.0799 29.1548 7.61577 22.7108 25.4951 18.4391 22.1359 15.2643       0 25.2982 31.4006 11.4018 27.2947 21.8687  21.095 17.2627 30.8058 16.2788 12.0416 7.07107 14.9833 22.3647 18.3848 11.6619 21.5407 38.9487 17.0294 3.16228 11.1803      20
11.4018 25.4951 11.4018   28.28       8  35.805 21.1896 18.5981 22.0057 26.0768 23.5213 7.61577 16.1555 15.7003 18.1728 5.59017 2.23607 13.8924 27.8029 34.2053 27.0185 31.7077 13.0384 29.7321 3.16228 16.7631 25.2982       0 11.0454 27.1662 33.8378  9.3723 29.0689 8.60233 18.0278 12.3693 23.3452 29.1548 10.6066 26.4911 19.2354 14.1421      20  21.095 24.6982 28.4605 29.0689 8.94427
      4 20.8806 21.5407 28.6803 14.2127 31.6228 27.6586 14.1877 13.0863 18.6011 27.2809 18.4391 23.3452 5.70088 20.8147 6.94622 13.1529 13.6015 23.7697 29.7321 30.4631 29.4853       8 29.0172 12.6491 18.0278 31.4006 11.0454       0 29.1204 30.0832 9.60417  27.074 17.8885 9.21954 15.2643      25 33.1059 16.9853 23.5325 18.1108 19.8494 17.0294 10.0499 24.0832 34.4093 31.3209 11.4018
25.2982 16.1245 23.3238 4.01995 19.2354 18.1108 12.2066 17.3807 25.8312 23.0217 5.31507      26      15 27.5045 9.01388 24.5815 26.4764 15.5242 14.8661      18       4 11.3745 21.5407 7.07107 24.3311 11.1803 11.4018 27.1662 29.1204       0 16.0312  20.026 10.0499 21.5407 25.2389      15 4.12311 6.32456 17.1026 12.2385 11.6619 13.9284 14.2127 34.1321  7.2111      12 2.23607 19.0263
26.2488 9.21954      35  12.015 27.5862 2.23607 27.2029 16.0465 20.0562 14.3178    20.5 36.0694  28.178 25.7391 19.2938 29.0904 34.2053      20 6.32456 2.23607  20.025 4.70956 22.4722       9 32.0156 18.4391 27.2947 33.8378 30.0832 16.0312       0 24.5284 6.32456 31.8904 22.0907 22.6274 15.8114 22.0227 26.9537 7.38783 14.8661 25.2389 13.8924 30.0666 11.1803 28.0179 17.0294      25
6.52993  16.132 15.0013 20.2247  6.0531  26.462 18.2439 9.32363 14.5221 17.3851 17.7395 13.6616 14.3122 10.5991  11.353 4.80521 10.1213 4.90306 18.4402 24.8403  21.001 22.6738   5.004 21.1811 8.16333 8.85664 21.8687  9.3723 9.60417  20.026 24.5284       0 20.0609 11.0018 11.0653 5.66039 15.9261 23.5847  8.1939 17.2308 10.2489 10.4995 10.6508 17.5966 16.0823 24.8403 22.1639 2.15407
23.0868 8.06226 29.0689 6.16117 22.2036   8.544 20.8806 13.0035    19.5      15 14.2215 30.4795 21.9545 23.6326 13.2004 24.8244 29.1548 15.2315 5.65685 8.06226 14.0357 2.64197  19.105 3.60555 26.9258 12.8062  21.095 29.0689  27.074 10.0499 6.32456 20.0609       0 26.1725 20.3961 17.2047 9.48683 16.2788  21.225 3.92173 9.84886 19.2094 10.0499 29.1204       5 22.0227 11.4018 20.1246
16.4924 25.0599       4 23.6677 5.09902 34.0588 13.1529 19.2585 25.5196 27.8927 16.9779 4.47214 8.06226 20.9881 13.3135 10.9659  6.7082      13 26.6271 32.8024 20.3961 28.7433      16  25.807 5.65685 13.4536 17.2627 8.60233 17.8885 21.5407 31.8904 11.0018 26.1725       0 22.0227 9.43398 18.3576 22.0907 4.94975 24.6288 17.2047 7.61577 19.2354 27.5136 21.2603 20.3961 23.0868 9.05539
 6.7082      13 26.0192 23.6212 17.1172 23.3452 27.7849  7.9177 4.03113 9.43398 25.1048 24.1868 24.6982 3.80789 18.8215    12.5 19.6469 11.6619      16 21.3776 27.6586 22.4629 6.08276 23.0868 18.2483 15.6205 30.8058 18.0278 9.21954 25.2389 22.0907 11.0653 20.3961 22.0227       0 15.2315 21.4009 30.4795 19.0394 16.5221 13.6015 20.6155 11.1803 8.94427 18.7883 33.4215 27.4591 13.1529
12.0416 15.6525      13  15.911       5 24.7588 12.8062 10.3484 17.9513  19.105 12.1758 13.4536 9.48683 15.7003  6.0208 9.70824  12.083       4 17.2047 23.4307 15.5242 19.8338 9.43398 17.4642 9.84886 4.47214 16.2788 12.3693 15.2643      15 22.6274 5.66039 17.2047 9.43398 15.2315       0 11.0454 18.0278 4.74342 15.2899 7.81025 5.38516 9.84886 22.8035   12.53 19.2094 17.0294 4.12311
21.1896 13.6015 20.6155 5.32541 15.5242 18.0278 11.4018 13.6561 22.2991 20.1246 5.02494 22.8254 12.8062 23.5053 5.22015 20.5244 22.8035 11.4018 13.0384 17.4642 6.40312 11.5836 17.4642 7.81025 20.6155 7.07107 12.0416 23.3452      25 4.12311 15.8114 15.9261 9.48683 18.3576 21.4009 11.0454       0 9.21954 13.6565 10.3238 7.81025 10.8167 10.6301 30.2324       5 13.6015 6.32456      15
29.5296 22.3607 22.8035 10.1272 21.2132      24 9.84886 22.8405 31.5159 29.1548 5.85235 26.3059 14.3178 32.3187 12.2984 27.6812 28.0179 19.7231 21.1896 24.0832 2.82843 17.3142 26.0768 13.0384 26.0768 15.2643 7.07107 29.1548 33.1059 6.32456 22.0227 23.5847 16.2788 22.0907 30.4795 18.0278 9.21954       0 18.5607 18.5521 16.9706 15.0333 19.8494 39.2046 13.4164 6.32456       5 22.1359
14.5774 20.3593 8.27647 18.9172 2.91548  29.129 10.9772 15.0097 22.1416 23.7592 13.0096 9.30054 6.36396 18.7883     8.5 10.3078 9.51315 8.63134  21.783 27.9016 16.5076 23.8008 12.9808 20.9404 7.51665 8.51469 14.9833 10.6066 16.9853 17.1026 26.9537  8.1939  21.225 4.94975 19.0394 4.74342 13.6565 18.5607       0   19.72 12.3491 3.53553 14.5774 25.7391 16.3248 18.1246 18.8282 6.04152
19.5801  4.2638 27.8744 8.90505 20.2233 9.47523 21.4238 9.35361 15.5862 11.3217  15.347 28.7433 21.5727 19.8363 12.5591 21.8753 26.8213 12.6246 2.71662 8.18413 16.0056       6 15.6518 7.14003 24.6288  11.233 22.3647 26.4911 23.5325 12.2385 7.38783 17.2308 3.92173 24.6288 16.5221 15.2899 10.3238 18.5521   19.72       0 7.49533 18.2915 6.70671 25.2067 5.34603 23.7693 14.0064 17.6233
14.1421 8.24621 20.5913 10.5906 12.7279 16.9706 16.2788 5.87282 14.6031 13.3417 11.9269 21.2603 15.1327 15.8902 6.57647 15.0416 19.4165 5.38516 9.43398 15.6205 14.1421 12.4812  10.198 11.0454 17.2047 4.12311 18.3848 19.2354 18.1108 11.6619 14.8661 10.2489 9.84886 17.2047 13.6015 7.81025 7.81025 16.9706 12.3491 7.49533       0 11.4018 3.16228 22.4722       6 20.5913 13.8924 10.2956
17.0294 19.6469 9.89949 16.1419 6.32456 27.4591 7.81025 15.3326 23.2863      24 9.55249  12.083 4.12311 20.9404  6.0208 13.4629      13 9.21954 20.6155 26.4197 13.0384 21.6836 14.7648 18.4391 11.0454 7.28011 11.6619 14.1421 19.8494 13.9284 25.2389 10.4995 19.2094 7.61577 20.6155 5.38516 10.8167 15.0333 3.53553 18.2915 11.4018       0 14.1421 28.0179 14.2127 14.7648 15.5242 8.48528
13.0384 5.83095 22.8473 12.4483 14.4222 15.8114 19.4165 3.26956 11.6726  10.198 15.0083 23.0217 18.0278 13.9463 9.70824 15.2069 20.5183 6.40312 7.81025 14.2127 17.0294 12.5132 9.05539 12.1655 18.3848       7 21.5407      20 17.0294 14.2127 13.8924 10.6508 10.0499 19.2354 11.1803 9.84886 10.6301 19.8494 14.5774 6.70671 3.16228 14.1421       0 20.1246 7.61577 23.7065 16.4012 11.3137
11.1803 21.3776 31.3209 32.5632 23.2594      31  35.609 16.8609 10.0125 16.0312 33.6786 28.4429 31.9061 7.10634 27.2443 16.6208 23.1948  19.799 24.3311      29 36.4005 31.0319 13.4536 31.9531  22.561 24.0832 38.9487  21.095 10.0499 34.1321 30.0666 17.5966 29.1204 27.5136 8.94427 22.8035 30.2324 39.2046 25.7391 25.2067 22.4722 28.0179 20.1246       0 27.7308 41.7253 36.3593 19.7231
20.0998 8.94427 24.0832 4.83322 17.4929 13.4164 16.2788 10.8853 18.9011 15.8114 10.0125 25.6125      17 21.5058 8.20061 20.8866 24.5967 11.1803 8.06226 12.6491 10.7703 7.49533 16.1245 5.09902 22.3607 8.06226 17.0294 24.6982 24.0832  7.2111 11.1803 16.0823       5 21.2603 18.7883   12.53       5 13.4164 16.3248 5.34603       6 14.2127 7.61577 27.7308       0 18.4391 9.21954 15.8114
 31.241 27.2029      20  16.005 21.0238 30.0666 7.28011 26.3304 35.0892 33.6155 8.73212 24.0832 12.3693 34.6482 14.6031 28.2179 26.9258 21.9317 26.4764      30       8 23.3362 28.2843 19.0263 25.2982 17.8045 3.16228 28.4605 34.4093      12 28.0179 24.8403 22.0227 20.3961 33.4215 19.2094 13.6015 6.32456 18.1246 23.7693 20.5913 14.7648 23.7065 41.7253 18.4391       0 11.1803 23.0217
27.5136 18.0278 24.5967 5.24976  21.095      19 12.7279  19.588 27.9866      25 6.26498 27.5136 16.1245 29.7405 11.0114 26.6693 28.2843   17.72 16.5529  19.105 3.60555 12.3199 23.7697 8.06226 26.1725 13.3417 11.1803 29.0689 31.3209 2.23607 17.0294 22.1639 11.4018 23.0868 27.4591 17.0294 6.32456       5 18.8282 14.0064 13.8924 15.5242 16.4012 36.3593 9.21954 11.1803       0  21.095
8.60233 17.0294 13.0384 19.6306       4 27.0185 16.2788 10.5589    16.5 18.9737 16.2865  12.083 12.2066 12.7475 10.1119 5.59017 9.21954       5  19.105 25.4951 19.6469 22.7636 7.07107 20.8806 7.07107 8.06226      20 8.94427 11.4018 19.0263      25 2.15407 20.1246 9.05539 13.1529 4.12311      15 22.1359 6.04152 17.6233 10.2956 8.48528 11.3137 19.7231 15.8114 23.0217  21.095       0

