     0 34.7131 27.1662 12.0416 19.2354 24.1661 15.8114      25 27.5726      13 21.5407 17.0294 9.21954 14.1421 29.7321 21.9317      21 30.4138 30.2324 32.7567 30.2324 36.2353 18.0278 26.0768 9.21954 13.4164 17.7553 13.4536 18.7883 19.7231 31.6228 14.3178 23.6008 26.4008 34.2053 28.2843  19.105 19.4165 17.8885 20.5913  12.083 36.0694 30.0832 27.8029 28.6356 33.0151 21.0238 13.0384
34.7131       0 26.0192 22.6716 53.6004 57.6281 34.5398 50.6952 24.4182 22.8035 54.8179 48.2597 43.8634 20.6155 43.1856 17.2627 23.5372 28.2843 6.08276 43.2897 64.4438 46.0435 25.4951      21 25.4951 33.8378 50.6779 48.1041 17.4929 44.9222 44.1022 24.6982 40.1995 39.3192 6.40312  6.7082 41.2311 48.8467 51.7397      55 41.1461 3.16228 12.1655 9.05539      35 50.4876 47.1275 26.9258
27.1662 26.0192       0  21.095 44.4072 41.5933 15.2315      29 39.4367      17 38.9102  31.305 33.2415 21.4009   17.72 29.2062  6.7082 3.60555 20.0998 53.8238 49.1935  20.025 33.4215 5.09902 21.9317 36.2491    44.5 36.6742 14.8661 45.8803  53.535 29.4109 46.5296 14.3178 30.5941 24.0416 44.0114 46.5296 37.3363 45.5412  38.833 29.0689 14.0357 26.9258 9.05539 25.2982 47.5395 30.5287
12.0416 22.6716  21.095       0 31.0644 35.5106 17.4642 32.0624 20.7183 4.24264 32.7567 26.9258 21.2132 2.23607 30.8707      12 14.4222 24.6982 18.3576 32.8024 42.0119 36.3593 12.8062 18.0278 2.82843 15.5242 28.6923 25.4558       8 26.0768   32.45 8.48528 25.4951 26.8328 22.4722 16.2788 23.5372 28.2843 29.4109   32.45 20.2237 24.0832 19.2354 16.1245 26.2488 36.4005 28.0179 9.43398
19.2354 53.6004 44.4072 31.0644       0 14.7648      30 28.3019 41.1491 32.2025 14.2127 17.8885 11.1803 33.0151 40.5216 38.9487 39.0512 47.1699 49.3964      37      16 47.1275   32.45 44.3847 28.3019 23.7065  6.0208 8.06226 38.0132      19 35.0143 30.4795 28.1603 38.6394  52.345 47.0106 22.2036 13.1529 11.4018 1.41421 15.2315 54.6717 49.2443 46.0109 43.1045 40.2492 18.1108 28.4253
24.1661 57.6281 41.5933 35.5106 14.7648       0 26.4197 17.1172 50.9338 34.8281 2.82843 10.2956 15.5242 37.7359 32.0624 46.0977 38.0132 43.4626 52.4023 50.4876 7.61577 38.0132 41.4849 43.2666 32.7567 34.2345 20.4267 12.0416 40.3609 32.7567 48.6621 38.2753 41.1947 31.5753 57.9828  51.614 35.2278 27.5136 6.32456 14.4222 27.0185 59.4054 50.3289 51.6236 37.3631 29.4279   32.28 36.6879
15.8114 34.5398 15.2315 17.4642      30 26.4197       0 16.1555 38.1215 14.0357 23.7065 16.1245  19.105 19.2354 14.2127 29.2746 12.0416 17.4642 28.6356  47.634      34 20.5183 29.5466 17.0294 16.1555 28.3196 31.0846 22.0227 17.4642 35.5106 46.7547 25.0799 38.8973 10.6301 36.8782 29.8329 34.8281 34.5398 22.1359 31.0161 27.7849      37      25  31.257 13.3417 18.9737 36.7151 25.0599
     25 50.6952      29 32.0624 28.3019 17.1172 16.1555       0 51.7421 29.4279 15.5242 10.6301 21.4009 34.1321 15.5242 44.0454 27.7849 29.8329 44.7772 57.2713 24.0208 21.0238 42.4264 32.2025      30 38.2753 32.2684 21.2603 33.5261 41.6173 55.9017 38.2099 47.8539 16.1245 52.8867 45.8803 42.5441 38.2099      17 28.6531 34.1321 53.1413 40.8167 47.0744 22.4722 12.3693 42.0119 37.4833
27.5726 24.4182 39.4367 20.7183 41.1491 50.9338 38.1215 51.7421       0 24.6221 48.5412  44.601 35.4154 19.2419 51.5388 10.2591 33.4253 42.8981 25.2834 19.0066 55.8323 56.8001 9.55249 35.0179 22.0737 17.4428 36.2008   39.08 24.6018 25.8312 20.0562  13.537 18.1177 47.4684 19.0066    19.5 21.5928 31.5159 44.6346    42.5 25.9856 23.0489 30.7937 15.9765 46.2196 57.0898 27.9866 14.5344
     13 22.8035      17 4.24264 32.2025 34.8281 14.0357 29.4279 24.6221       0 32.0156 25.5539 21.6333 5.38516 26.9258 15.2971 10.2956 20.5913 17.6918 37.0135 41.7253  32.249 17.0294 14.3178 5.09902 19.3132 30.5655  25.807 5.83095 29.4279 36.6197 12.7279 29.5296 22.8473 23.7697      17 27.2029 31.0161      29  33.541      23 24.6982  17.088   17.72 22.0227 32.7567  31.257 13.6015
21.5407 54.8179 38.9102 32.7567 14.2127 2.82843 23.7065 15.5242 48.5412 32.0156       0 7.61577 13.1529 34.9857      30 43.4626 35.2278 40.8534 49.5782 48.8365 10.2956 36.1248 39.0512 40.4969 30.0167 32.0624 19.4743 10.0499 37.5366 31.3209 47.0744 35.7351 39.4588 29.2746 55.2268 48.8262  33.541 26.4008       4 14.1421 25.1794 56.6127 47.5079 48.8774 34.9285 27.8927 31.0161 34.2053
17.0294 48.2597  31.305 26.9258 17.8885 10.2956 16.1245 10.6301  44.601 25.5539 7.61577       0 11.1803 29.1548 23.1948 38.3275 27.8029 33.2415 42.8019 47.7598 17.8885 29.6142 35.0571 33.0151 24.3516 29.4279 21.6391 10.6301 30.8058 31.3847 46.2385  31.257 38.2753 22.0227 49.1935 42.5441 32.6956 27.6586 7.07107 18.3848 24.1661 50.2494 40.3113 42.9535 27.4591 22.3607 31.6228 30.0666
9.21954 43.8634 33.2415 21.2132 11.1803 15.5242  19.105 21.4009 35.4154 21.6333 13.1529 11.1803       0 23.3452 30.8707 30.8869 27.8927 36.0555 39.2046 36.6879  21.095 37.5766 25.9615 33.2415 18.3848      19 12.1758 4.24264 27.4591 20.2485 35.1141 22.8473 27.2029 28.4605 43.4166 37.4833 21.5407 17.0294 9.21954 12.3693      13 45.2769 38.4708 37.0135 32.3883 32.0156 20.6155 21.1896
14.1421 20.6155 21.4009 2.23607 33.0151 37.7359 19.2354 34.1321 19.2419 5.38516 34.9857 29.1548 23.3452       0  32.311 10.0499 14.8661      25 16.5529   32.45 44.2041 37.5899 12.0416 17.8885       5 16.1245 30.4179 27.5862 7.28011      27  32.249 8.06226  25.632 28.2312 20.2485 14.1421 24.1868 29.6142 31.6228 34.4093  21.587 21.9317 18.0278 13.8924 27.2029 38.0789 29.0172 9.48683
29.7321 43.1856   17.72 30.8707 40.5216 32.0624 14.2127 15.5242 51.5388 26.9258      30 23.1948 30.8707  32.311       0 42.0595  20.025      17 37.1214 61.8466 39.3192  6.7082 43.4166 22.3607 30.0167 42.5206 43.0029  32.573 28.4429 49.2037  60.959 38.9487 53.0754 4.12311 47.0106   40.05 48.8365 47.5079 30.2655 41.2311 41.4005 46.0977 31.5753 42.2966 8.94427 7.61577 50.2195 39.1152
21.9317 17.2627 29.2062      12 38.9487 46.0977 29.2746 44.0454 10.2591 15.2971 43.4626 38.3275 30.8869 10.0499 42.0595       0 23.3238 32.6497 16.2788 27.2029 51.9711 47.0106 8.24621 24.7588 14.1421      17 35.0892 34.9857 14.4222 27.8568 27.6586 8.48528 23.0217 37.9473 13.8924      11 24.0416  32.249 39.8121 40.3609      25  17.088 21.0238 8.24621 36.2353 48.0521 30.0832 10.6301
     21 23.5372  6.7082 14.4222 39.0512 38.0132 12.0416 27.7849 33.4253 10.2956 35.2278 27.8029 27.8927 14.8661  20.025 23.3238       0 10.2956 17.4642 47.2017 45.4863 24.0416 26.9072 5.38516 15.2315 29.5466 38.6167 31.6228 8.94427 39.2938 46.8722 22.8035 39.8246      16      27  20.025 37.3363 40.1995  33.121 40.2616 32.3883 26.3059 13.0384 22.3607      13  27.074      41 23.8537
30.4138 28.2843 3.60555 24.6982 47.1699 43.4626 17.4642 29.8329 42.8981 20.5913 40.8534 33.2415 36.0555      25      17 32.6497 10.2956       0  22.561 57.4282 51.0784 18.1108 37.0135 8.06226 25.4951 39.8121 47.5421 39.3192 18.3848 49.3356 57.1402 33.0151 50.1199 14.2127 33.2415 26.9258 47.5395 49.8197 39.5601 48.2597 42.2019 31.4006 16.1245 29.9666 8.06226 24.5967 50.9608 34.1321
30.2324 6.08276 20.0998 18.3576 49.3964 52.4023 28.6356 44.7772 25.2834 17.6918 49.5782 42.8019 39.2046 16.5529 37.1214 16.2788 17.4642  22.561       0 43.4166  59.397 40.1123 24.0208 15.0333  21.095 31.4006 46.9707 43.4166 12.0416 42.5793 43.9318 22.2036 39.0512 33.2415 10.7703 5.83095 39.2046 45.8803  46.669  50.774 37.9473       9  6.7082 9.43398 29.0172 44.4072 44.7214 24.3311
32.7567 43.2897 53.8238 32.8024      37 50.4876  47.634 57.2713 19.0066 37.0135 48.8365 47.7598 36.6879   32.45 61.8466 27.2029 47.2017 57.4282 43.4166       0      53 68.0147 20.5913 50.2494 32.5576 19.4165  31.004  38.833 39.4462      18 2.23607 24.4131 9.48683 58.1378 38.0132  37.855 15.2971 24.0832  44.911 38.0132 23.7697 42.0476 48.1041 34.5254 58.7282 65.7343  19.105 23.4307
30.2324 64.4438 49.1935 42.0119      16 7.61577      34 24.0208 55.8323 41.7253 10.2956 17.8885  21.095 44.2041 39.3192 51.9711 45.4863 51.0784  59.397      53       0 45.0444 46.6154  50.774 39.2046 38.6005 22.0057      17 47.3814      35 51.0098 43.8292 44.1022 39.0512  64.405  58.258 38.1182 29.0689 12.7279 15.0333 30.5941 66.0681 57.6281 58.0086 44.9222 36.0555 34.0588 42.0476
36.2353 46.0435  20.025 36.3593 47.1275 38.0132 20.5183 21.0238 56.8001  32.249 36.1248 29.6142 37.5766 37.5899  6.7082 47.0106 24.0416 18.1108 40.1123 68.0147 45.0444       0 49.0918 25.0799  35.805 48.7955 49.7016 39.2173 32.8938 55.8032 67.2086 44.6542  59.397 9.89949 50.4876 43.7379 55.3173 54.2033 36.6742 47.8017 48.0104 49.0918      34 46.3249 11.1803 9.84886 56.8595      45
18.0278 25.4951 33.4215 12.8062   32.45 41.4849 29.5466 42.4264 9.55249 17.0294 39.0512 35.0571 25.9615 12.0416 43.4166 8.24621 26.9072 37.0135 24.0208 20.5913 46.6154 49.0918       0 29.6816 13.4164 9.21954 27.9866 29.7321  18.868 19.6977 20.6155 4.47214 15.0333 39.4462 21.9317  19.105 15.8114 24.4131  35.171 33.8378 17.6918 25.2982 27.8927 16.4924 39.0512 48.4665 21.9317       5
26.0768      21 5.09902 18.0278 44.3847 43.2666 17.0294 32.2025 35.0179 14.3178 40.4969 33.0151 33.2415 17.8885 22.3607 24.7588 5.38516 8.06226 15.0333 50.2494  50.774 25.0799 29.6816       0 19.4165 33.5261 43.7864      37 10.8167 43.7379 50.1199 25.9422 43.4626 18.6815 25.4951 18.9737 41.4849 45.0444 38.4708  45.607 37.1214 24.0208 9.21954 21.9317      14 29.8329 45.5412  27.313
9.21954 25.4951 21.9317 2.82843 28.3019 32.7567 16.1555      30 22.0737 5.09902 30.0167 24.3516 18.3848       5 30.0167 14.1421 15.2315 25.4951  21.095 32.5576 39.2046  35.805 13.4164 19.4165       0 14.3178 26.1008 22.6274  10.198 24.3311 32.0156 8.94427 24.6982 26.0768 25.2389  19.105 22.1359 26.0768 26.6271 29.6816 18.0278 26.9072  21.587  18.868 26.1725 35.1141 26.1725 9.21954
13.4164 33.8378 36.2491 15.5242 23.7065 34.2345 28.3196 38.2753 17.4428 19.3132 32.0624 29.4279      19 16.1245 42.5206      17 29.5466 39.8121 31.4006 19.4165 38.6005 48.7955 9.21954 33.5261 14.3178       0 18.9011 22.2036 23.3452 11.1803 18.4391 9.21954 10.6301 38.8973 30.8869 27.2029 8.06226 15.2643 28.0713 25.0599 8.60233 34.0147 34.0147 25.0799      40 46.3249 13.3417 7.07107
17.7553 50.6779    44.5 28.6923  6.0208 20.4267 31.0846 32.2684 36.2008 30.5655 19.4743 21.6391 12.1758 30.4179 43.0029 35.0892 38.6167 47.5421 46.9707  31.004 22.0057 49.7016 27.9866 43.7864 26.1008 18.9011       0 11.0114 36.2112 13.0096 29.0043 26.6317 22.2767 40.6356 48.8083 43.9915 16.3783 7.15891 16.1012 7.01783 10.3078 51.4514 47.6051 42.6058 44.4213 43.6835 12.0934 24.4591
13.4536 48.1041 36.6742 25.4558 8.06226 12.0416 22.0227 21.2603   39.08  25.807 10.0499 10.6301 4.24264 27.5862  32.573 34.9857 31.6228 39.3192 43.4166  38.833      17 39.2173 29.7321      37 22.6274 22.2036 11.0114       0 31.6228 21.5407  37.108 26.8328 29.4279 30.5941  47.634 41.7253 23.5372 17.2047 6.08276       9 15.1327 49.5177 42.5441 41.2311 35.0571 32.7567 21.4709 25.0799
18.7883 17.4929 14.8661       8 38.0132 40.3609 17.4642 33.5261 24.6018 5.83095 37.5366 30.8058 27.4591 7.28011 28.4429 14.4222 8.94427 18.3848 12.0416 39.4462 47.3814 32.8938  18.868 10.8167  10.198 23.3452 36.2112 31.6228       0 34.0588 39.3573 15.2315 32.8938 24.3311 19.4165 12.3693 31.4006 36.2215 34.6554 39.3573 28.1603 19.6977 11.4018      14 21.9317 35.0571 36.0139 16.7631
19.7231 44.9222 45.8803 26.0768      19 32.7567 35.5106 41.6173 25.8312 29.4279 31.3209 31.3847 20.2485      27 49.2037 27.8568 39.2938 49.3356 42.5793      18      35 55.8032 19.6977 43.7379 24.3311 11.1803 13.0096 21.5407 34.0588       0 16.0312 20.3961 9.48683 46.0435 41.6293 38.3275 4.24264 6.32456 27.5136  20.025 7.81025 44.9444 45.0111 36.0555 48.3011 51.6236 2.23607 18.2483
31.6228 44.1022  53.535   32.45 35.0143 48.6621 46.7547 55.9017 20.0562 36.6197 47.0744 46.2385 35.1141  32.249  60.959 27.6586 46.8722 57.1402 43.9318 2.23607 51.0098 67.2086 20.6155 50.1199 32.0156 18.4391 29.0043  37.108 39.3573 16.0312       0 24.1868 8.06226 57.3149 39.0128 38.4708 13.6015 22.0227 43.1741      36 22.1359      43 48.3839 35.2278 58.1378 64.6375 17.0294 23.0217
14.3178 24.6982 29.4109 8.48528 30.4795 38.2753 25.0799 38.2099  13.537 12.7279 35.7351  31.257 22.8473 8.06226 38.9487 8.48528 22.8035 33.0151 22.2036 24.4131 43.8292 44.6542 4.47214 25.9422 8.94427 9.21954 26.6317 26.8328 15.2315 20.3961 24.1868       0   17.72 34.9857 22.2036 18.0278 17.0294 24.1661 31.9531 31.8904 16.6433 25.0599 25.1794 16.1245 34.7131 44.0114  22.561 2.23607
23.6008 40.1995 46.5296 25.4951 28.1603 41.1947 38.8973 47.8539 18.1177 29.5296 39.4588 38.2753 27.2029  25.632 53.0754 23.0217 39.8246 50.1199 39.0512 9.48683 44.1022  59.397 15.0333 43.4626 24.6982 10.6301 22.2767 29.4279 32.8938 9.48683 8.06226   17.72       0 49.4975 35.9026 34.0147       6 15.8114 35.5106 29.2746 14.3178 39.6232 42.7551 31.1448 50.6063 56.6127 11.1803 16.1555
26.4008 39.3192 14.3178 26.8328 38.6394 31.5753 10.6301 16.1245 47.4684 22.8473 29.2746 22.0227 28.4605 28.2312 4.12311 37.9473      16 14.2127 33.2415 58.1378 39.0512 9.89949 39.4462 18.6815 26.0768 38.8973 40.6356 30.5941 24.3311 46.0435 57.3149 34.9857 49.4975       0      43 36.0139 45.4533 44.7214      29 39.4588 38.2753   42.19 27.8927 38.2099 6.40312 11.1803 47.1699 35.2278
34.2053 6.40312 30.5941 22.4722  52.345 57.9828 36.8782 52.8867 19.0066 23.7697 55.2268 49.1935 43.4166 20.2485 47.0106 13.8924      27 33.2415 10.7703 38.0132  64.405 50.4876 21.9317 25.4951 25.2389 30.8869 48.8083  47.634 19.4165 41.6293 39.0128 22.2036 35.9026      43       0 7.07107 37.6962 46.1411 51.8652 53.7587  38.833 4.12311 17.4642 6.40312 39.3192  54.037 43.8634 24.4131
28.2843  6.7082 24.0416 16.2788 47.0106  51.614 29.8329 45.8803    19.5      17 48.8262 42.5441 37.4833 14.1421   40.05      11  20.025 26.9258 5.83095  37.855  58.258 43.7379  19.105 18.9737  19.105 27.2029 43.9915 41.7253 12.3693 38.3275 38.4708 18.0278 34.0147 36.0139 7.07107       0 34.7131 42.1545  45.607 48.4149 34.4384 7.81025 12.0416 3.60555 32.5576 47.0106 40.5216 20.2485
 19.105 41.2311 44.0114 23.5372 22.2036 35.2278 34.8281 42.5441 21.5928 27.2029  33.541 32.6956 21.5407 24.1868 48.8365 24.0416 37.3363 47.5395 39.2046 15.2971 38.1182 55.3173 15.8114 41.4849 22.1359 8.06226 16.3783 23.5372 31.4006 4.24264 13.6015 17.0294       6 45.4533 37.6962 34.7131       0 10.2956 29.6142 23.3452   8.544 41.1096 42.0476   32.28 47.1699 51.8556 6.40312      15
19.4165 48.8467 46.5296 28.2843 13.1529 27.5136 34.5398 38.2099 31.5159 31.0161 26.4008 27.6586 17.0294 29.6142 47.5079  32.249 40.1995 49.8197 45.8803 24.0832 29.0689 54.2033 24.4131 45.0444 26.0768 15.2643 7.15891 17.2047 36.2215 6.32456 22.0227 24.1661 15.8114 44.7214 46.1411 42.1545 10.2956       0 22.8254 14.0357 8.06226 49.1935 47.5184 40.2492 47.7598 49.0408       5 21.9317
17.8885 51.7397 37.3363 29.4109 11.4018 6.32456 22.1359      17 44.6346      29       4 7.07107 9.21954 31.6228 30.2655 39.8121  33.121 39.5601  46.669  44.911 12.7279 36.6742  35.171 38.4708 26.6271 28.0713 16.1012 6.08276 34.6554 27.5136 43.1741 31.9531 35.5106      29 51.8652  45.607 29.6142 22.8254       0 11.6619 21.2132 53.4135      45 45.4863 34.2345 29.1548  27.313 30.3645
20.5913      55 45.5412   32.45 1.41421 14.4222 31.0161 28.6531    42.5  33.541 14.1421 18.3848 12.3693 34.4093 41.2311 40.3609 40.2616 48.2597  50.774 38.0132 15.0333 47.8017 33.8378  45.607 29.6816 25.0599 7.01783       9 39.3573  20.025      36 31.8904 29.2746 39.4588 53.7587 48.4149 23.3452 14.0357 11.6619       0 16.5529 56.0803 50.5668 47.4236 44.0454 40.7185 19.0263 29.8329
 12.083 41.1461  38.833 20.2237 15.2315 27.0185 27.7849 34.1321 25.9856      23 25.1794 24.1661      13  21.587 41.4005      25 32.3883 42.2019 37.9473 23.7697 30.5941 48.0104 17.6918 37.1214 18.0278 8.60233 10.3078 15.1327 28.1603 7.81025 22.1359 16.6433 14.3178 38.2753  38.833 34.4384   8.544 8.06226 21.2132 16.5529       0 41.6773 39.4588 32.7567 40.7185 43.8634 8.94427 14.4222
36.0694 3.16228 29.0689 24.0832 54.6717 59.4054      37 53.1413 23.0489 24.6982 56.6127 50.2494 45.2769 21.9317 46.0977  17.088 26.3059 31.4006       9 42.0476 66.0681 49.0918 25.2982 24.0208 26.9072 34.0147 51.4514 49.5177 19.6977 44.9444      43 25.0599 39.6232   42.19 4.12311 7.81025 41.1096 49.1935 53.4135 56.0803 41.6773       0 15.2971 8.94427 38.0132 53.3385 47.1699 27.2947
30.0832 12.1655 14.0357 19.2354 49.2443 50.3289      25 40.8167 30.7937  17.088 47.5079 40.3113 38.4708 18.0278 31.5753 21.0238 13.0384 16.1245  6.7082 48.1041 57.6281      34 27.8927 9.21954  21.587 34.0147 47.6051 42.5441 11.4018 45.0111 48.3839 25.1794 42.7551 27.8927 17.4642 12.0416 42.0476 47.5184      45 50.5668 39.4588 15.2971       0 15.5563 23.0868 39.0512 47.0425  27.074
27.8029 9.05539 26.9258 16.1245 46.0109 51.6236  31.257 47.0744 15.9765   17.72 48.8774 42.9535 37.0135 13.8924 42.2966 8.24621 22.3607 29.9666 9.43398 34.5254 58.0086 46.3249 16.4924 21.9317  18.868 25.0799 42.6058 41.2311      14 36.0555 35.2278 16.1245 31.1448 38.2099 6.40312 3.60555   32.28 40.2492 45.4863 47.4236 32.7567 8.94427 15.5563       0  35.171 49.0408 38.2753 18.3576
28.6356      35 9.05539 26.2488 43.1045 37.3631 13.3417 22.4722 46.2196 22.0227 34.9285 27.4591 32.3883 27.2029 8.94427 36.2353      13 8.06226 29.0172 58.7282 44.9222 11.1803 39.0512      14 26.1725      40 44.4213 35.0571 21.9317 48.3011 58.1378 34.7131 50.6063 6.40312 39.3192 32.5576 47.1699 47.7598 34.2345 44.0454 40.7185 38.0132 23.0868  35.171       0 16.5529 49.6588 35.3553
33.0151 50.4876 25.2982 36.4005 40.2492 29.4279 18.9737 12.3693 57.0898 32.7567 27.8927 22.3607 32.0156 38.0789 7.61577 48.0521  27.074 24.5967 44.4072 65.7343 36.0555 9.84886 48.4665 29.8329 35.1141 46.3249 43.6835 32.7567 35.0571 51.6236 64.6375 44.0114 56.6127 11.1803  54.037 47.0106 51.8556 49.0408 29.1548 40.7185 43.8634 53.3385 39.0512 49.0408 16.5529       0  52.345 43.8634
21.0238 47.1275 47.5395 28.0179 18.1108   32.28 36.7151 42.0119 27.9866  31.257 31.0161 31.6228 20.6155 29.0172 50.2195 30.0832      41 50.9608 44.7214  19.105 34.0588 56.8595 21.9317 45.5412 26.1725 13.3417 12.0934 21.4709 36.0139 2.23607 17.0294  22.561 11.1803 47.1699 43.8634 40.5216 6.40312       5  27.313 19.0263 8.94427 47.1699 47.0425 38.2753 49.6588  52.345       0 20.3961
13.0384 26.9258 30.5287 9.43398 28.4253 36.6879 25.0599 37.4833 14.5344 13.6015 34.2053 30.0666 21.1896 9.48683 39.1152 10.6301 23.8537 34.1321 24.3311 23.4307 42.0476      45       5  27.313 9.21954 7.07107 24.4591 25.0799 16.7631 18.2483 23.0217 2.23607 16.1555 35.2278 24.4131 20.2485      15 21.9317 30.3645 29.8329 14.4222 27.2947  27.074 18.3576 35.3553 43.8634 20.3961       0

