      1e+20      102.84     102.201     164.247     129.004      104.48     135.004       1e+20
 1.0284e+12       1e+10     53.0377     65.7343     37.0135     14.5602     41.8808      102.84
1.02201e+12     53.0377       1e+10     76.1577     43.1393     39.4588      47.634     102.201
1.64247e+12     65.7343     76.1577       1e+10     35.9026     60.0083     30.0832     164.247
1.29004e+12     37.0135     43.1393     35.9026       1e+10     26.5707           6     129.004
 1.0448e+12     14.5602     39.4588     60.0083     26.5707       1e+10       32.28      104.48
1.35004e+12     41.8808      47.634     30.0832           6       32.28       1e+10     135.004
      1e+20  1.0284e+12 1.02201e+12 1.64247e+12 1.29004e+12  1.0448e+12 1.35004e+12       1e+20
