      0 283.746 189.708 73.3485 199.552 176.204 128.144 169.425  172.54 102.303 157.801 108.577       0 283.746 189.708 73.3485 199.552 176.204
283.746       0 106.005 244.826 155.116 140.428 157.547 114.337 133.664 183.918 126.574 175.171 283.746       0 106.005 244.826 155.116 140.428
189.708 106.005       0 140.858 145.726 112.004 81.1542 44.2945 99.4032 102.591 41.3038 86.3481 189.708 106.005       0 140.858 145.726 112.004
73.3485 244.826 140.858       0 204.296 172.105 109.895 136.971 163.689 93.2631 121.643 84.7172 73.3485 244.826 140.858       0 204.296 172.105
199.552 155.116 145.726 204.296       0 36.2353 98.2344 103.586 48.5489 111.072 115.109     122 199.552 155.116 145.726 204.296       0 36.2353
176.204 140.428 112.004 172.105 36.2353       0 63.5059 68.6222 12.7279 80.0625 79.2023 88.1419 176.204 140.428 112.004 172.105 36.2353       0
128.144 157.547 81.1542 109.895 98.2344 63.5059       0 44.9444 54.0093 26.4008      40 25.1794 128.144 157.547 81.1542 109.895 98.2344 63.5059
169.425 114.337 44.2945 136.971 103.586 68.6222 44.9444       0 55.9017 70.6612 16.1245 60.8769 169.425 114.337 44.2945 136.971 103.586 68.6222
 172.54 133.664 99.4032 163.689 48.5489 12.7279 54.0093 55.9017       0 73.3757 66.6108 79.1012  172.54 133.664 99.4032 163.689 48.5489 12.7279
102.303 183.918 102.591 93.2631 111.072 80.0625 26.4008 70.6612 73.3757       0 63.0635 20.1246 102.303 183.918 102.591 93.2631 111.072 80.0625
157.801 126.574 41.3038 121.643 115.109 79.2023      40 16.1245 66.6108 63.0635       0 49.7393 157.801 126.574 41.3038 121.643 115.109 79.2023
108.577 175.171 86.3481 84.7172     122 88.1419 25.1794 60.8769 79.1012 20.1246 49.7393       0 108.577 175.171 86.3481 84.7172     122 88.1419
      0 283.746 189.708 73.3485 199.552 176.204 128.144 169.425  172.54 102.303 157.801 108.577       0 283.746 189.708 73.3485 199.552 176.204
283.746       0 106.005 244.826 155.116 140.428 157.547 114.337 133.664 183.918 126.574 175.171 283.746       0 106.005 244.826 155.116 140.428
189.708 106.005       0 140.858 145.726 112.004 81.1542 44.2945 99.4032 102.591 41.3038 86.3481 189.708 106.005       0 140.858 145.726 112.004
73.3485 244.826 140.858       0 204.296 172.105 109.895 136.971 163.689 93.2631 121.643 84.7172 73.3485 244.826 140.858       0 204.296 172.105
199.552 155.116 145.726 204.296       0 36.2353 98.2344 103.586 48.5489 111.072 115.109     122 199.552 155.116 145.726 204.296       0 36.2353
176.204 140.428 112.004 172.105 36.2353       0 63.5059 68.6222 12.7279 80.0625 79.2023 88.1419 176.204 140.428 112.004 172.105 36.2353       0
