      1e+20 1.30863e+22 1.23568e+22  2.0025e+22 1.41993e+22 1.38192e+22 1.60602e+22     63.9531     47.4236     41.5933       17.72     65.9697     14.7648     51.8652      67.424     45.4863     30.8058      44.911     36.3593     43.9318     68.4763     17.2047     73.4983     56.0803     53.1601       1e+40 1.30863e+32 1.23568e+32  2.0025e+32 1.41993e+32 1.38192e+32 1.60602e+32
1.30863e+22       1e+20 1.50944e+22 1.69012e+22  4.4911e+21 1.09142e+22 8.20244e+21      85.235     87.1436     157.813      147.34     166.003      119.05     97.4936     92.4175     168.297     102.391     151.003      161.05     98.0051     122.613     144.087     117.034     175.841          79 1.30863e+32       1e+40 1.50944e+32 1.69012e+32  4.4911e+31 1.09142e+32 8.20244e+31
1.23568e+22 1.50944e+22       1e+20 8.81192e+21 1.22381e+22 5.83095e+21 2.24018e+22     84.2912     133.184      102.65     135.695      82.201     112.272     84.2912     74.1687      163.67      107.87     90.7855     154.871     143.014     55.6597     138.654     52.7731     110.887     128.004 1.23568e+32 1.50944e+32       1e+40 8.81192e+31 1.22381e+32 5.83095e+31 2.24018e+32
 2.0025e+22 1.69012e+22 8.81192e+21       1e+20 1.25483e+22 6.74166e+21    2.51e+22     143.757     193.652     187.878     215.188     169.812     186.639     151.162     136.213     244.125     176.672     175.696     234.968     206.189     133.645     216.933      127.35     198.033     185.715  2.0025e+32 1.69012e+32 8.81192e+31       1e+40 1.25483e+32 6.74166e+31    2.51e+32
1.41993e+22  4.4911e+21 1.22381e+22 1.25483e+22       1e+20 7.11969e+21 1.26479e+22          82     107.782     158.202     159.662     158.902     127.906          96     84.5931     185.054     111.198     148.758     176.647      120.83      110.44     157.892     103.092     175.559      98.387 1.41993e+32  4.4911e+31 1.22381e+32 1.25483e+32       1e+40 7.11969e+31 1.26479e+32
1.38192e+22 1.09142e+22 5.83095e+21 6.74166e+21 7.11969e+21       1e+20 1.89526e+22      77.801     126.657     134.332     154.457         123     123.843      86.977     71.4493     183.358     111.946     122.385     174.141     139.431     77.4726     155.322     69.7782         148     118.512 1.38192e+32 1.09142e+32 5.83095e+31 6.74166e+31 7.11969e+31       1e+40 1.89526e+32
1.60602e+22 8.20244e+21 2.24018e+22    2.51e+22 1.26479e+22 1.89526e+22       1e+20     144.627     114.691      198.91     171.724     216.002     155.052      151.99     154.353     180.942     142.899     196.596     177.102     116.829     183.505     166.532     180.369     215.629     112.486 1.60602e+32 8.20244e+31 2.24018e+32    2.51e+32 1.26479e+32 1.89526e+32       1e+40
6.39531e+21  8.5235e+21 8.42912e+21 1.43757e+22     8.2e+21  7.7801e+21 1.44627e+22       1e+10     50.9608     76.4199     81.4371     80.9568     49.1935          14      10.198     109.275     34.8281     67.6831      100.24     62.7694     39.2046     81.0062     35.7771     94.0479     44.4072     63.9531      85.235     84.2912     143.757          82      77.801     144.627
4.74236e+21 8.71436e+21 1.33184e+22 1.93652e+22 1.07782e+22 1.26657e+22 1.14691e+22     50.9608       1e+10       84.22     61.8466      102.65     40.3609          49      60.208     81.1542     29.9666     82.4621     74.0068     13.4536     80.6226     57.8705     81.0247     101.045     9.43398     47.4236     87.1436     133.184     193.652     107.782     126.657     114.691
4.15933e+21 1.57813e+22  1.0265e+22 1.87878e+22 1.58202e+22 1.34332e+22  1.9891e+22     76.4199       84.22       1e+10     42.0476     27.1662     43.8634      62.514      74.027      64.846     57.4543     12.2066     57.2713     84.0238     56.8595     47.2652      64.622     18.0278     87.2009     41.5933     157.813      102.65     187.878     158.202     134.332      198.91
  1.772e+21  1.4734e+22 1.35695e+22 2.15188e+22 1.59662e+22 1.54457e+22 1.71724e+22     81.4371     61.8466     42.0476       1e+10     69.0072      32.311     68.9638     84.3801          29     48.5077     49.6488      19.799     55.4617     82.0061     5.83095     87.8635     51.6236     68.7314       17.72      147.34     135.695     215.188     159.662     154.457     171.724
6.59697e+21 1.66003e+22  8.2201e+21 1.69812e+22 1.58902e+22    1.23e+22 2.16002e+22     80.9568      102.65     27.1662     69.0072       1e+10     63.9531     68.6003     75.2728     91.6788     73.2462     21.1896     84.3445     105.119      49.163      74.027     57.0789          29     103.586     65.9697     166.003      82.201     169.812     158.902         123     216.002
1.47648e+21  1.1905e+22 1.12272e+22 1.86639e+22 1.27906e+22 1.23843e+22 1.55052e+22     49.1935     40.3609     43.8634      32.311     63.9531       1e+10     37.2022     52.8015      60.208          17     43.0465     51.1077     41.1825      56.648     31.9061     60.8276      60.803      43.909     14.7648      119.05     112.272     186.639     127.906     123.843     155.052
5.18652e+21 9.74936e+21 8.42912e+21 1.51162e+22     9.6e+21  8.6977e+21  1.5199e+22          14          49      62.514     68.9638     68.6003     37.2022       1e+10     15.6205     97.3499     25.5539     54.1202     88.2043     58.8558      32.573     69.0652     32.0624     80.2309     44.7214     51.8652     97.4936     84.2912     151.162          96      86.977      151.99
 6.7424e+21 9.24175e+21 7.41687e+21 1.36213e+22 8.45931e+21 7.14493e+21 1.54353e+22      10.198      60.208      74.027     84.3801     75.2728     52.8015     15.6205       1e+10     112.894     40.6079      64.195      103.73     71.4703     30.4138     84.6286     26.0768     91.0879     54.1479      67.424     92.4175     74.1687     136.213     84.5931     71.4493     154.353
4.54863e+21 1.68297e+22  1.6367e+22 2.44125e+22 1.85054e+22 1.83358e+22 1.80942e+22     109.275     81.1542      64.846          29     91.6788      60.208     97.3499     112.894       1e+10     75.1532     74.8465     9.21954     71.1126     110.752     28.3019     116.778     68.0294       89.56     45.4863     168.297      163.67     244.125     185.054     183.358     180.942
3.08058e+21 1.02391e+22  1.0787e+22 1.76672e+22 1.11198e+22 1.11946e+22 1.42899e+22     34.8281     29.9666     57.4543     48.5077     73.2462          17     25.5539     40.6079     75.1532       1e+10     53.7587     66.3099     36.1248     53.0848     47.1699      55.109     75.1798     30.4138     30.8058     102.391      107.87     176.672     111.198     111.946     142.899
 4.4911e+21 1.51003e+22 9.07855e+21 1.75696e+22 1.48758e+22 1.22385e+22 1.96596e+22     67.6831     82.4621     12.2066     49.6488     21.1896     43.0465     54.1202      64.195     74.8465     53.7587       1e+10     66.7308       84.22     44.9444      54.231      52.811     27.0185     84.1487      44.911     151.003     90.7855     175.696     148.758     122.385     196.596
3.63593e+21  1.6105e+22 1.54871e+22 2.34968e+22 1.76647e+22 1.74141e+22 1.77102e+22      100.24     74.0068     57.2713      19.799     84.3445     51.1077     88.2043      103.73     9.21954     66.3099     66.7308       1e+10     64.7765     101.671     19.2354     107.629     62.2013     82.0975     36.3593      161.05     154.871     234.968     176.647     174.141     177.102
4.39318e+21 9.80051e+21 1.43014e+22 2.06189e+22  1.2083e+22 1.39431e+22 1.16829e+22     62.7694     13.4536     84.0238     55.4617     105.119     41.1825     58.8558     71.4703     71.1126     36.1248       84.22     64.7765       1e+10          89     50.6952     90.3549     99.7246     22.8035     43.9318     98.0051     143.014     206.189      120.83     139.431     116.829
6.84763e+21 1.22613e+22 5.56597e+21 1.33645e+22  1.1044e+22 7.74726e+21 1.83505e+22     39.2046     80.6226     56.8595     82.0061      49.163      56.648      32.573     30.4138     110.752     53.0848     44.9444     101.671          89       1e+10     84.3149     8.06226     71.0634     77.1298     68.4763     122.613     55.6597     133.645      110.44     77.4726     183.505
1.72047e+21 1.44087e+22 1.38654e+22 2.16933e+22 1.57892e+22 1.55322e+22 1.66532e+22     81.0062     57.8705     47.2652     5.83095      74.027     31.9061     69.0652     84.6286     28.3019     47.1699      54.231     19.2354     50.6952     84.3149       1e+10     89.8109     57.3847      65.192     17.2047     144.087     138.654     216.933     157.892     155.322     166.532
7.34983e+21 1.17034e+22 5.27731e+21  1.2735e+22 1.03092e+22 6.97782e+21 1.80369e+22     35.7771     81.0247      64.622     87.8635     57.0789     60.8276     32.0624     26.0768     116.778      55.109      52.811     107.629     90.3549     8.06226     89.8109       1e+10     79.0759     76.6551     73.4983     117.034     52.7731      127.35     103.092     69.7782     180.369
5.60803e+21 1.75841e+22 1.10887e+22 1.98033e+22 1.75559e+22    1.48e+22 2.15629e+22     94.0479     101.045     18.0278     51.6236          29      60.803     80.2309     91.0879     68.0294     75.1798     27.0185     62.2013     99.7246     71.0634     57.3847     79.0759       1e+10     104.561     56.0803     175.841     110.887     198.033     175.559         148     215.629
5.31601e+21     7.9e+21 1.28004e+22 1.85715e+22  9.8387e+21 1.18512e+22 1.12486e+22     44.4072     9.43398     87.2009     68.7314     103.586      43.909     44.7214     54.1479       89.56     30.4138     84.1487     82.0975     22.8035     77.1298      65.192     76.6551     104.561       1e+10     53.1601          79     128.004     185.715      98.387     118.512     112.486
      1e+40 1.30863e+32 1.23568e+32  2.0025e+32 1.41993e+32 1.38192e+32 1.60602e+32 6.39531e+21 4.74236e+21 4.15933e+21   1.772e+21 6.59697e+21 1.47648e+21 5.18652e+21  6.7424e+21 4.54863e+21 3.08058e+21  4.4911e+21 3.63593e+21 4.39318e+21 6.84763e+21 1.72047e+21 7.34983e+21 5.60803e+21 5.31601e+21       1e+20 1.30863e+22 1.23568e+22  2.0025e+22 1.41993e+22 1.38192e+22 1.60602e+22
1.30863e+32       1e+40 1.50944e+32 1.69012e+32  4.4911e+31 1.09142e+32 8.20244e+31  8.5235e+21 8.71436e+21 1.57813e+22  1.4734e+22 1.66003e+22  1.1905e+22 9.74936e+21 9.24175e+21 1.68297e+22 1.02391e+22 1.51003e+22  1.6105e+22 9.80051e+21 1.22613e+22 1.44087e+22 1.17034e+22 1.75841e+22     7.9e+21 1.30863e+22       1e+20 1.50944e+22 1.69012e+22  4.4911e+21 1.09142e+22 8.20244e+21
1.23568e+32 1.50944e+32       1e+40 8.81192e+31 1.22381e+32 5.83095e+31 2.24018e+32 8.42912e+21 1.33184e+22  1.0265e+22 1.35695e+22  8.2201e+21 1.12272e+22 8.42912e+21 7.41687e+21  1.6367e+22  1.0787e+22 9.07855e+21 1.54871e+22 1.43014e+22 5.56597e+21 1.38654e+22 5.27731e+21 1.10887e+22 1.28004e+22 1.23568e+22 1.50944e+22       1e+20 8.81192e+21 1.22381e+22 5.83095e+21 2.24018e+22
 2.0025e+32 1.69012e+32 8.81192e+31       1e+40 1.25483e+32 6.74166e+31    2.51e+32 1.43757e+22 1.93652e+22 1.87878e+22 2.15188e+22 1.69812e+22 1.86639e+22 1.51162e+22 1.36213e+22 2.44125e+22 1.76672e+22 1.75696e+22 2.34968e+22 2.06189e+22 1.33645e+22 2.16933e+22  1.2735e+22 1.98033e+22 1.85715e+22  2.0025e+22 1.69012e+22 8.81192e+21       1e+20 1.25483e+22 6.74166e+21    2.51e+22
1.41993e+32  4.4911e+31 1.22381e+32 1.25483e+32       1e+40 7.11969e+31 1.26479e+32     8.2e+21 1.07782e+22 1.58202e+22 1.59662e+22 1.58902e+22 1.27906e+22     9.6e+21 8.45931e+21 1.85054e+22 1.11198e+22 1.48758e+22 1.76647e+22  1.2083e+22  1.1044e+22 1.57892e+22 1.03092e+22 1.75559e+22  9.8387e+21 1.41993e+22  4.4911e+21 1.22381e+22 1.25483e+22       1e+20 7.11969e+21 1.26479e+22
1.38192e+32 1.09142e+32 5.83095e+31 6.74166e+31 7.11969e+31       1e+40 1.89526e+32  7.7801e+21 1.26657e+22 1.34332e+22 1.54457e+22    1.23e+22 1.23843e+22  8.6977e+21 7.14493e+21 1.83358e+22 1.11946e+22 1.22385e+22 1.74141e+22 1.39431e+22 7.74726e+21 1.55322e+22 6.97782e+21    1.48e+22 1.18512e+22 1.38192e+22 1.09142e+22 5.83095e+21 6.74166e+21 7.11969e+21       1e+20 1.89526e+22
1.60602e+32 8.20244e+31 2.24018e+32    2.51e+32 1.26479e+32 1.89526e+32       1e+40 1.44627e+22 1.14691e+22  1.9891e+22 1.71724e+22 2.16002e+22 1.55052e+22  1.5199e+22 1.54353e+22 1.80942e+22 1.42899e+22 1.96596e+22 1.77102e+22 1.16829e+22 1.83505e+22 1.66532e+22 1.80369e+22 2.15629e+22 1.12486e+22 1.60602e+22 8.20244e+21 2.24018e+22    2.51e+22 1.26479e+22 1.89526e+22       1e+20
