1e+20 1.04043e+12  7.8721e+11 1.06283e+12 2.54692e+12 8.91572e+11     185.311     138.232     113.442      198.04     151.327     178.869     178.101     197.091      160.29     147.299     109.385     113.442       1e+20 1.04043e+12  7.8721e+11 1.06283e+12 2.54692e+12 8.91572e+11
1.04043e+12       1e+20 1.21795e+12 1.46263e+12 1.74072e+12 1.72627e+11     85.5862     55.8659     26.0768     102.883     52.3927      102.65     87.6641     105.109     83.4386     45.0111     8.60233     44.2719 1.04043e+12       1e+20 1.21795e+12 1.46263e+12 1.74072e+12 1.72627e+11
 7.8721e+11 1.21795e+12       1e+20 2.90689e+11 2.14394e+12 1.16362e+12     176.491     121.594     113.146     180.336     147.435     145.041     157.991     175.482     131.575     150.013     121.606     99.8098  7.8721e+11 1.21795e+12       1e+20 2.90689e+11 2.14394e+12 1.16362e+12
1.06283e+12 1.46263e+12 2.90689e+11       1e+20  2.1612e+12 1.42622e+12     191.802     137.361     134.272      192.51     165.517     152.611     170.294     186.432     142.172     169.779     145.014     118.444 1.06283e+12 1.46263e+12 2.90689e+11       1e+20  2.1612e+12 1.42622e+12
2.54692e+12 1.74072e+12 2.14394e+12  2.1612e+12       1e+20 1.90276e+12      102.45      120.83     151.159     79.6492     125.252     75.9605     87.2009     72.8354     95.1893     136.883     165.496     143.279 2.54692e+12 1.74072e+12 2.14394e+12  2.1612e+12       1e+20 1.90276e+12
8.91572e+11 1.72627e+11 1.16362e+12 1.42622e+12 1.90276e+12       1e+20     102.825     70.6045     39.8246     120.071     69.6348     117.614     104.389      122.09     98.0816     62.1289     25.2982     54.6443 8.91572e+11 1.72627e+11 1.16362e+12 1.42622e+12 1.90276e+12       1e+20
1.85311e+12 8.55862e+11 1.76491e+12 1.91802e+12  1.0245e+12 1.02825e+12       1e+10     54.9181     72.0069     22.8035     34.0588     59.6825     28.6356     30.8707     55.4707          41     78.1601     77.8781     185.311     85.5862     176.491     191.802      102.45     102.825
1.38232e+12 5.58659e+11 1.21594e+12 1.37361e+12  1.2083e+12 7.06045e+11     54.9181       1e+10     30.8058     61.1882     30.4631     47.0106       40.05     59.0339     27.5862     39.4588     47.4236     25.0799     138.232     55.8659     121.594     137.361      120.83     70.6045
1.13442e+12 2.60768e+11 1.13146e+12 1.34272e+12 1.51159e+12 3.98246e+11     72.0069     30.8058       1e+10     85.2115     38.3275      77.801     66.9403     85.5102      58.258     37.4433     18.3848          20     113.442     26.0768     113.146     134.272     151.159     39.8246
 1.9804e+12 1.02883e+12 1.80336e+12  1.9251e+12 7.96492e+11 1.20071e+12     22.8035     61.1882     85.2115       1e+10     50.5964     47.0106     22.3607     10.0499     50.6063     60.3738     94.8314     86.1452      198.04     102.883     180.336      192.51     79.6492     120.071
1.51327e+12 5.23927e+11 1.47435e+12 1.65517e+12 1.25252e+12 6.96348e+11     34.0588     30.4631     38.3275     50.5964       1e+10     62.2415     38.2099     53.7122      47.676       12.53     44.5533      47.634     151.327     52.3927     147.435     165.517     125.252     69.6348
1.78869e+12  1.0265e+12 1.45041e+12 1.52611e+12 7.59605e+11 1.17614e+12     59.6825     47.0106      77.801     47.0106     62.2415       1e+10     31.1448     38.0132     19.7231     74.7329     94.1116      67.624     178.869      102.65     145.041     152.611     75.9605     117.614
1.78101e+12 8.76641e+11 1.57991e+12 1.70294e+12 8.72009e+11 1.04389e+12     28.6356       40.05     66.9403     22.3607     38.2099     31.1448       1e+10          19          29     50.2494     79.2023      65.123     178.101     87.6641     157.991     170.294     87.2009     104.389
1.97091e+12 1.05109e+12 1.75482e+12 1.86432e+12 7.28354e+11  1.2209e+12     30.8707     59.0339     85.5102     10.0499     53.7122     38.0132          19       1e+10     44.2945     64.6375     96.7988     84.0952     197.091     105.109     175.482     186.432     72.8354      122.09
 1.6029e+12 8.34386e+11 1.31575e+12 1.42172e+12 9.51893e+11 9.80816e+11     55.4707     27.5862      58.258     50.6063      47.676     19.7231          29     44.2945       1e+10     59.6657     74.9667     48.1041      160.29     83.4386     131.575     142.172     95.1893     98.0816
1.47299e+12 4.50111e+11 1.50013e+12 1.69779e+12 1.36883e+12 6.21289e+11          41     39.4588     37.4433     60.3738       12.53     74.7329     50.2494     64.6375     59.6657       1e+10     38.2099     51.4004     147.299     45.0111     150.013     169.779     136.883     62.1289
1.09385e+12 8.60233e+10 1.21606e+12 1.45014e+12 1.65496e+12 2.52982e+11     78.1601     47.4236     18.3848     94.8314     44.5533     94.1116     79.2023     96.7988     74.9667     38.2099       1e+10     37.6563     109.385     8.60233     121.606     145.014     165.496     25.2982
1.13442e+12 4.42719e+11 9.98098e+11 1.18444e+12 1.43279e+12 5.46443e+11     77.8781     25.0799          20     86.1452      47.634      67.624      65.123     84.0952     48.1041     51.4004     37.6563       1e+10     113.442     44.2719     99.8098     118.444     143.279     54.6443
1e+20 1.04043e+12  7.8721e+11 1.06283e+12 2.54692e+12 8.91572e+11 1.85311e+12 1.38232e+12 1.13442e+12  1.9804e+12 1.51327e+12 1.78869e+12 1.78101e+12 1.97091e+12  1.6029e+12 1.47299e+12 1.09385e+12 1.13442e+12       1e+20 1.04043e+12  7.8721e+11 1.06283e+12 2.54692e+12 8.91572e+11
1.04043e+12       1e+20 1.21795e+12 1.46263e+12 1.74072e+12 1.72627e+11 8.55862e+11 5.58659e+11 2.60768e+11 1.02883e+12 5.23927e+11  1.0265e+12 8.76641e+11 1.05109e+12 8.34386e+11 4.50111e+11 8.60233e+10 4.42719e+11 1.04043e+12       1e+20 1.21795e+12 1.46263e+12 1.74072e+12 1.72627e+11
 7.8721e+11 1.21795e+12       1e+20 2.90689e+11 2.14394e+12 1.16362e+12 1.76491e+12 1.21594e+12 1.13146e+12 1.80336e+12 1.47435e+12 1.45041e+12 1.57991e+12 1.75482e+12 1.31575e+12 1.50013e+12 1.21606e+12 9.98098e+11  7.8721e+11 1.21795e+12       1e+20 2.90689e+11 2.14394e+12 1.16362e+12
1.06283e+12 1.46263e+12 2.90689e+11       1e+20  2.1612e+12 1.42622e+12 1.91802e+12 1.37361e+12 1.34272e+12  1.9251e+12 1.65517e+12 1.52611e+12 1.70294e+12 1.86432e+12 1.42172e+12 1.69779e+12 1.45014e+12 1.18444e+12 1.06283e+12 1.46263e+12 2.90689e+11       1e+20  2.1612e+12 1.42622e+12
2.54692e+12 1.74072e+12 2.14394e+12  2.1612e+12       1e+20 1.90276e+12  1.0245e+12  1.2083e+12 1.51159e+12 7.96492e+11 1.25252e+12 7.59605e+11 8.72009e+11 7.28354e+11 9.51893e+11 1.36883e+12 1.65496e+12 1.43279e+12 2.54692e+12 1.74072e+12 2.14394e+12  2.1612e+12       1e+20 1.90276e+12
8.91572e+11 1.72627e+11 1.16362e+12 1.42622e+12 1.90276e+12       1e+20 1.02825e+12 7.06045e+11 3.98246e+11 1.20071e+12 6.96348e+11 1.17614e+12 1.04389e+12  1.2209e+12 9.80816e+11 6.21289e+11 2.52982e+11 5.46443e+11 8.91572e+11 1.72627e+11 1.16362e+12 1.42622e+12 1.90276e+12       1e+20
