      1e+20 1.44586e+12 7.51864e+11 2.56603e+12 9.62549e+11 1.27012e+12 8.09197e+11 8.00625e+11     60.7454     72.1803     78.5684     109.202      128.16     124.326     166.481     115.694     76.1577     140.428     96.1509     121.606      83.006      114.56     116.778     121.495     137.306     136.693     106.902     121.202     130.208     74.2496     70.3278     112.201     126.846     129.283     82.0731     108.208     120.768     122.544      146.24     82.8734     115.451      100.24     159.022     167.738     109.622     161.941     65.4599     109.225       1e+20 1.44586e+12 7.51864e+11 2.56603e+12 9.62549e+11 1.27012e+12 8.09197e+11 8.00625e+11
1.44586e+12       1e+20 7.65768e+11 2.43578e+12 1.34715e+12 2.45204e+12 2.22865e+12 1.36033e+12     117.324     148.718     144.451     107.517         112     157.334     180.136     121.062     118.512     158.256     124.619     150.097     161.012     163.747     126.151     95.0474     139.004     145.086     110.023     99.0808     154.055     169.499     127.142     175.191         107     109.018     151.608     157.563     132.966     196.759     141.227     113.318     195.923     128.845     178.003     182.135     161.969      189.13     132.401     167.287 1.44586e+12       1e+20 7.65768e+11 2.43578e+12 1.34715e+12 2.45204e+12 2.22865e+12 1.36033e+12
7.51864e+11 7.65768e+11       1e+20 2.16633e+12 7.04557e+11 1.69284e+12 1.48408e+12 1.05437e+12     42.1545     74.9466     72.5672     57.6888     73.5935     99.6895     134.659     70.7107     48.0937     108.079     62.3699     93.4077     88.3233     100.245      74.686     59.8164     94.6678      97.949     57.8014     61.6198     100.245     94.3716     54.3415     108.167     70.0071     72.8354     79.8311     93.1343     81.4371     128.133     101.257     46.2709     125.515     67.6831     129.619     136.473     97.0464     137.877     58.1893      101.02 7.51864e+11 7.65768e+11       1e+20 2.16633e+12 7.04557e+11 1.69284e+12 1.48408e+12 1.05437e+12
2.56603e+12 2.43578e+12 2.16633e+12       1e+20 1.60705e+12 2.23636e+12 2.73578e+12 3.19038e+12      199.06     186.142     178.617     159.154      143.45     132.575     90.4268     147.248     183.371     116.211     162.788         135     179.011     144.627     144.278     159.223      123.11     121.655     159.552     156.426       126.4     194.093     186.947     152.611     147.557     144.779     176.491     149.893       138.6      156.32     115.624     178.911      165.13     157.953       98.27     89.3588     149.586     98.4886     191.207     152.069 2.56603e+12 2.43578e+12 2.16633e+12       1e+20 1.60705e+12 2.23636e+12 2.73578e+12 3.19038e+12
9.62549e+11 1.34715e+12 7.04557e+11 1.60705e+12       1e+20 1.22004e+12 1.33375e+12 1.61236e+12     39.2046     32.0156     23.0217     32.5576     44.9444     30.8869     71.4493     27.2029     24.5967     44.5982     10.2956     26.2488     35.3412     30.0167     25.1794     51.0882       42.45     40.7185          29     47.8017     34.6554     51.2445     26.2488     40.4969     46.9574      47.927     26.2488     23.1948     26.3059     62.2415     51.6624     24.1868      62.434     8.06226     64.6607     72.9178     27.4591     70.3278     30.8869      32.573 9.62549e+11 1.34715e+12 7.04557e+11 1.60705e+12       1e+20 1.22004e+12 1.33375e+12 1.61236e+12
1.27012e+12 2.45204e+12 1.69284e+12 2.23636e+12 1.22004e+12       1e+20 7.34302e+11 2.05022e+12     127.883     97.7446     103.947     154.457     165.593     121.462     147.648     147.828     128.888     137.244     131.503     126.143     87.7838     105.603     144.267     173.046       151.7     145.619     150.864     169.806     130.545     76.0592     119.206      90.471     168.363     168.908     97.6729     106.944     141.524     73.9797     159.154     135.794     67.3573         130     140.071     147.363      103.31     132.639      113.23     97.0464 1.27012e+12 2.45204e+12 1.69284e+12 2.23636e+12 1.22004e+12       1e+20 7.34302e+11 2.05022e+12
8.09197e+11 2.22865e+12 1.48408e+12 2.73578e+12 1.33375e+12 7.34302e+11       1e+20 1.46294e+12     116.456       101.4     110.368     160.228     176.921     148.973     186.783     160.016     126.127       167.2     139.302     150.333     101.124     133.507     158.534     177.294     174.003     170.144     156.895     175.391     157.715     84.1487     116.181      122.25     177.725      179.36     108.019     130.648     159.113     117.784     183.025     134.373     108.853     140.698     178.539     187.243     129.124      175.57     108.908      124.78 8.09197e+11 2.22865e+12 1.48408e+12 2.73578e+12 1.33375e+12 7.34302e+11       1e+20 1.46294e+12
8.00625e+11 1.36033e+12 1.05437e+12 3.19038e+12 1.61236e+12 2.05022e+12 1.46294e+12       1e+20     122.066     145.836     149.883     160.639     178.104     191.951     232.246      171.84     137.004     205.061     157.115     187.409     158.619      185.93     174.771     165.206     195.931     197.649     159.831     166.817     195.602     152.778     135.912     186.979     174.917      177.73     155.184     178.877     180.624     200.262     203.647     140.464     193.848     162.265     225.801     233.825     181.342     231.311     133.959     182.483 8.00625e+11 1.36033e+12 1.05437e+12 3.19038e+12 1.61236e+12 2.05022e+12 1.46294e+12       1e+20
6.07454e+11 1.17324e+12 4.21545e+11  1.9906e+12 3.92046e+11 1.27883e+12 1.16456e+12 1.22066e+12       1e+10     32.9848     32.0156     48.8365     67.6831     69.8928     110.535     55.0364     15.8114     83.4865     36.4005      65.437     46.6905      65.192     56.4358     63.0317     77.3886     77.6209     46.3249     62.0322     73.7564     52.3546     14.5602     69.7209     66.7533     69.0507     39.0128     57.9396     61.0328     88.0057      86.093     22.1359     84.4808     41.1096     103.856     112.045     61.0328     109.293     16.2788      63.561     60.7454     117.324     42.1545      199.06     39.2046     127.883     116.456     122.066
7.21803e+11 1.48718e+12 7.49466e+11 1.86142e+12 3.20156e+11 9.77446e+11   1.014e+12 1.45836e+12     32.9848       1e+10           9     60.5392     75.9276     53.7122     95.7183     58.6941     31.1448     71.1758     38.3275     52.5547          14       42.45     57.1402      78.721     73.6817     70.8308     57.0088     76.1577     60.9262     22.0227     21.6333     41.1461      77.201     78.5875     9.89949     36.4005     58.0775     56.4358     82.8734     38.2884     52.0096     39.3192     87.9204     96.7988     37.4833     89.9389     16.7631     37.2022     72.1803     148.718     74.9466     186.142     32.0156     97.7446       101.4     145.836
7.85684e+11 1.44451e+12 7.25672e+11 1.78617e+12 2.30217e+11 1.03947e+12 1.10368e+12 1.49883e+12     32.0156           9       1e+10     52.3259     67.1863     46.0435     88.2326     49.8197     25.9422     63.0635     29.7321     44.2832     16.6433     36.4005     48.1664     70.7107     64.7765     62.0967     48.7545     67.9779     52.7731     29.5296     18.2483     38.0789     68.6222     69.9214     7.28011     29.7321     49.0918     56.0357     73.9797     32.0156     52.9528     30.4138      80.604     89.4036     31.6228     83.4506     16.4924     32.6956     78.5684     144.451     72.5672     178.617     23.0217     103.947     110.368     149.883
1.09202e+12 1.07517e+12 5.76888e+11 1.59154e+12 3.25576e+11 1.54457e+12 1.60228e+12 1.60639e+12     48.8365     60.5392     52.3259       1e+10     18.9737     49.8197     78.1089     14.1421          35     52.7731     23.0217     42.5793     67.1193     57.6975     19.0263     18.6011     37.1214     41.1096     3.60555     15.6525          47     81.8413     44.2832     71.0211     18.0278     20.2237     57.4543     52.4786     26.0768     92.9624     43.6005      27.074     94.2019     24.7588     73.9797     80.0062     56.9386     83.7257     51.4782     62.9682     109.202     107.517     57.6888     159.154     32.5576     154.457     160.228     160.639
 1.2816e+12    1.12e+12 7.35935e+11  1.4345e+12 4.49444e+11 1.65593e+12 1.76921e+12 1.78104e+12     67.6831     75.9276     67.1863     18.9737       1e+10      50.774     68.3593     17.8885     53.3385     46.8722     37.6563     43.8292     80.2309     62.9682     21.4009     17.2627     27.0185     33.3766     21.3776     13.6015     44.7772     96.1353     62.0081     77.7946           5     3.60555     71.1688     59.5483     25.6125     99.0858     30.0832     45.7056     101.912          37     66.0076     70.3491     63.7024     77.3175     69.0072     70.0928      128.16         112     73.5935      143.45     44.9444     165.593     176.921     178.104
1.24326e+12 1.57334e+12 9.96895e+11 1.32575e+12 3.08869e+11 1.21462e+12 1.48973e+12 1.91951e+12     69.8928     53.7122     46.0435     49.8197      50.774       1e+10     42.2019     36.6879     55.4707     18.2483     37.3631     7.28011     48.5077     16.2788     31.6228      64.622     30.5287     24.1661     47.3814     60.5392     9.21954     65.1153     56.2228     31.0161     55.0727     54.3783     44.2832     18.4391     25.4951          50     37.6962     54.0833     54.5894     32.0156     34.7131     43.4166          20     39.4462      59.397      25.318     124.326     157.334     99.6895     132.575     30.8869     121.462     148.973     191.951
1.66481e+12 1.80136e+12 1.34659e+12 9.04268e+11 7.14493e+11 1.47648e+12 1.86783e+12 2.32246e+12     110.535     95.7183     88.2326     78.1089     68.3593     42.2019       1e+10     64.2573      95.268     27.2029      75.213     45.2548     89.0505      54.626     60.0083     85.5862     41.7732          37     77.2528     81.7435     36.7967     104.752     97.5807     64.5368     73.3348     71.1758      86.093     59.5399     53.2259     74.1687     39.0128     92.0869     82.0061          70     8.24621           2     59.5063     16.6433     101.316     62.6259     166.481     180.136     134.659     90.4268     71.4493     147.648     186.783     232.246
1.15694e+12 1.21062e+12 7.07107e+11 1.47248e+12 2.72029e+11 1.47828e+12 1.60016e+12  1.7184e+12     55.0364     58.6941     49.8197     14.1421     17.8885     36.6879     64.2573       1e+10     39.5601     38.6394     21.0238     29.4109     62.3939     46.6154     5.09902      28.178     24.2074      27.313          13     24.1868     33.0606     78.4474     46.8722      60.959     20.6155      21.095     53.4509       42.45          12     82.6196     31.8904      33.121     84.8646     19.4165     59.9083     66.1287     46.7547     69.5845     53.4603     53.0754     115.694     121.062     70.7107     147.248     27.2029     147.828     160.016      171.84
7.61577e+11 1.18512e+12 4.80937e+11 1.83371e+12 2.45967e+11 1.28888e+12 1.26127e+12 1.37004e+12     15.8114     31.1448     25.9422          35     53.3385     55.4707      95.268     39.5601       1e+10     68.1175     20.6155     50.4777     42.5441     52.9528     40.7063     51.1957     61.5873     61.8466     32.0624     49.4975     58.6003     53.0377     10.2956      60.075     53.0094     55.0818     33.1059     45.7056     45.2217     80.2309     70.3278     8.24621     78.1601     25.4558     88.8144     96.8297      49.366     94.8947     17.4642     53.0094     76.1577     118.512     48.0937     183.371     24.5967     128.888     126.127     137.004
1.40428e+12 1.58256e+12 1.08079e+12 1.16211e+12 4.45982e+11 1.37244e+12   1.672e+12 2.05061e+12     83.4865     71.1758     63.0635     52.7731     46.8722     18.2483     27.2029     38.6394     68.1175       1e+10     48.0104      18.868     66.7083          34     33.9559     63.2851     20.6155     13.6015     51.4198     59.2115     10.2956     83.3607     70.8378      47.676      51.788     50.2195     62.0322     36.6742     26.9258     63.9766     24.0416     64.8999     69.8928     42.8019     21.5407     28.8444     38.1182     31.0644          75     43.0116     140.428     158.256     108.079     116.211     44.5982     137.244       167.2     205.061
9.61509e+11 1.24619e+12 6.23699e+11 1.62788e+12 1.02956e+11 1.31503e+12 1.39302e+12 1.57115e+12     36.4005     38.3275     29.7321     23.0217     37.6563     37.3631      75.213     21.0238     20.6155     48.0104       1e+10     31.3847     44.1022     39.4588     20.8806     41.6173     41.1825     41.2311     19.4165     38.5876     38.9487     59.0931     26.2488     50.6952     38.8973     40.2616     34.4819     32.9848     24.6982     72.4983     50.0899          17     72.7186     5.38516     69.1158      76.844     37.3631     76.1577     32.5576       42.72     96.1509     124.619     62.3699     162.788     10.2956     131.503     139.302     157.115
1.21606e+12 1.50097e+12 9.34077e+11    1.35e+12 2.62488e+11 1.26143e+12 1.50333e+12 1.87409e+12      65.437     52.5547     44.2832     42.5793     43.8292     7.28011     45.2548     29.4109     50.4777      18.868     31.3847       1e+10     49.2544     20.5913     24.3516     57.3847      25.632     20.2237     40.1995     53.3104     8.60233     66.1891     52.3259     35.8469     48.0208     47.4342     43.6807     20.2237     18.3576     55.9732     33.7343     48.3322     59.9083          26     38.4187     46.6905     23.0868     44.7772     56.2228     29.1548     121.606     150.097     93.4077         135     26.2488     126.143     150.333     187.409
 8.3006e+11 1.61012e+12 8.83233e+11 1.79011e+12 3.53412e+11 8.77838e+11 1.01124e+12 1.58619e+12     46.6905          14     16.6433     67.1193     80.2309     48.5077     89.0505     62.3939     42.5441     66.7083     44.1022     49.2544       1e+10     34.4384     59.7746      85.703     73.1095      69.029     63.5138     82.6801     56.8859          17      34.176     29.2062     82.2922     83.2586     9.89949     30.0832     59.0339     42.5793     82.0244     48.6004     38.0132      43.382     80.9568     89.8999     29.5466     81.2712     30.4138     27.2029      83.006     161.012     88.3233     179.011     35.3412     87.7838     101.124     158.619
 1.1456e+12 1.63747e+12 1.00245e+12 1.44627e+12 3.00167e+11 1.05603e+12 1.33507e+12  1.8593e+12      65.192       42.45     36.4005     57.6975     62.9682     16.2788      54.626     46.6154     52.9528          34     39.4588     20.5913     34.4384       1e+10     42.0119     74.6257     46.0977     40.1622      54.626     70.7248     25.4951     50.2892     50.6952     15.2643     66.7083     66.5282     32.5576     7.28011     37.4833     36.1248     53.7587      54.037     39.4081     34.9285     46.5188     55.4617           5     47.5079     51.9711     9.05539      114.56     163.747     100.245     144.627     30.0167     105.603     133.507      185.93
1.16778e+12 1.26151e+12  7.4686e+11 1.44278e+12 2.51794e+11 1.44267e+12 1.58534e+12 1.74771e+12     56.4358     57.1402     48.1664     19.0263     21.4009     31.6228     60.0083     5.09902     40.7063     33.9559     20.8806     24.3516     59.7746     42.0119       1e+10     33.1059     21.2603     23.3238     17.4642     29.0689     28.0179     76.1577     47.1275     56.5862     24.7588     24.8395     51.1957     38.2099     7.07107     78.1025     29.6816          35     80.6226     18.0278     55.3624     61.8466     42.4264     64.7765     53.3667     48.7955     116.778     126.151      74.686     144.278     25.1794     144.267     158.534     174.771
1.21495e+12 9.50474e+11 5.98164e+11 1.59223e+12 5.10882e+11 1.73046e+12 1.77294e+12 1.65206e+12     63.0317      78.721     70.7107     18.6011     17.2627      64.622     85.5862      28.178     51.1957     63.2851     41.6173     57.3847      85.703     74.6257     33.1059       1e+10     44.0454       50.04     22.2036     4.12311     59.9083      100.24      61.131     88.6002     12.3693     14.8661     76.0066          70     39.2173     110.436     47.2969     42.9535     112.161     43.1856     83.0241     87.5728     74.4043     94.0851     68.4105      80.604     121.495     95.0474     59.8164     159.223     51.0882     173.046     177.294     165.206
1.37306e+12 1.39004e+12 9.46678e+11  1.2311e+12   4.245e+11   1.517e+12 1.74003e+12 1.95931e+12     77.3886     73.6817     64.7765     37.1214     27.0185     30.5287     41.7732     24.2074     61.5873     20.6155     41.1825      25.632     73.1095     46.0977     21.2603     44.0454       1e+10      7.2111     36.8917     40.1123     22.0227     90.0888     67.1193     61.2699     32.0156     30.1496     66.0681      45.607     16.5529     80.4487     9.21954     56.2228     85.0882     37.1618          39     43.7379     48.7032     50.3587     72.8011     54.7814     137.306     139.004     94.6678      123.11       42.45       151.7     174.003     195.931
1.36693e+12 1.45086e+12  9.7949e+11 1.21655e+12 4.07185e+11 1.45619e+12 1.70144e+12 1.97649e+12     77.6209     70.8308     62.0967     41.1096     33.3766     24.1661          37      27.313     61.8466     13.6015     41.2311     20.2237      69.029     40.1622     23.3238       50.04      7.2111       1e+10     40.3113     46.0109     15.2643     86.0233     66.3702     55.1543     38.3275     36.6742     62.6498     40.4475     17.0294     73.7835     13.6015       57.28     78.7147     36.6197     33.2415     38.8973     43.1741     44.0454     71.5542     49.0408     136.693     145.086      97.949     121.655     40.7185     145.619     170.144     197.649
1.06902e+12 1.10023e+12 5.78014e+11 1.59552e+12     2.9e+11 1.50864e+12 1.56895e+12 1.59831e+12     46.3249     57.0088     48.7545     3.60555     21.3776     47.3814     77.2528          13     32.0624     51.4198     19.4165     40.1995     63.5138      54.626     17.4642     22.2036     36.8917     40.3113       1e+10     19.2354     45.0999     78.2624     41.1096     67.7422     21.0238     23.0217     53.8516     49.2443     24.5153     89.6939     43.9318     24.3311      90.802     21.2603     72.8011     79.1202     53.7122      82.201     48.2597     59.6825     106.902     110.023     57.8014     159.552          29     150.864     156.895     159.831
1.21202e+12 9.90808e+11 6.16198e+11 1.56426e+12 4.78017e+11 1.69806e+12 1.75391e+12 1.66817e+12     62.0322     76.1577     67.9779     15.6525     13.6015     60.5392     81.7435     24.1868     49.4975     59.2115     38.5876     53.3104     82.6801     70.7248     29.0689     4.12311     40.1123     46.0109     19.2354       1e+10     55.7853     97.4936     59.2284     84.8116     8.94427     11.6619     73.0616     66.2193     35.1141     106.607     43.6807     41.3038     108.467     39.8246     79.0569     83.7257     70.6045       90.05     66.4906     76.8375     121.202     99.0808     61.6198     156.426     47.8017     169.806     175.391     166.817
1.30208e+12 1.54055e+12 1.00245e+12   1.264e+12 3.46554e+11 1.30545e+12 1.57715e+12 1.95602e+12     73.7564     60.9262     52.7731          47     44.7772     9.21954     36.7967     33.0606     58.6003     10.2956     38.9487     8.60233     56.8859     25.4951     28.0179     59.9083     22.0227     15.2643     45.0999     55.7853       1e+10     73.6817     60.8276     40.1622     49.3964     48.3322     51.8652      27.074      21.095     58.5235     28.6356     55.9464     63.5059     33.6155     30.2324     38.2884     29.0689     37.6431     64.8151     34.5254     130.208     154.055     100.245       126.4     34.6554     130.545     157.715     195.602
7.42496e+11 1.69499e+12 9.43716e+11 1.94093e+12 5.12445e+11 7.60592e+11 8.41487e+11 1.52778e+12     52.3546     22.0227     29.5296     81.8413     96.1353     65.1153     104.752     78.4474     53.0377     83.3607     59.0931     66.1891          17     50.2892     76.1577      100.24     90.0888     86.0233     78.2624     97.4936     73.6817       1e+10     43.1856     41.8808     97.8621     99.0202          25     46.6905     75.8024     48.3735     99.0202     60.3075     41.2311     59.1354      96.566     105.475      45.607     95.7706     37.2022     42.1545     74.2496     169.499     94.3716     194.093     51.2445     76.0592     84.1487     152.778
7.03278e+11 1.27142e+12 5.43415e+11 1.86947e+12 2.62488e+11 1.19206e+12 1.16181e+12 1.35912e+12     14.5602     21.6333     18.2483     44.2832     62.0081     56.2228     97.5807     46.8722     10.2956     70.8378     26.2488     52.3259      34.176     50.6952     47.1275      61.131     67.1193     66.3702     41.1096     59.2284     60.8276     43.1856       1e+10     55.3263     62.1289     64.0312     25.4951     43.4626     50.5668     74.1687     76.1577     18.3848     71.1969     29.9666     90.6091     99.0051     46.4866     95.4411     7.28011     49.0306     70.3278     127.142     54.3415     186.947     26.2488     119.206     116.181     135.912
1.12201e+12 1.75191e+12 1.08167e+12 1.52611e+12 4.04969e+11  9.0471e+11  1.2225e+12 1.86979e+12     69.7209     41.1461     38.0789     71.0211     77.7946     31.0161     64.5368      60.959      60.075      47.676     50.6952     35.8469     29.2062     15.2643     56.5862     88.6002     61.2699     55.1543     67.7422     84.8116     40.1622     41.8808     55.3263       1e+10     81.3449     81.3204     31.9531     18.6011     52.4976     21.9545     68.7095     62.9682     24.2074     46.9574     56.2939          65     14.2127     54.1295     54.5711     8.06226     112.201     175.191     108.167     152.611     40.4969      90.471      122.25     186.979
1.26846e+12    1.07e+12 7.00071e+11 1.47557e+12 4.69574e+11 1.68363e+12 1.77725e+12 1.74917e+12     66.7533      77.201     68.6222     18.0278           5     55.0727     73.3348     20.6155     53.0094      51.788     38.8973     48.0208     82.2922     66.7083     24.7588     12.3693     32.0156     38.3275     21.0238     8.94427     49.3964     97.8621     62.1289     81.3449       1e+10     2.82843     73.0068     62.9365     29.6816     102.825     34.9285     45.0999     105.361     38.9102      71.007      75.326     67.1789     82.2982     69.2604     73.5391     126.846         107     70.0071     147.557     46.9574     168.363     177.725     174.917
1.29283e+12 1.09018e+12 7.28354e+11 1.44779e+12  4.7927e+11 1.68908e+12  1.7936e+12  1.7773e+12     69.0507     78.5875     69.9214     20.2237     3.60555     54.3783     71.1758      21.095     55.0818     50.2195     40.2616     47.4342     83.2586     66.5282     24.8395     14.8661     30.1496     36.6742     23.0217     11.6619     48.3322     99.0202     64.0312     81.3204     2.82843       1e+10     74.0945     63.0317     29.2062      102.65     32.5576     47.2652     105.418     39.9249     69.0652      73.171     67.2086     80.5047     71.1126     73.5935     129.283     109.018     72.8354     144.779      47.927     168.908      179.36      177.73
8.20731e+11 1.51608e+12 7.98311e+11 1.76491e+12 2.62488e+11 9.76729e+11 1.08019e+12 1.55184e+12     39.0128     9.89949     7.28011     57.4543     71.1688     44.2832      86.093     53.4509     33.1059     62.0322     34.4819     43.6807     9.89949     32.5576     51.1957     76.0066     66.0681     62.6498     53.8516     73.0616     51.8652          25     25.4951     31.9531     73.0068     74.0945       1e+10     26.6271     51.1566          49     75.1665      38.833     45.7056      34.176     78.2304     87.1321     27.5862     80.0562     23.0868     27.4591     82.0731     151.608     79.8311     176.491     26.2488     97.6729     108.019     155.184
1.08208e+12 1.57563e+12 9.31343e+11 1.49893e+12 2.31948e+11 1.06944e+12 1.30648e+12 1.78877e+12     57.9396     36.4005     29.7321     52.4786     59.5483     18.4391     59.5399       42.45     45.7056     36.6742     32.9848     20.2237     30.0832     7.28011     38.2099          70      45.607     40.4475     49.2443     66.2193      27.074     46.6905     43.4626     18.6011     62.9365     63.0317     26.6271       1e+10     34.6699     40.4969     53.9351          47     42.4264     28.7924     51.6236     60.5392     4.47214     53.7401     44.9444     10.6301     108.208     157.563     93.1343     149.893     23.1948     106.944     130.648     178.877
1.20768e+12 1.32966e+12 8.14371e+11   1.386e+12 2.63059e+11 1.41524e+12 1.59113e+12 1.80624e+12     61.0328     58.0775     49.0918     26.0768     25.6125     25.4951     53.2259          12     45.2217     26.9258     24.6982     18.3576     59.0339     37.4833     7.07107     39.2173     16.5529     17.0294     24.5153     35.1141      21.095     75.8024     50.5668     52.4976     29.6816     29.2062     51.1566     34.6699       1e+10     73.5527      25.632     40.3113     76.6942     20.6155     48.3839     55.0364     38.6005     57.7062     56.3028          45     120.768     132.966     81.4371       138.6     26.3059     141.524     159.113     180.624
1.22544e+12 1.96759e+12 1.28133e+12  1.5632e+12 6.22415e+11 7.39797e+11 1.17784e+12 2.00262e+12     88.0057     56.4358     56.0357     92.9624     99.0858          50     74.1687     82.6196     80.2309     63.9766     72.4983     55.9732     42.5793     36.1248     78.1025     110.436     80.4487     73.7835     89.6939     106.607     58.5235     48.3735     74.1687     21.9545     102.825      102.65          49     40.4969     73.5527       1e+10      86.954     83.9345     8.94427      68.884     66.3702     74.0608     36.0555     60.1332     72.0278     30.0167     122.544     196.759     128.133      156.32     62.2415     73.9797     117.784     200.262
 1.4624e+12 1.41227e+12 1.01257e+12 1.15624e+12 5.16624e+11 1.59154e+12 1.83025e+12 2.03647e+12      86.093     82.8734     73.9797     43.6005     30.0832     37.6962     39.0128     31.8904     70.3278     24.0416     50.0899     33.7343     82.0244     53.7587     29.6816     47.2969     9.21954     13.6015     43.9318     43.6807     28.6356     99.0202     76.1577     68.7095     34.9285     32.5576     75.1665     53.9351      25.632      86.954       1e+10     64.6375     92.1358     46.2385     38.0789     41.0122     56.7539     50.2892     81.9329     62.6418      146.24     141.227     101.257     115.624     51.6624     159.154     183.025     203.647
8.28734e+11 1.13318e+12 4.62709e+11 1.78911e+12 2.41868e+11 1.35794e+12 1.34373e+12 1.40464e+12     22.1359     38.2884     32.0156      27.074     45.7056     54.0833     92.0869      33.121     8.24621     64.8999          17     48.3322     48.6004      54.037          35     42.9535     56.2228       57.28     24.3311     41.3038     55.9464     60.3075     18.3848     62.9682     45.0999     47.2652      38.833          47     40.3113     83.9345     64.6375       1e+10     82.6378     22.3607      86.093     93.7443     51.0392     93.1075      25.632     55.4437     82.8734     113.318     46.2709     178.911     24.1868     135.794     134.373     140.464
1.15451e+12 1.95923e+12 1.25515e+12  1.6513e+12  6.2434e+11 6.73573e+11 1.08853e+12 1.93848e+12     84.4808     52.0096     52.9528     94.2019     101.912     54.5894     82.0061     84.8646     78.1601     69.8928     72.7186     59.9083     38.0132     39.4081     80.6226     112.161     85.0882     78.7147      90.802     108.467     63.5059     41.2311     71.1969     24.2074     105.361     105.418     45.7056     42.4264     76.6942     8.94427     92.1358     82.6378       1e+10     69.6348     74.0608     82.0061     38.2099      68.469     68.2642     31.8277     115.451     195.923     125.515      165.13      62.434     67.3573     108.853     193.848
 1.0024e+12 1.28845e+12 6.76831e+11 1.57953e+12 8.06226e+10     1.3e+12 1.40698e+12 1.62265e+12     41.1096     39.3192     30.4138     24.7588          37     32.0156          70     19.4165     25.4558     42.8019     5.38516          26      43.382     34.9285     18.0278     43.1856     37.1618     36.6197     21.2603     39.8246     33.6155     59.1354     29.9666     46.9574     38.9102     39.9249      34.176     28.7924     20.6155      68.884     46.2385     22.3607     69.6348       1e+10     63.8122     71.6101     33.2415     70.7743     35.7351     38.9102      100.24     128.845     67.6831     157.953     8.06226         130     140.698     162.265
1.59022e+12 1.78003e+12 1.29619e+12   9.827e+11 6.46607e+11 1.40071e+12 1.78539e+12 2.25801e+12     103.856     87.9204      80.604     73.9797     66.0076     34.7131     8.24621     59.9083     88.8144     21.5407     69.1158     38.4187     80.9568     46.5188     55.3624     83.0241          39     33.2415     72.8011     79.0569     30.2324      96.566     90.6091     56.2939      71.007     69.0652     78.2304     51.6236     48.3839     66.3702     38.0789      86.093     74.0608     63.8122       1e+10     8.94427     51.4296       12.53     94.0691     54.4243     159.022     178.003     129.619       98.27     64.6607     140.071     178.539     225.801
1.67738e+12 1.82135e+12 1.36473e+12 8.93588e+11 7.29178e+11 1.47363e+12 1.87243e+12 2.33825e+12     112.045     96.7988     89.4036     80.0062     70.3491     43.4166           2     66.1287     96.8297     28.8444      76.844     46.6905     89.8999     55.4617     61.8466     87.5728     43.7379     38.8973     79.1202     83.7257     38.2884     105.475     99.0051          65      75.326      73.171     87.1321     60.5392     55.0364     74.0608     41.0122     93.7443     82.0061     71.6101     8.94427       1e+10     60.3738     15.6525      102.65     63.3246     167.738     182.135     136.473     89.3588     72.9178     147.363     187.243     233.825
1.09622e+12 1.61969e+12 9.70464e+11 1.49586e+12 2.74591e+11  1.0331e+12 1.29124e+12 1.81342e+12     61.0328     37.4833     31.6228     56.9386     63.7024          20     59.5063     46.7547      49.366     38.1182     37.3631     23.0868     29.5466           5     42.4264     74.4043     48.7032     43.1741     53.7122     70.6045     29.0689      45.607     46.4866     14.2127     67.1789     67.2086     27.5862     4.47214     38.6005     36.0555     56.7539     51.0392     38.2099     33.2415     51.4296     60.3738       1e+10     52.4976     47.4131     6.40312     109.622     161.969     97.0464     149.586     27.4591      103.31     129.124     181.342
1.61941e+12  1.8913e+12 1.37877e+12 9.84886e+11 7.03278e+11 1.32639e+12  1.7557e+12 2.31311e+12     109.293     89.9389     83.4506     83.7257     77.3175     39.4462     16.6433     69.5845     94.8947     31.0644     76.1577     44.7772     81.2712     47.5079     64.7765     94.0851     50.3587     44.0454      82.201       90.05     37.6431     95.7706     95.4411     54.1295     82.2982     80.5047     80.0562     53.7401     57.7062     60.1332     50.2892     93.1075      68.469     70.7743       12.53     15.6525     52.4976       1e+10     98.0816     54.0833     161.941      189.13     137.877     98.4886     70.3278     132.639      175.57     231.311
6.54599e+11 1.32401e+12 5.81893e+11 1.91207e+12 3.08869e+11  1.1323e+12 1.08908e+12 1.33959e+12     16.2788     16.7631     16.4924     51.4782     69.0072      59.397     101.316     53.4603     17.4642          75     32.5576     56.2228     30.4138     51.9711     53.3667     68.4105     72.8011     71.5542     48.2597     66.4906     64.8151     37.2022     7.28011     54.5711     69.2604     71.1126     23.0868     44.9444     56.3028     72.0278     81.9329      25.632     68.2642     35.7351     94.0691      102.65     47.4131     98.0816       1e+10     49.0408     65.4599     132.401     58.1893     191.207     30.8869      113.23     108.908     133.959
1.09225e+12 1.67287e+12  1.0102e+12 1.52069e+12  3.2573e+11 9.70464e+11  1.2478e+12 1.82483e+12      63.561     37.2022     32.6956     62.9682     70.0928      25.318     62.6259     53.0754     53.0094     43.0116       42.72     29.1548     27.2029     9.05539     48.7955      80.604     54.7814     49.0408     59.6825     76.8375     34.5254     42.1545     49.0306     8.06226     73.5391     73.5935     27.4591     10.6301          45     30.0167     62.6418     55.4437     31.8277     38.9102     54.4243     63.3246     6.40312     54.0833     49.0408       1e+10     109.225     167.287      101.02     152.069      32.573     97.0464      124.78     182.483
      1e+20 1.44586e+12 7.51864e+11 2.56603e+12 9.62549e+11 1.27012e+12 8.09197e+11 8.00625e+11 6.07454e+11 7.21803e+11 7.85684e+11 1.09202e+12  1.2816e+12 1.24326e+12 1.66481e+12 1.15694e+12 7.61577e+11 1.40428e+12 9.61509e+11 1.21606e+12  8.3006e+11  1.1456e+12 1.16778e+12 1.21495e+12 1.37306e+12 1.36693e+12 1.06902e+12 1.21202e+12 1.30208e+12 7.42496e+11 7.03278e+11 1.12201e+12 1.26846e+12 1.29283e+12 8.20731e+11 1.08208e+12 1.20768e+12 1.22544e+12  1.4624e+12 8.28734e+11 1.15451e+12  1.0024e+12 1.59022e+12 1.67738e+12 1.09622e+12 1.61941e+12 6.54599e+11 1.09225e+12       1e+20 1.44586e+12 7.51864e+11 2.56603e+12 9.62549e+11 1.27012e+12 8.09197e+11 8.00625e+11
1.44586e+12       1e+20 7.65768e+11 2.43578e+12 1.34715e+12 2.45204e+12 2.22865e+12 1.36033e+12 1.17324e+12 1.48718e+12 1.44451e+12 1.07517e+12    1.12e+12 1.57334e+12 1.80136e+12 1.21062e+12 1.18512e+12 1.58256e+12 1.24619e+12 1.50097e+12 1.61012e+12 1.63747e+12 1.26151e+12 9.50474e+11 1.39004e+12 1.45086e+12 1.10023e+12 9.90808e+11 1.54055e+12 1.69499e+12 1.27142e+12 1.75191e+12    1.07e+12 1.09018e+12 1.51608e+12 1.57563e+12 1.32966e+12 1.96759e+12 1.41227e+12 1.13318e+12 1.95923e+12 1.28845e+12 1.78003e+12 1.82135e+12 1.61969e+12  1.8913e+12 1.32401e+12 1.67287e+12 1.44586e+12       1e+20 7.65768e+11 2.43578e+12 1.34715e+12 2.45204e+12 2.22865e+12 1.36033e+12
7.51864e+11 7.65768e+11       1e+20 2.16633e+12 7.04557e+11 1.69284e+12 1.48408e+12 1.05437e+12 4.21545e+11 7.49466e+11 7.25672e+11 5.76888e+11 7.35935e+11 9.96895e+11 1.34659e+12 7.07107e+11 4.80937e+11 1.08079e+12 6.23699e+11 9.34077e+11 8.83233e+11 1.00245e+12  7.4686e+11 5.98164e+11 9.46678e+11  9.7949e+11 5.78014e+11 6.16198e+11 1.00245e+12 9.43716e+11 5.43415e+11 1.08167e+12 7.00071e+11 7.28354e+11 7.98311e+11 9.31343e+11 8.14371e+11 1.28133e+12 1.01257e+12 4.62709e+11 1.25515e+12 6.76831e+11 1.29619e+12 1.36473e+12 9.70464e+11 1.37877e+12 5.81893e+11  1.0102e+12 7.51864e+11 7.65768e+11       1e+20 2.16633e+12 7.04557e+11 1.69284e+12 1.48408e+12 1.05437e+12
2.56603e+12 2.43578e+12 2.16633e+12       1e+20 1.60705e+12 2.23636e+12 2.73578e+12 3.19038e+12  1.9906e+12 1.86142e+12 1.78617e+12 1.59154e+12  1.4345e+12 1.32575e+12 9.04268e+11 1.47248e+12 1.83371e+12 1.16211e+12 1.62788e+12    1.35e+12 1.79011e+12 1.44627e+12 1.44278e+12 1.59223e+12  1.2311e+12 1.21655e+12 1.59552e+12 1.56426e+12   1.264e+12 1.94093e+12 1.86947e+12 1.52611e+12 1.47557e+12 1.44779e+12 1.76491e+12 1.49893e+12   1.386e+12  1.5632e+12 1.15624e+12 1.78911e+12  1.6513e+12 1.57953e+12   9.827e+11 8.93588e+11 1.49586e+12 9.84886e+11 1.91207e+12 1.52069e+12 2.56603e+12 2.43578e+12 2.16633e+12       1e+20 1.60705e+12 2.23636e+12 2.73578e+12 3.19038e+12
9.62549e+11 1.34715e+12 7.04557e+11 1.60705e+12       1e+20 1.22004e+12 1.33375e+12 1.61236e+12 3.92046e+11 3.20156e+11 2.30217e+11 3.25576e+11 4.49444e+11 3.08869e+11 7.14493e+11 2.72029e+11 2.45967e+11 4.45982e+11 1.02956e+11 2.62488e+11 3.53412e+11 3.00167e+11 2.51794e+11 5.10882e+11   4.245e+11 4.07185e+11     2.9e+11 4.78017e+11 3.46554e+11 5.12445e+11 2.62488e+11 4.04969e+11 4.69574e+11  4.7927e+11 2.62488e+11 2.31948e+11 2.63059e+11 6.22415e+11 5.16624e+11 2.41868e+11  6.2434e+11 8.06226e+10 6.46607e+11 7.29178e+11 2.74591e+11 7.03278e+11 3.08869e+11  3.2573e+11 9.62549e+11 1.34715e+12 7.04557e+11 1.60705e+12       1e+20 1.22004e+12 1.33375e+12 1.61236e+12
1.27012e+12 2.45204e+12 1.69284e+12 2.23636e+12 1.22004e+12       1e+20 7.34302e+11 2.05022e+12 1.27883e+12 9.77446e+11 1.03947e+12 1.54457e+12 1.65593e+12 1.21462e+12 1.47648e+12 1.47828e+12 1.28888e+12 1.37244e+12 1.31503e+12 1.26143e+12 8.77838e+11 1.05603e+12 1.44267e+12 1.73046e+12   1.517e+12 1.45619e+12 1.50864e+12 1.69806e+12 1.30545e+12 7.60592e+11 1.19206e+12  9.0471e+11 1.68363e+12 1.68908e+12 9.76729e+11 1.06944e+12 1.41524e+12 7.39797e+11 1.59154e+12 1.35794e+12 6.73573e+11     1.3e+12 1.40071e+12 1.47363e+12  1.0331e+12 1.32639e+12  1.1323e+12 9.70464e+11 1.27012e+12 2.45204e+12 1.69284e+12 2.23636e+12 1.22004e+12       1e+20 7.34302e+11 2.05022e+12
8.09197e+11 2.22865e+12 1.48408e+12 2.73578e+12 1.33375e+12 7.34302e+11       1e+20 1.46294e+12 1.16456e+12   1.014e+12 1.10368e+12 1.60228e+12 1.76921e+12 1.48973e+12 1.86783e+12 1.60016e+12 1.26127e+12   1.672e+12 1.39302e+12 1.50333e+12 1.01124e+12 1.33507e+12 1.58534e+12 1.77294e+12 1.74003e+12 1.70144e+12 1.56895e+12 1.75391e+12 1.57715e+12 8.41487e+11 1.16181e+12  1.2225e+12 1.77725e+12  1.7936e+12 1.08019e+12 1.30648e+12 1.59113e+12 1.17784e+12 1.83025e+12 1.34373e+12 1.08853e+12 1.40698e+12 1.78539e+12 1.87243e+12 1.29124e+12  1.7557e+12 1.08908e+12  1.2478e+12 8.09197e+11 2.22865e+12 1.48408e+12 2.73578e+12 1.33375e+12 7.34302e+11       1e+20 1.46294e+12
8.00625e+11 1.36033e+12 1.05437e+12 3.19038e+12 1.61236e+12 2.05022e+12 1.46294e+12       1e+20 1.22066e+12 1.45836e+12 1.49883e+12 1.60639e+12 1.78104e+12 1.91951e+12 2.32246e+12  1.7184e+12 1.37004e+12 2.05061e+12 1.57115e+12 1.87409e+12 1.58619e+12  1.8593e+12 1.74771e+12 1.65206e+12 1.95931e+12 1.97649e+12 1.59831e+12 1.66817e+12 1.95602e+12 1.52778e+12 1.35912e+12 1.86979e+12 1.74917e+12  1.7773e+12 1.55184e+12 1.78877e+12 1.80624e+12 2.00262e+12 2.03647e+12 1.40464e+12 1.93848e+12 1.62265e+12 2.25801e+12 2.33825e+12 1.81342e+12 2.31311e+12 1.33959e+12 1.82483e+12 8.00625e+11 1.36033e+12 1.05437e+12 3.19038e+12 1.61236e+12 2.05022e+12 1.46294e+12       1e+20
