      0 53.2259  21.095 19.7231 24.2074 48.2597 15.6525  32.249 16.7631 40.1622 8.06226 24.5153 10.6301 16.1245  27.313 44.5533 31.0161      12 46.0109 48.3839 34.4819      40 52.2015 16.0312 32.3883 36.8782 11.3137 17.8045 46.5296 14.0357 22.2036 47.1699 40.8534 25.6125      34 46.0109      25 28.4429 26.4008 23.6008 9.05539 21.9545 33.8378 48.3839 27.8029   25.02      18 45.8803
53.2259       0 34.2053 38.4708 53.4135      28 41.9762 21.1896 42.5206 14.1421 46.6476      30 51.4004 37.1618 41.0488 16.4924 29.4109 49.2443 22.0907 38.0526 43.8634  25.632      10  38.833 24.0832 33.2415   42.72 48.0833 16.1245 41.6173 31.6228  7.2111 39.2938 48.0104 32.7567 16.1245 41.0122 34.4093 32.0624  54.037 50.9608 44.6878 37.5766 8.24621 26.6833 49.0408 63.1269 36.2215
 21.095 34.2053       0 18.6011 21.8403 27.8927 18.4391 15.6525 8.60233 20.2485 13.3417 4.24264 17.2047 9.21954 13.6015 23.5372 10.4403 23.2594   25.02 30.2324 21.0238 30.1496  35.805 5.09902 11.4018 18.0278 14.3178 14.7648 25.4951 7.61577 11.4018 27.4591 24.0416 18.0278 28.4429 31.7805 26.0768 9.89949 19.6469 22.1359 23.0868 13.1529 17.0294  28.178 15.0333 31.8277      29 27.4591
19.7231 38.4708 18.6011       0 36.3456  43.909 4.24264 18.0278 22.8035 28.2843 18.1108 18.4391 25.1794 9.84886 31.7648 35.4401 27.6586 11.1803 39.3954 48.1664 39.4462 20.5183 34.9285  17.088 25.0599 36.0694 9.21954 28.2843 37.3631 18.4391 8.94427      34 42.5206 34.4819 14.3178 27.7849 7.61577 28.4253  7.2111 36.2215 13.6015 29.4109  35.609 36.0555      12 13.6015 36.4005 45.3431
24.2074 53.4135 21.8403 36.3456       0 35.8469 33.9559 37.3363 14.0357 39.4081 19.3132  25.632 13.6015 27.0185 12.8062 38.9487 24.0832 34.4384 36.8917  31.257 15.1327  51.788 56.8243  20.025 29.4109 23.7065 27.8927 8.06226 40.4599 18.0278 32.1403 46.2277 23.3452 5.83095 49.0102 53.4883 43.7379  19.105 40.0125       1  32.249 8.94427 18.7883 46.0109 36.6742 46.8188 15.0333 29.6142
48.2597      28 27.8927  43.909 35.8469       0 45.1885      29      32 20.5913 40.1995      26 41.1096 36.4005 23.7697 12.6491 17.4642 50.9215 6.32456  10.198 21.6333 44.1022 36.4966 32.5576  18.868 12.3693 42.0595 34.5254 12.1655 34.2345 34.9857 22.3607 14.1421 30.0832 47.4236 38.6264 50.2195      20 41.2311 36.7696 50.9608 29.6142  17.088 20.0998 34.0588 57.4543 49.7293 8.94427
15.6525 41.9762 18.4391 4.24264 33.9559 45.1885       0  21.095 21.0238 31.0161 15.0333 19.2354      22 9.21954 30.8058 37.6563 28.3019 7.28011 41.1096 48.6004 38.6005 24.7588 38.9102 15.8114 26.5707 36.4005 6.08276 25.9615 39.6232 16.5529 11.0454 37.1214   42.45 32.6956 18.3576 31.9061      10 28.3196 11.4018 33.7343 9.43398 27.7308 35.3553 39.0128 15.2971 13.6015 32.7567 45.8039
 32.249 21.1896 15.6525 18.0278 37.3363      29  21.095       0 24.1868 10.4403 26.2488 11.7047 31.8904 16.1245 27.1662 18.3576 17.2627 28.2843 23.4307 35.8469 33.0606 16.4924 20.5183 19.2094 11.7047 25.2982 21.5407 30.4138 20.1246 22.0227 10.4403 16.0312  32.573 32.9848 18.4391 16.1555 22.4722      21      13 37.6962 29.8329 28.4605 27.2947 18.0278 6.08276 30.3645 44.0454  33.121
16.7631 42.5206 8.60233 22.8035 14.0357      32 21.0238 24.1868       0 28.4253 8.94427 12.8062 9.48683 13.1529 10.8167 30.4631 15.5242 23.3452 30.5941 31.6228 18.4391  37.855 44.4072       6  18.868 20.2237 15.2643 6.32456  32.311 4.47214 18.1108  35.609 24.1661 11.7047      35 40.2492 30.3645      12      26 14.1421 22.0227  6.7082  17.088 36.0555 22.8035 34.4819 20.6155 29.1204
40.1622 14.1421 20.2485 28.2843 39.4081 20.5913 31.0161 10.4403 28.4253       0 33.1059 16.1245 37.4433 24.5153 27.2947 8.48528 15.6525 38.0132 14.4222 29.1204 31.0483 23.6008 18.4391 25.0599      10  21.095 30.4138 33.9411      10 27.7849      20  7.2111      28 34.1321 27.8029 18.4391 32.8938 20.5913 23.4094      40 39.2046 30.6105 24.7386 8.24621 16.4924 40.8044 49.0408 26.6833
8.06226 46.6476 13.3417 18.1108 19.3132 40.1995 15.0333 26.2488 8.94427 33.1059       0  17.088 7.07107 10.8167 19.7231 36.8782      23 15.2643 38.0526 40.4969 27.2029 36.6742 46.6905 8.24621 24.7386 28.8617       9 11.6619  38.833       6 17.2047 40.2492 33.1059 19.2094 32.0156 41.2311   25.02 20.3961 23.4094 18.9737 13.4536 14.8661      26 41.2311 22.8035 27.5136 18.7883 37.9473
24.5153      30 4.24264 18.4391  25.632      26 19.2354 11.7047 12.8062 16.1245  17.088       0 21.4009 10.4403 16.0312 20.0998 9.21954      25 22.3607 29.7321 22.8035      27 31.6228 8.94427       8 17.6918 16.2788  18.868 22.0907 11.6619      10 23.3238 24.4131 21.3776 26.2488 27.8568 25.4951 10.7703 17.8885      26  25.318 16.7631 17.8885 24.1661 12.1655 32.0156 33.2415 26.9072
10.6301 51.4004 17.2047 25.1794 13.6015 41.1096      22 31.8904 9.48683 37.4433 7.07107 21.4009       0 17.4642 18.2483 39.9249      25 21.1896  40.025 39.6232 24.6982 43.4626 52.4023 12.7279  28.178      29 16.0312 7.61577 41.7852 9.89949 23.7065 44.6542 31.7805 15.2643 39.0512 47.4342      32 21.2132 30.3645 13.0384 18.7883 12.3693 25.1794 45.2769 29.1548 33.9559 12.2066 37.3363
16.1245 37.1618 9.21954 9.84886 27.0185 36.4005 9.21954 16.1245 13.1529 24.5153 10.8167 10.4403 17.4642       0 21.9545 30.0167 19.2354 14.5602 32.7567 39.4081 29.6816      26 36.2353 7.28011 18.2483 27.2029       6      19 32.0156       9 6.40312 31.3209 33.2415 24.7386 22.0907 30.4795 17.4642  19.105 13.1529      27 15.0333 19.6469 26.1725 32.7567 12.0416 22.6716 29.5296 36.6197
 27.313 41.0488 13.6015 31.7648 12.8062 23.7697 30.8058 27.1662 10.8167 27.2947 19.7231 16.0312 18.2483 21.9545       0 26.1725 11.6619 33.9706 24.1868 21.3776 7.81025 43.0116   45.31      15 17.4642 11.4018 25.4951      11 27.6586 14.8661      25 33.8378 13.6015 7.07107 41.9762 42.9535 39.3573  6.7082 33.2415 13.6015 32.8024       6       7 33.4215 28.1603 44.4072 25.9615  19.105
44.5533 16.4924 23.5372 35.4401 38.9487 12.6491 37.6563 18.3576 30.4631 8.48528 36.8782 20.0998 39.9249 30.0167 26.1725       0 15.2643 44.2832 6.32456 22.0907 27.7849 32.0156 24.0832 28.6356 12.1655      17 36.0139 34.9857       2 31.0483 26.6833      10 22.8035 33.2415 36.2353      26 40.7185      20  31.305 39.6989 45.0444 30.8058 21.6333 8.24621 24.1661 48.4665 50.6063      20
31.0161 29.4109 10.4403 27.6586 24.0832 17.4642 28.3019 17.2627 15.5242 15.6525      23 9.21954      25 19.2354 11.6619 15.2643       0 33.6155 15.1327 20.5183 16.0312 33.7343 33.8378 15.1327 6.08276 8.60233 24.6982 19.7231      17      17  19.105 22.2036 15.6525 18.6011 34.4384 32.1403 34.6554       5 26.6271 24.7588 33.5261 15.6205 10.0499 21.9317 20.1246 41.2311 35.3553 17.6918
     12 49.2443 23.2594 11.1803 34.4384 50.9215 7.28011 28.2843 23.3452 38.0132 15.2643      25 21.1896 14.5602 33.9706 44.2832 33.6155       0 47.2969 53.3385 41.7253  31.241 46.0977 19.4165 32.7567 41.1825 8.94427 26.9258 46.2709  19.105 18.0278 44.2832 46.6154 34.4093 24.0832 38.9487 13.8924 32.7567 18.3576 34.0147 3.16228 29.8329 39.4081 46.0977  22.561 13.0384      30 50.6063
46.0109 22.0907   25.02 39.3954 36.8917 6.32456 41.1096 23.4307 30.5941 14.4222 38.0526 22.3607  40.025 32.7567 24.1868 6.32456 15.1327 47.2969       0      16 24.0832 38.0132 30.2655      30 14.5602 13.4536 38.6394  34.176       6 32.0624 30.4631 16.1245 17.8885 31.0644 41.7253  32.311 45.2769 18.9737 36.0555 37.7359  47.676 29.5466 18.4391      14 28.8444 52.7731 49.7695 14.1421
48.3839 38.0526 30.2324 48.1664  31.257  10.198 48.6004 35.8469 31.6228 29.1204 40.4969 29.7321 39.6232 39.4081 21.3776 22.0907 20.5183 53.3385      16       0 16.1245 51.8941 46.1736      34 24.4131 12.2066 44.4185  32.249      22 34.9285  39.598 32.0624       8 26.0192 54.0833 47.5395 55.1543 20.5913 46.8615  32.249 52.7731 27.2947 14.5602      30      40 61.7171 46.0977 2.82843
34.4819 43.8634 21.0238 39.4462 15.1327 21.6333 38.6005 33.0606 18.4391 31.0483 27.2029 22.8035 24.6982 29.6816 7.81025 27.7849 16.0312 41.7253 24.0832 16.1245       0  49.366 49.4773 22.8035 22.0907 10.8167 33.3017  17.088 28.8444 22.6274  32.311 36.7696 8.24621 10.0499 49.0408 48.1664 47.0106 12.1655 40.4969 16.1245 40.4599   12.53 6.32456 35.7771 34.9285 52.2015 30.0167 14.5602
     40  25.632 30.1496 20.5183  51.788 44.1022 24.7588 16.4924  37.855 23.6008 36.6742      27 43.4626      26 43.0116 32.0156 33.7343  31.241 38.0132 51.8941  49.366       0 18.0278 32.0156 28.1603 41.7612 28.8444 44.1475 33.3017 34.4819 19.9249      25 49.0408 48.1664 8.24621 10.0499 18.7883 37.2156 13.6015 51.9711 33.9706 43.2897 43.7379 27.8029 15.1327 25.9615 55.4617 49.2443
52.2015      10  35.805 34.9285 56.8243 36.4966 38.9102 20.5183 44.4072 18.4391 46.6905 31.6228 52.4023 36.2353   45.31 24.0832 33.8378 46.0977 30.2655 46.1736 49.4773 18.0278       0 39.6989 27.8568 39.4588 41.0488 50.4777 24.3311 42.5206      30 14.1421 46.1736 51.8941 26.0192       8 35.6931 38.6264 27.8568 57.3062 48.3011 47.8853 43.1741 16.4924 24.4131 43.4166 64.5368 44.0454
16.0312  38.833 5.09902  17.088  20.025 32.5576 15.8114 19.2094       6 25.0599 8.24621 8.94427 12.7279 7.28011      15 28.6356 15.1327 19.4165      30      34 22.8035 32.0156 39.6989       0 16.4924 21.9317 10.6301 12.1655 30.5941 2.82843 12.1655  32.249 27.2029 17.4642      29 34.9857 24.6982 13.4164      20 20.0998 18.7883 12.3693      20 33.1059  17.088 29.4109 24.8395  31.305
32.3883 24.0832 11.4018 25.0599 29.4109  18.868 26.5707 11.7047  18.868      10 24.7386       8  28.178 18.2483 17.4642 12.1655 6.08276 32.7567 14.5602 24.4131 22.0907 28.1603 27.8568 16.4924       0 13.6015 24.1868 24.0832 14.1421 18.9737 16.1245 16.9706 20.8806 24.1868 29.6816 26.0768 31.4006 10.7703 22.6274      30 33.2415 20.6155      16 17.2047 15.6205 38.5876 39.4081 21.6333
36.8782 33.2415 18.0278 36.0694 23.7065 12.3693 36.4005 25.2982 20.2237  21.095 28.8617 17.6918      29 27.2029 11.4018      17 8.60233 41.1825 13.4536 12.2066 10.8167 41.7612 39.4588 21.9317 13.6015       0  32.249 22.2036 18.0278 23.0868 27.6586 26.2488 7.28011 17.8885 42.9418 39.0512 43.1856   8.544 35.2278 24.5967 40.7185 17.2627       5 25.0799 28.6531 49.5782 37.3631 9.43398
11.3137   42.72 14.3178 9.21954 27.8927 42.0595 6.08276 21.5407 15.2643 30.4138       9 16.2788 16.0312       6 25.4951 36.0139 24.6982 8.94427 38.6394 44.4185 33.3017 28.8444 41.0488 10.6301 24.1868  32.249       0 19.9249 38.0132 10.8167 11.1803  37.108 37.8021 26.8328 23.4094 34.7131 16.0312 23.8537 15.2643 27.6586 9.05539 21.9545 30.6105 38.6394 16.6433 19.2354 27.2029 41.6773
17.8045 48.0833 14.7648 28.2843 8.06226 34.5254 25.9615 30.4138 6.32456 33.9411 11.6619  18.868 7.61577      19      11 34.9857 19.7231 26.9258  34.176  32.249  17.088 44.1475 50.4777 12.1655 24.0832 22.2036 19.9249       0 36.7151      10 24.3311 41.0366 24.3311 7.81025 41.0488 46.5188 35.6931 15.2315 32.0624       8      25       5      18 41.2311 29.1204      39 15.6525 30.0666
46.5296 16.1245 25.4951 37.3631 40.4599 12.1655 39.6232 20.1246  32.311      10  38.833 22.0907 41.7852 32.0156 27.6586       2      17 46.2709       6      22 28.8444 33.3017 24.3311 30.5941 14.1421 18.0278 38.0132 36.7151       0 32.9848 28.6356  10.198 23.4094 34.7131 37.8021 26.8328 42.5441 21.6333 33.1059 41.2311 47.0425   32.45 22.8035       8      26 50.3289 52.3546 20.0998
14.0357 41.6173 7.61577 18.4391 18.0278 34.2345 16.5529 22.0227 4.47214 27.7849       6 11.6619 9.89949       9 14.8661 31.0483      17  19.105 32.0624 34.9285 22.6274 34.4819 42.5206 2.82843 18.9737 23.0868 10.8167      10 32.9848       0 14.5602 34.9857 27.7849 16.1555 31.0644 37.7359 25.9615 14.5602 22.0907      18 18.0278 11.1803 20.5913 35.7771 19.6977 30.0167 22.0227  32.311
22.2036 31.6228 11.4018 8.94427 32.1403 34.9857 11.0454 10.4403 18.1108      20 17.2047      10 23.7065 6.40312      25 26.6833  19.105 18.0278 30.4631  39.598  32.311 19.9249      30 12.1655 16.1245 27.6586 11.1803 24.3311 28.6356 14.5602       0 26.3059 34.4093 29.0689 17.1172 24.0832 15.5563 20.5913 8.24621  32.249 19.4165 24.0208 27.7849 28.0713 5.65685 22.4722 35.8469 36.7696
47.1699  7.2111 27.4591      34 46.2277 22.3607 37.1214 16.0312  35.609  7.2111 40.2492 23.3238 44.6542 31.3209 33.8378      10 22.2036 44.2832 16.1245 32.0624 36.7696      25 14.1421  32.249 16.9706 26.2488  37.108 41.0366  10.198 34.9857 26.3059       0 32.5576 40.8044 30.8707 17.2047 37.6563 27.2029 28.2843 46.8615 45.7056 37.5366 30.4631 2.82843      22 45.7056 56.2228      30
40.8534 39.2938 24.0416 42.5206 23.3452 14.1421   42.45  32.573 24.1661      28 33.1059 24.4131 31.7805 33.2415 13.6015 22.8035 15.6525 46.6154 17.8885       8 8.24621 49.0408 46.1736 27.2029 20.8806 7.28011 37.8021 24.3311 23.4094 27.7849 34.4093 32.5576       0 18.0278 50.0899 46.1736 49.8197 14.1421   42.19 24.3311  45.793 19.4165  7.2111 31.0483 35.7771 55.8659 38.1182 6.32456
25.6125 48.0104 18.0278 34.4819 5.83095 30.0832 32.6956 32.9848 11.7047 34.1321 19.2094 21.3776 15.2643 24.7386 7.07107 33.2415 18.6011 34.4093 31.0644 26.0192 10.0499 48.1664 51.8941 17.4642 24.1868 17.8885 26.8328 7.81025 34.7131 16.1555 29.0689 40.8044 18.0278       0 46.1736 49.0408 42.0595 13.6015 37.2156  6.7082 32.6497 5.09902      13 40.4599 33.0606 46.0652 20.0998 24.1868
     34 32.7567 28.4429 14.3178 49.0102 47.4236 18.3576 18.4391      35 27.8029 32.0156 26.2488 39.0512 22.0907 41.9762 36.2353 34.4384 24.0832 41.7253 54.0833 49.0408 8.24621 26.0192      29 29.6816 42.9418 23.4094 41.0488 37.8021 31.0644 17.1172 30.8707 50.0899 46.1736       0 18.0278 10.8167      37       9 49.0408 27.0185 41.1096 44.0114  33.541 14.3178   17.72 50.5964 51.3128
46.0109 16.1245 31.7805 27.7849 53.4883 38.6264 31.9061 16.1555 40.2492 18.4391 41.2311 27.8568 47.4342 30.4795 42.9535      26 32.1403 38.9487  32.311 47.5395 48.1664 10.0499       8 34.9857 26.0768 39.0512 34.7131 46.5188 26.8328 37.7359 24.0832 17.2047 46.1736 49.0408 18.0278       0 27.8927 36.4966 20.5913 53.8516 41.3401 44.5982 42.0476      20 18.4391 35.5106 59.6406 45.1221
     25 41.0122 26.0768 7.61577 43.7379 50.2195      10 22.4722 30.3645 32.8938   25.02 25.4951      32 17.4642 39.3573 40.7185 34.6554 13.8924 45.2769 55.1543 47.0106 18.7883 35.6931 24.6982 31.4006 43.1856 16.0312 35.6931 42.5441 25.9615 15.5563 37.6563 49.8197 42.0595 10.8167 27.8927       0  35.805 9.48683  43.566      17      37 43.0116  40.025 16.5529 8.06226 42.5793 52.3259
28.4429 34.4093 9.89949 28.4253  19.105      20 28.3196      21      12 20.5913 20.3961 10.7703 21.2132  19.105  6.7082      20       5 32.7567 18.9737 20.5913 12.1655 37.2156 38.6264 13.4164 10.7703   8.544 23.8537 15.2315 21.6333 14.5602 20.5913 27.2029 14.1421 13.6015      37 36.4966  35.805       0 28.6356  19.799 32.2025 10.8167  7.2111 26.9072 22.8035 41.7253 30.8707 17.8885
26.4008 32.0624 19.6469  7.2111 40.0125 41.2311 11.4018      13      26 23.4094 23.4094 17.8885 30.3645 13.1529 33.2415  31.305 26.6271 18.3576 36.0555 46.8615 40.4969 13.6015 27.8568      20 22.6274 35.2278 15.2643 32.0624 33.1059 22.0907 8.24621 28.2843   42.19 37.2156       9 20.5913 9.48683 28.6356       0   40.05 20.8087 32.1403 35.7771 30.5941  7.2111 17.4642 42.1545 44.0454
23.6008  54.037 22.1359 36.2215       1 36.7696 33.7343 37.6962 14.1421      40 18.9737      26 13.0384      27 13.6015 39.6989 24.7588 34.0147 37.7359  32.249 16.1245 51.9711 57.3062 20.0998      30 24.5967 27.6586       8 41.2311      18  32.249 46.8615 24.3311  6.7082 49.0408 53.8516  43.566  19.799   40.05       0 31.7648 9.43398 19.6977 46.6905 36.8782 46.4866 14.0357 30.5941
9.05539 50.9608 23.0868 13.6015  32.249 50.9608 9.43398 29.8329 22.0227 39.2046 13.4536  25.318 18.7883 15.0333 32.8024 45.0444 33.5261 3.16228  47.676 52.7731 40.4599 33.9706 48.3011 18.7883 33.2415 40.7185 9.05539      25 47.0425 18.0278 19.4165 45.7056  45.793 32.6497 27.0185 41.3401      17 32.2025 20.8087 31.7648       0 28.2843 38.5876 47.3814 24.3516      16 27.0185 50.0899
21.9545 44.6878 13.1529 29.4109 8.94427 29.6142 27.7308 28.4605  6.7082 30.6105 14.8661 16.7631 12.3693 19.6469       6 30.8058 15.6205 29.8329 29.5466 27.2947   12.53 43.2897 47.8853 12.3693 20.6155 17.2627 21.9545       5   32.45 11.1803 24.0208 37.5366 19.4165 5.09902 41.1096 44.5982      37 10.8167 32.1403 9.43398 28.2843       0      13 37.4833 28.1603 41.1825 20.2485 25.0799
33.8378 37.5766 17.0294  35.609 18.7883  17.088 35.3553 27.2947  17.088 24.7386      26 17.8885 25.1794 26.1725       7 21.6333 10.0499 39.4081 18.4391 14.5602 6.32456 43.7379 43.1741      20      16       5 30.6105      18 22.8035 20.5913 27.7849 30.4631  7.2111      13 44.0114 42.0476 43.0116  7.2111 35.7771 19.6977 38.5876      13       0 29.5296 29.7321 48.8365 32.7567 12.1655
48.3839 8.24621  28.178 36.0555 46.0109 20.0998 39.0128 18.0278 36.0555 8.24621 41.2311 24.1661 45.2769 32.7567 33.4215 8.24621 21.9317 46.0977      14      30 35.7771 27.8029 16.4924 33.1059 17.2047 25.0799 38.6394 41.2311       8 35.7771 28.0713 2.82843 31.0483 40.4599  33.541      20  40.025 26.9072 30.5941 46.6905 47.3814 37.4833 29.5296       0 24.0832 48.0521 56.6127 28.0713
27.8029 26.6833 15.0333      12 36.6742 34.0588 15.2971 6.08276 22.8035 16.4924 22.8035 12.1655 29.1548 12.0416 28.1603 24.1661 20.1246  22.561 28.8444      40 34.9285 15.1327 24.4131  17.088 15.6205 28.6531 16.6433 29.1204      26 19.6977 5.65685      22 35.7771 33.0606 14.3178 18.4391 16.5529 22.8035  7.2111 36.8782 24.3516 28.1603 29.7321 24.0832       0 24.3516 41.3401 37.2022
  25.02 49.0408 31.8277 13.6015 46.8188 57.4543 13.6015 30.3645 34.4819 40.8044 27.5136 32.0156 33.9559 22.6716 44.4072 48.4665 41.2311 13.0384 52.7731 61.7171 52.2015 25.9615 43.4166 29.4109 38.5876 49.5782 19.2354      39 50.3289 30.0167 22.4722 45.7056 55.8659 46.0652   17.72 35.5106 8.06226 41.7253 17.4642 46.4866      16 41.1825 48.8365 48.0521 24.3516       0 43.0116 58.8982
     18 63.1269      29 36.4005 15.0333 49.7293 32.7567 44.0454 20.6155 49.0408 18.7883 33.2415 12.2066 29.5296 25.9615 50.6063 35.3553      30 49.7695 46.0977 30.0167 55.4617 64.5368 24.8395 39.4081 37.3631 27.2029 15.6525 52.3546 22.0227 35.8469 56.2228 38.1182 20.0998 50.5964 59.6406 42.5793 30.8707 42.1545 14.0357 27.0185 20.2485 32.7567 56.6127 41.3401 43.0116       0 44.2832
45.8803 36.2215 27.4591 45.3431 29.6142 8.94427 45.8039  33.121 29.1204 26.6833 37.9473 26.9072 37.3363 36.6197  19.105      20 17.6918 50.6063 14.1421 2.82843 14.5602 49.2443 44.0454  31.305 21.6333 9.43398 41.6773 30.0666 20.0998  32.311 36.7696      30 6.32456 24.1868 51.3128 45.1221 52.3259 17.8885 44.0454 30.5941 50.0899 25.0799 12.1655 28.0713 37.2022 58.8982 44.2832       0

