      0 66.8506 140.175 44.5982 184.589 250.218 104.938 116.379 111.611 50.1199 61.0737 37.1618 104.317 56.8595 71.0634 108.853 66.2193 92.6553 108.157 49.4975 36.1386 28.0179 93.0215 60.6383       0 66.8506 140.175 44.5982 184.589 250.218
66.8506       0 204.519  104.48 197.063  248.91 149.723 168.003 139.284 110.259 107.801 97.0052  116.52 86.3134 104.216 138.521   128.6  117.72 159.402 114.057  92.957 80.8084 132.378 113.278 66.8506       0 204.519  104.48 197.063  248.91
140.175 204.519       0 100.439 264.715 339.246 159.013 144.959 193.132 121.758 147.258 127.883 208.655 169.098 168.799  188.68 108.747 187.409 143.753 108.669 133.959 142.555 166.012 136.308 140.175 204.519       0 100.439 264.715 339.246
44.5982  104.48 100.439       0 216.449 286.007  122.25 125.064 140.471 61.6847 85.4225 55.9464 141.014 93.3488  102.65  136.85 67.0075   125.1 118.343 50.4876 59.9083 60.8112 116.619 79.1202 44.5982  104.48 100.439       0 216.449 286.007
184.589 197.063 264.715 216.449       0 74.6324 105.759 121.939 76.2758 157.051 131.229 160.524 82.5651 127.812 114.495 80.2122 161.443 92.1954 121.495 170.801 156.668 158.405 102.303 139.032 184.589 197.063 264.715 216.449       0 74.6324
250.218  248.91 339.246 286.007 74.6324       0 180.236  196.42 148.499  228.79 202.181 230.673 145.962 193.892 183.404 152.735 234.798 161.028 196.125 242.835 226.206 226.049 175.385  210.95 250.218  248.91 339.246 286.007 74.6324       0
104.938 149.723 159.013  122.25 105.759 180.236       0 24.7386 38.3275 60.8276 44.3847 70.0071 66.2873 63.8201 46.7547 34.1321 58.5918 45.8803 19.0263 72.1249 69.1809 77.4661 19.4165      45 104.938 149.723 159.013  122.25 105.759 180.236
116.379 168.003 144.959 125.064 121.939  196.42 24.7386       0 62.0081 67.4685 60.2163  79.404 91.0055 84.1724 68.6003 58.0775 58.0775 70.5195 8.60233   75.06 80.4114  90.802 43.4626 56.3649 116.379 168.003 144.959 125.064 121.939  196.42
111.611 139.284 193.132 140.471 76.2758 148.499 38.3275 62.0081       0 80.8022 55.0727  84.534   32.45 57.0088 40.6079 4.47214 86.4523  21.587 57.3149 94.6414 81.0247 84.2021 27.2029 62.8013 111.611 139.284 193.132 140.471 76.2758 148.499
50.1199 110.259 121.758 61.6847 157.051  228.79 60.8276 67.4685 80.8022       0 27.0185 13.4536 88.5099  47.676 48.0208  76.844 18.7883  68.884 59.6825 14.2127 17.4929 29.6816 55.4707 18.0278 50.1199 110.259 121.758 61.6847 157.051  228.79
61.0737 107.801 147.258 85.4225 131.229 202.181 44.3847 60.2163 55.0727 27.0185       0 29.5466 61.7738 27.5136 21.5407 51.4296 39.0512 41.8688  51.614 41.2311 26.6833 33.2415 32.3883 11.1803 61.0737 107.801 147.258 85.4225 131.229 202.181
37.1618 97.0052 127.883 55.9464 160.524 230.673 70.0071  79.404  84.534 13.4536 29.5466       0 87.2067 42.0476 47.4236 80.9568 31.6228 69.6563 71.3092  20.025 6.08276  17.088 61.4003   25.02 37.1618 97.0052 127.883 55.9464 160.524 230.673
104.317  116.52 208.655 141.014 82.5651 145.962 66.2873 91.0055   32.45 88.5099 61.7738 87.2067       0 48.0104 40.4969 34.8855  99.925 22.2036 84.8528 102.626 82.0731 80.4301 49.0408   72.45 104.317  116.52 208.655 141.014 82.5651 145.962
56.8595 86.3134 169.098 93.3488 127.812 193.892 63.8201 84.1724 57.0088  47.676 27.5136 42.0476 48.0104       0 18.0278 55.0818      64 36.4966  75.743 60.4401 36.2353 32.5576 46.0652 37.6563 56.8595 86.3134 169.098 93.3488 127.812 193.892
71.0634 104.216 168.799  102.65 114.495 183.404 46.7547 68.6003 40.6079 48.0208 21.5407 47.4236 40.4969 18.0278       0 38.1182 60.4401 22.4722 60.4649 62.1289 42.8019 44.0114 28.3019  32.573 71.0634 104.216 168.799  102.65 114.495 183.404
108.853 138.521  188.68  136.85 80.2122 152.735 34.1321 58.0775 4.47214  76.844 51.4296 80.9568 34.8855 55.0818 38.1182       0  82.134 21.0238 53.1507 90.6035 77.6209 81.2527 22.8035 58.8218 108.853 138.521  188.68  136.85 80.2122 152.735
66.2193   128.6 108.747 67.0075 161.443 234.798 58.5918 58.0775 86.4523 18.7883 39.0512 31.6228  99.925      64 60.4401  82.134       0 78.7147 51.6236 18.0278 36.2353 48.3735 59.4138 27.8927 66.2193   128.6 108.747 67.0075 161.443 234.798
92.6553  117.72 187.409   125.1 92.1954 161.028 45.8803 70.5195  21.587  68.884 41.8688 69.6563 22.2036 36.4966 22.4722 21.0238 78.7147       0 63.7887 83.0963  65.215 66.2118 27.4591 51.8652 92.6553  117.72 187.409   125.1 92.1954 161.028
108.157 159.402 143.753 118.343 121.495 196.125 19.0263 8.60233 57.3149 59.6825  51.614 71.3092 84.8528  75.743 60.4649 53.1507 51.6236 63.7887       0 68.0294  72.111 82.3468 36.4005  47.927 108.157 159.402 143.753 118.343 121.495 196.125
49.4975 114.057 108.669 50.4876 170.801 242.835 72.1249   75.06 94.6414 14.2127 41.2311  20.025 102.626 60.4401 62.1289 90.6035 18.0278 83.0963 68.0294       0      26 36.6742 68.7968 31.8904 49.4975 114.057 108.669 50.4876 170.801 242.835
36.1386  92.957 133.959 59.9083 156.668 226.206 69.1809 80.4114 81.0247 17.4929 26.6833 6.08276 82.0731 36.2353 42.8019 77.6209 36.2353  65.215  72.111      26       0 12.2066 59.0339 24.5153 36.1386  92.957 133.959 59.9083 156.668 226.206
28.0179 80.8084 142.555 60.8112 158.405 226.049 77.4661  90.802 84.2021 29.6816 33.2415  17.088 80.4301 32.5576 44.0114 81.2527 48.3735 66.2118 82.3468 36.6742 12.2066       0 65.0077 34.4384 28.0179 80.8084 142.555 60.8112 158.405 226.049
93.0215 132.378 166.012 116.619 102.303 175.385 19.4165 43.4626 27.2029 55.4707 32.3883 61.4003 49.0408 46.0652 28.3019 22.8035 59.4138 27.4591 36.4005 68.7968 59.0339 65.0077       0 37.5766 93.0215 132.378 166.012 116.619 102.303 175.385
60.6383 113.278 136.308 79.1202 139.032  210.95      45 56.3649 62.8013 18.0278 11.1803   25.02   72.45 37.6563  32.573 58.8218 27.8927 51.8652  47.927 31.8904 24.5153 34.4384 37.5766       0 60.6383 113.278 136.308 79.1202 139.032  210.95
      0 66.8506 140.175 44.5982 184.589 250.218 104.938 116.379 111.611 50.1199 61.0737 37.1618 104.317 56.8595 71.0634 108.853 66.2193 92.6553 108.157 49.4975 36.1386 28.0179 93.0215 60.6383       0 66.8506 140.175 44.5982 184.589 250.218
66.8506       0 204.519  104.48 197.063  248.91 149.723 168.003 139.284 110.259 107.801 97.0052  116.52 86.3134 104.216 138.521   128.6  117.72 159.402 114.057  92.957 80.8084 132.378 113.278 66.8506       0 204.519  104.48 197.063  248.91
140.175 204.519       0 100.439 264.715 339.246 159.013 144.959 193.132 121.758 147.258 127.883 208.655 169.098 168.799  188.68 108.747 187.409 143.753 108.669 133.959 142.555 166.012 136.308 140.175 204.519       0 100.439 264.715 339.246
44.5982  104.48 100.439       0 216.449 286.007  122.25 125.064 140.471 61.6847 85.4225 55.9464 141.014 93.3488  102.65  136.85 67.0075   125.1 118.343 50.4876 59.9083 60.8112 116.619 79.1202 44.5982  104.48 100.439       0 216.449 286.007
184.589 197.063 264.715 216.449       0 74.6324 105.759 121.939 76.2758 157.051 131.229 160.524 82.5651 127.812 114.495 80.2122 161.443 92.1954 121.495 170.801 156.668 158.405 102.303 139.032 184.589 197.063 264.715 216.449       0 74.6324
250.218  248.91 339.246 286.007 74.6324       0 180.236  196.42 148.499  228.79 202.181 230.673 145.962 193.892 183.404 152.735 234.798 161.028 196.125 242.835 226.206 226.049 175.385  210.95 250.218  248.91 339.246 286.007 74.6324       0
