      1e+20 7.56902e+11 1.55862e+12 2.53032e+12 5.66127e+11 2.68829e+12 6.30635e+11     117.414       97.17     82.0731     138.809     137.058     138.235      128.16     98.1275     139.989     49.8197       1e+20 7.56902e+11 1.55862e+12 2.53032e+12 5.66127e+11 2.68829e+12 6.30635e+11
7.56902e+11       1e+20 1.23491e+12 2.81432e+12  1.3228e+12 2.94496e+12  1.3406e+12     167.156     131.548     137.786     180.247     140.064     171.604     149.967     110.309     170.857      86.977 7.56902e+11       1e+20 1.23491e+12 2.81432e+12  1.3228e+12 2.94496e+12  1.3406e+12
1.55862e+12 1.23491e+12       1e+20 2.02233e+12 1.97626e+12 2.09747e+12 1.76799e+12     154.315     114.529     149.843     147.299     66.2722     128.725      100.02     80.7094     124.169     117.801 1.55862e+12 1.23491e+12       1e+20 2.02233e+12 1.97626e+12 2.09747e+12 1.76799e+12
2.53032e+12 2.81432e+12 2.02233e+12       1e+20 2.47407e+12     1.8e+11 2.13804e+12     141.989     156.707     176.411     116.245     146.731     114.909     131.643     171.126     113.719     206.633 2.53032e+12 2.81432e+12 2.02233e+12       1e+20 2.47407e+12     1.8e+11 2.13804e+12
5.66127e+11  1.3228e+12 1.97626e+12 2.47407e+12       1e+20   2.647e+12 3.37343e+11     105.513     107.056     73.2462     132.004     161.914     139.435     141.152     125.004     143.171     79.8812 5.66127e+11  1.3228e+12 1.97626e+12 2.47407e+12       1e+20   2.647e+12 3.37343e+11
2.68829e+12 2.94496e+12 2.09747e+12     1.8e+11   2.647e+12       1e+20 2.31041e+12     159.201     172.038     193.259     133.135     157.613     130.599     145.417     184.391     128.996     221.759 2.68829e+12 2.94496e+12 2.09747e+12     1.8e+11   2.647e+12       1e+20 2.31041e+12
6.30635e+11  1.3406e+12 1.76799e+12 2.13804e+12 3.37343e+11 2.31041e+12       1e+20     71.8401      76.243     40.0125       98.27     133.754     106.075     109.882     99.2975         110     61.5873 6.30635e+11  1.3406e+12 1.76799e+12 2.13804e+12 3.37343e+11 2.31041e+12       1e+20
1.17414e+12 1.67156e+12 1.54315e+12 1.41989e+12 1.05513e+12 1.59201e+12 7.18401e+11       1e+10       42.19      35.805     27.0185     92.9139     40.3113     58.8982     77.1038      45.618     80.4984     117.414     167.156     154.315     141.989     105.513     159.201     71.8401
  9.717e+11 1.31548e+12 1.14529e+12 1.56707e+12 1.07056e+12 1.72038e+12  7.6243e+11       42.19       1e+10     39.1152     48.7647     59.4054     42.0119     34.1321      35.171     43.0465          50       97.17     131.548     114.529     156.707     107.056     172.038      76.243
8.20731e+11 1.37786e+12 1.49843e+12 1.76411e+12 7.32462e+11 1.93259e+12 4.00125e+11      35.805     39.1152       1e+10     60.1664     98.4733     66.1891     71.1688     69.2026     70.0071     51.4782     82.0731     137.786     149.843     176.411     73.2462     193.259     40.0125
1.38809e+12 1.80247e+12 1.47299e+12 1.16245e+12 1.32004e+12 1.33135e+12   9.827e+11     27.0185     48.7647     60.1664       1e+10     81.9085     19.7231     47.2969     78.2624     25.2389     96.4261     138.809     180.247     147.299     116.245     132.004     133.135       98.27
1.37058e+12 1.40064e+12 6.62722e+11 1.46731e+12 1.61914e+12 1.57613e+12 1.33754e+12     92.9139     59.4054     98.4733     81.9085       1e+10     62.8172     34.9285     39.0128     58.0517     88.1419     137.058     140.064     66.2722     146.731     161.914     157.613     133.754
1.38235e+12 1.71604e+12 1.28725e+12 1.14909e+12 1.39435e+12 1.30599e+12 1.06075e+12     40.3113     42.0119     66.1891     19.7231     62.8172       1e+10     29.0172      64.622     5.65685     92.0054     138.235     171.604     128.725     114.909     139.435     130.599     106.075
 1.2816e+12 1.49967e+12  1.0002e+12 1.31643e+12 1.41152e+12 1.45417e+12 1.09882e+12     58.8982     34.1321     71.1688     47.2969     34.9285     29.0172       1e+10     39.8246     25.1794     78.7718      128.16     149.967      100.02     131.643     141.152     145.417     109.882
9.81275e+11 1.10309e+12 8.07094e+11 1.71126e+12 1.25004e+12 1.84391e+12 9.92975e+11     77.1038      35.171     69.2026     78.2624     39.0128      64.622     39.8246       1e+10     62.6099      49.163     98.1275     110.309     80.7094     171.126     125.004     184.391     99.2975
1.39989e+12 1.70857e+12 1.24169e+12 1.13719e+12 1.43171e+12 1.28996e+12     1.1e+12      45.618     43.0465     70.0071     25.2389     58.0517     5.65685     25.1794     62.6099       1e+10     92.9139     139.989     170.857     124.169     113.719     143.171     128.996         110
4.98197e+11  8.6977e+11 1.17801e+12 2.06633e+12 7.98812e+11 2.21759e+12 6.15873e+11     80.4984          50     51.4782     96.4261     88.1419     92.0054     78.7718      49.163     92.9139       1e+10     49.8197      86.977     117.801     206.633     79.8812     221.759     61.5873
      1e+20 7.56902e+11 1.55862e+12 2.53032e+12 5.66127e+11 2.68829e+12 6.30635e+11 1.17414e+12   9.717e+11 8.20731e+11 1.38809e+12 1.37058e+12 1.38235e+12  1.2816e+12 9.81275e+11 1.39989e+12 4.98197e+11       1e+20 7.56902e+11 1.55862e+12 2.53032e+12 5.66127e+11 2.68829e+12 6.30635e+11
7.56902e+11       1e+20 1.23491e+12 2.81432e+12  1.3228e+12 2.94496e+12  1.3406e+12 1.67156e+12 1.31548e+12 1.37786e+12 1.80247e+12 1.40064e+12 1.71604e+12 1.49967e+12 1.10309e+12 1.70857e+12  8.6977e+11 7.56902e+11       1e+20 1.23491e+12 2.81432e+12  1.3228e+12 2.94496e+12  1.3406e+12
1.55862e+12 1.23491e+12       1e+20 2.02233e+12 1.97626e+12 2.09747e+12 1.76799e+12 1.54315e+12 1.14529e+12 1.49843e+12 1.47299e+12 6.62722e+11 1.28725e+12  1.0002e+12 8.07094e+11 1.24169e+12 1.17801e+12 1.55862e+12 1.23491e+12       1e+20 2.02233e+12 1.97626e+12 2.09747e+12 1.76799e+12
2.53032e+12 2.81432e+12 2.02233e+12       1e+20 2.47407e+12     1.8e+11 2.13804e+12 1.41989e+12 1.56707e+12 1.76411e+12 1.16245e+12 1.46731e+12 1.14909e+12 1.31643e+12 1.71126e+12 1.13719e+12 2.06633e+12 2.53032e+12 2.81432e+12 2.02233e+12       1e+20 2.47407e+12     1.8e+11 2.13804e+12
5.66127e+11  1.3228e+12 1.97626e+12 2.47407e+12       1e+20   2.647e+12 3.37343e+11 1.05513e+12 1.07056e+12 7.32462e+11 1.32004e+12 1.61914e+12 1.39435e+12 1.41152e+12 1.25004e+12 1.43171e+12 7.98812e+11 5.66127e+11  1.3228e+12 1.97626e+12 2.47407e+12       1e+20   2.647e+12 3.37343e+11
2.68829e+12 2.94496e+12 2.09747e+12     1.8e+11   2.647e+12       1e+20 2.31041e+12 1.59201e+12 1.72038e+12 1.93259e+12 1.33135e+12 1.57613e+12 1.30599e+12 1.45417e+12 1.84391e+12 1.28996e+12 2.21759e+12 2.68829e+12 2.94496e+12 2.09747e+12     1.8e+11   2.647e+12       1e+20 2.31041e+12
6.30635e+11  1.3406e+12 1.76799e+12 2.13804e+12 3.37343e+11 2.31041e+12       1e+20 7.18401e+11  7.6243e+11 4.00125e+11   9.827e+11 1.33754e+12 1.06075e+12 1.09882e+12 9.92975e+11     1.1e+12 6.15873e+11 6.30635e+11  1.3406e+12 1.76799e+12 2.13804e+12 3.37343e+11 2.31041e+12       1e+20
