      0  53.864 21.3341 22.0318 25.5115 17.6249 33.1974 16.8395 42.3966 8.14163 24.9269 11.3196 16.8048 27.5627 45.2197 31.1291 12.6168 49.6507 51.6274 37.0318 37.8835 49.9041 16.1481 32.9221 40.1754 14.2911 18.2772 49.9699 14.1416 22.4418 49.2312 44.7779 26.7784 32.9291  43.747 34.4446  49.324   28.84 25.4437 19.7723
55.1083       0 35.5208 39.2216 54.3704 43.1551 22.0194 44.0211 14.3857 48.1381 31.5651 52.7247 38.2735 41.6624 17.8321 29.8789 53.2246 22.0463 41.6924 46.8161 24.6202 6.60465 40.1476 25.0171 34.1735 43.6582 49.7324      16 43.1696 32.8367 7.22491 43.4559 50.0841 32.5859 14.3332 41.1419 8.26731 27.3557 49.9822 64.9155
21.2679 35.6133       0 21.8294 22.7413 18.5459 16.6884 9.23925 21.1755 13.4142 4.24275 17.2223 9.22089 15.4327 23.8974 10.5122 28.5269  28.113 34.8767 24.8013 25.9481 32.0157  5.1396  11.592 19.6923 14.5065 15.5503 29.3564 7.64515 10.6203 28.3994 27.6419 20.1979 26.3207 26.9234 17.4979 28.4633 16.8559 33.7036 29.5522
22.0161 39.3197 21.7322       0 38.6571 4.42691 18.1128  25.212 28.5154 19.9858 20.9776 28.4093 13.1849 35.0348 36.6383 31.7897 15.4964 44.0651 55.6769 46.3833 16.7775 33.6076 19.7399  26.819 40.4466 11.4134 30.6395 41.3856  20.046  11.126 34.7007 48.9573 37.9136 10.9146  25.743  38.957 36.2337      12 14.3362 38.8093
25.5221 54.3852 22.7652  38.659       0   34.82 38.4656  14.055 40.3565 19.6638  26.189   14.19  27.047 14.2254 40.0359 24.5242 36.0839 41.9462 32.1581 15.5273 46.4993 52.8077 20.0464  29.633 25.8497 27.9719 8.08183 43.5695 18.0478 31.1685 47.1816 23.1625 5.57548 46.8753 48.6986 20.5507 46.8202 37.4084 48.9591 15.2242
17.6319 43.3531 18.5347 4.43796  34.829       0 21.4818 21.3845 31.2993 16.1579 21.0555 24.0281 9.35724 31.2371 38.1358   28.73 12.4764 45.4562 53.1274 40.4914  21.152  38.069 15.9126 28.2128  37.902  7.5853 26.8111 44.1958 17.0092 12.3672 37.8362 46.1778 34.0859 15.3351 29.8298 36.0318  39.276 16.3894 15.3531 34.4298
33.1927 22.1064 16.6826 18.1713 38.4476 21.4041       0 25.8313 10.6686 27.0162 12.4472 33.3237 16.3575 27.9529 19.3452 17.2945 33.0149  28.598 41.1453 35.0749 11.3828 16.7975 21.1159 11.9445 25.9211 21.7441 32.1436 23.5357 23.9129 10.9059 16.7948 36.5065 35.9051 15.9578 10.8474 27.6504 18.3856 6.16999 32.1151 45.8083
17.0836 44.0823  9.2448  25.256 14.0558 21.4186 25.8497       0 29.7599  9.0059 13.4504 9.75912 13.1725 11.2691 31.9865 16.7016  26.673 35.5823 35.9133 22.7662 32.4683 41.1793       6 19.6892 25.3524 15.5229 6.34715 35.9183 4.49156 17.1369 36.8707 28.6798 12.6901 32.8405 36.0841 18.7131 36.9318 23.3777 36.5894 21.1053
 42.418 14.3743 20.2554 28.7479 40.3418 31.4055 10.7536 29.7486       0 34.8071 16.9986 38.4043  25.574 28.3233  8.4853 16.6175 42.9994 18.7977 35.1917 35.2244 19.6209 13.0268 26.7471 10.7679 23.2034 30.9553 35.5704 12.9134  28.658 20.2652 7.23898 33.8095 36.5839 25.9481 13.0759 27.8064 8.37515 16.7201 42.6207 50.6339
8.17389 48.1605 13.5793 19.9825 19.6578 16.1363  27.037  8.9743 34.7896       0 17.3073 7.09023 10.9991 20.0585 37.4047 23.2164 17.6995 41.8033 44.1321 30.1947 31.9092 43.7183 8.37515 25.0881 32.0497 9.15066 11.6732 42.1086       6 16.4519 40.6487 36.9013 20.0057 30.5425 37.6865 26.6931 41.8997 22.8463  30.575  19.163
24.6886 31.6712 4.24285 21.1066 25.6701 21.0526 12.4532 13.4372 17.0342 17.2109       0 21.4052 10.6246 18.0593 20.3506 9.78663 29.7535 25.7112  34.201 25.5279 22.9608 27.7895  8.9743       8 18.9625 16.7112 19.7491 25.9879 11.6802 9.84614 23.7222 28.0933 23.6423 25.5513 22.6871 18.0941   24.52 15.6214 35.2713 33.7511
11.3452 52.8006 17.2291 28.4473 14.2163 24.0344 33.3951  9.7339  39.096 7.08915 21.4128       0 17.4908 18.3605 41.1172 25.8347 21.9096 44.7317  42.485 26.7108 38.2708 49.0882 12.7285 28.7965  32.921 16.2183 7.87666 45.0626 9.89969 22.8409 45.5884 34.4525 16.3624  37.022 43.9966 25.3561 45.6505 29.1901 34.7891  12.642
16.8314 38.3921 9.22091 13.1762 27.0463  9.3361 16.4079 13.1709 25.5848 11.0231 10.4913 17.5054       0 22.6103 30.4384 19.4107 16.4956  36.045 43.8462 31.8964 21.1088  33.099 7.29926 18.3661 28.6154 6.21615      19 36.3176       9 5.65721 32.4649 36.8447 25.8075 18.1311 26.5275 26.7021 33.6791 12.0636 24.5021 29.9021
27.7597  41.662 15.4604 35.0801 14.2064 31.2342 27.9678 11.9278 28.3494 20.1441 18.0686 18.5771 21.9763       0 26.4445 11.7979 37.5221 30.2463 24.1786  10.316 38.4869 41.6385 15.3506 17.6104 14.6023 25.8515      11  30.853 15.6364 26.0262 34.4592 16.9477 7.81244 38.5252 38.1506       7 34.0969 31.1465 46.3852  26.389
44.8843 17.8367 23.7245 36.7486 40.0068 38.4315 19.4562 30.6262 8.70347 37.1287 20.2795 40.7858 30.5892  27.298       0 15.5549 50.0315 15.4936 29.8769 31.5544 28.2019 18.9414 28.8492 12.2795 18.8587 36.7886 35.4231 13.9118 31.3285 26.9333 10.7285 28.5154 36.1322 34.7033  21.026 26.7755 10.1728 25.3026 50.6858 51.9355
31.1717 29.8634 10.6105 31.7949 24.4942 28.7254 17.2979 16.6491 17.0559 23.2354 9.78793 25.6343 19.4799 11.7847 15.6039       0 38.7064 18.9205 24.4716 18.6841 27.9687 29.8376  15.315 6.31161 9.23973 24.9991 20.0278 19.2236  17.241 19.0732 22.4472 19.8245 20.6184 31.6885  27.403 11.2631 22.2993 20.6363 44.9115 36.4025
12.6154 53.2669 28.5223 15.4982 35.5425  12.474 33.0586 26.5871 42.9202 17.6898 29.5983 21.9059 19.3458 37.4785 49.7751 33.9138       0 54.8742 61.5285 47.1789 30.0474 46.7338 25.6538 37.1758 47.8718 17.5729 28.4888 55.8259 23.6629 22.2498 49.4207 54.2968 36.9239 22.4916 39.6995 44.3199 50.8626 26.9399 13.0586 31.4312
 49.697  22.047 29.1354  44.197  41.923 45.7137 28.7362 35.4803 18.8426 41.7737 25.8487 44.4609 36.3263 30.1303 15.5978 18.9945 55.1354       0 19.8505 30.2897 37.7435 30.3576 33.7289 17.8487 17.7683  42.461 38.5487 6.10271 35.7696 34.2747 16.7887 22.3035 36.4428 43.5777 29.8458 23.9732 14.3385 32.7619 58.1756  54.753
51.9899 41.6929  34.909 55.6904 32.1731 53.1783 41.1757 36.1453 35.2074  44.247 33.2779 42.8232 43.8904 24.2554 29.8837  24.485 61.7304 19.8563       0 18.9287 51.8555 44.3582  38.046 29.4158 15.7639  48.547 35.2554 25.8301  38.321 44.0155 35.7814 9.15749 27.5054   55.58 47.5967 17.4953 33.5976 44.5266 69.3772 47.3589
37.0616 46.8687 24.8402 46.5147 15.5699 40.5825 35.1154 22.7464 35.2906 30.2151 29.8865   26.76 31.9713 10.3584 31.5933 18.7269 47.1822 30.3051 18.9433       0 45.7258 47.0179 24.6972 22.7258 12.8154 37.9147 18.9062  32.766 27.1811 35.3007 39.6939 10.0366 10.8729 49.4445 45.2165 7.53932 39.2446 35.2798 60.0561  30.752
37.9248 24.4486 25.9351 16.7554 46.5029 21.1432 11.3888 32.4691 19.5852 31.9195 23.8986 38.2649 21.1189 38.4693 28.1405  27.958 29.9114   37.63  51.837 45.6939       0  18.267 26.5317 22.4962 36.6123 26.2701 38.6964 31.7456 28.9672 15.4684 22.4849 47.1976 44.8995 8.11367  10.243 38.2698 25.9686 9.24018 25.1978 50.7377
49.8541 6.61396 32.0041 33.4732 52.7893 37.9268 16.7751 41.1528  13.015 43.7014 27.7672 49.0793 32.8115 40.1322 18.9328 29.8527 47.4598 25.2161 44.3178 46.9882 18.3054       0 36.4389 23.2144   34.33 38.4028 47.4638 19.1544 39.2375 27.6088 8.86248 44.9436 49.0294 26.3629 8.08669 41.1138 10.9132 21.8533 43.7547 61.4757
16.1383 40.1134  5.1691 19.7792  20.047 15.8362 21.1284       6 26.7355 8.28784 9.00339 12.7286 7.30188 15.3333 29.0632  15.261 25.6365 33.7869 37.9929 24.6203 26.5377 36.4568       0 16.7632  24.442 10.6443 12.2106 33.9913 2.82916 11.1986 33.3805 30.7589 18.5777 26.9149 31.3614 20.5972 33.4518 17.4471 31.0959  25.361
32.6261 25.0267 11.4497 27.1704 29.6144 28.3815 11.9559 19.6341 10.7724 24.8421       8  28.512 18.5812 17.5824 12.3506 6.29966 37.3993 17.7167 29.3994 24.4822 22.7377  23.234 16.5605       0 13.6876 24.7042  24.894  17.988 19.0569 16.9304 17.8143 24.7635 25.8599 26.7139 20.4419 17.0651 17.8747 15.6517 40.7879 40.5081
40.2148 34.1941 19.7941 40.4605 25.8064 37.9489 25.9498 25.3568 23.2152 32.0752 19.0286 33.1971 28.6578 14.6699 18.8729 9.26176   47.93 17.7374 15.7326 12.0596 36.6309 34.3426 24.5617 14.1935       0 34.2921 25.6699 20.0444 26.1083 28.7755 27.0197 10.7239 20.3536 40.3555 33.9571 7.89419 26.5724 29.3021 54.1305 40.1814
14.3016 43.8524 14.4301 11.4378 27.9704 7.59758 21.8388 15.5314 31.0794 9.14376 16.6147 16.2149 6.20414 25.8146  36.788  24.909  9.0059 42.0827 48.4658  37.935 26.2203  38.576 10.6508 24.6147 34.0921       0 19.9557  42.591 11.2181 10.9457 37.8891 41.2382 27.8438 22.3326 32.2047  31.075 39.3259 17.2039 22.7632 28.1886
18.2744 49.7303 15.3041 30.6416 8.08028 26.7997 32.1662 6.34344 35.5646 11.6868  19.769 7.97781      19      11 35.4936 19.9917 28.4938 38.6958 35.1744 18.9007 38.7011 47.4949 12.1837 24.8452 25.5986 19.9543       0 39.2311      10 23.3636 42.5272 26.6376 8.50473 39.0731 42.4023      18 42.1704 29.6097 41.3694 17.0134
49.9185      16 29.3653 41.7394 43.5435 44.3659 23.6037  35.841 12.9887 41.9881 26.0179 44.8132 36.5787  30.835 13.8993 19.2149 55.9593 6.10055 25.8216 32.7164  31.864 19.1667 34.0598 18.0179 20.0324 42.6683  39.205       0 35.9958 33.3998 10.7946 27.6094 39.6675 38.7285  23.973 27.8157 8.26776 29.7541 55.4294 55.4927
14.1739 43.2639 7.72791 20.8442 18.0474  17.002 22.2286 4.48591 29.5309       6 11.6886 9.90049       9 15.5471 31.6014 17.2547 23.6703 35.8033 38.2062 27.1877 28.9884 39.2507 2.82889 20.7193 26.0681 11.2057      10 36.1097       0 13.6227 36.0442 30.9638 17.1202 29.3685 34.1556 20.7976 36.1111 19.8983 32.1833 22.0277
22.3752 33.0514 10.6117 11.2034  31.174 12.3876 10.9758  17.139 20.2512 16.4652  9.8554 22.8477 5.65765 25.9954 26.8725 19.5346 22.2703 34.1289 43.9565  34.545  15.462 27.7389 11.1995 16.8846 28.7185  10.832 23.3649 33.1428 13.6246       0 27.1172 37.8383 29.5729  14.667  21.299  27.836 28.5177   6.407 26.5769 35.3028
49.1024 7.21615 28.2842 34.8037 47.1648 37.8396  16.917  36.812 7.22955 41.6291 24.3546  45.483 32.2898 34.4573 10.7263 22.6724 49.4105 16.7843 35.7446 39.6531 22.5261  8.8698 33.3638 17.8068 27.0013 37.6623 42.5404 10.7905 35.0723 26.9181       0 37.5206   43.29 30.5012 13.0458 33.9349 2.82844 22.7934 48.1575 57.7026
44.8134 43.4601 27.6477 44.8308 23.2636 46.1588 36.5299 28.9687 33.8199 36.9669 28.1117 34.5238 36.8488 16.9971 28.5412 19.8628 54.5637 22.1098 9.13577 10.0262 47.2134 44.9457 30.7688  24.773 10.7128 41.2688 26.6429 27.5992 31.0428 37.8508 37.5487       0 18.6066 50.9385 44.5383 10.2214 35.3673 39.8793 61.3156  38.485
26.7997 50.5013 20.2214 37.9133 5.54453 33.6469 35.9226   12.68 36.5901 20.0115 23.6469 16.4822 25.7981  8.1335 36.2581 20.6409  36.923 36.4522 27.4622 10.2008 44.9053 49.0474 18.5784 25.8716 20.3425 27.8332 8.51157 39.6928 17.1119 29.5765 43.2995 18.5551       0 43.2192 46.1546 15.0416 42.9407 35.8155 49.7976 20.1252
32.9232 32.5684 26.2886 10.9099 46.8571 15.3325 15.9716 32.8222 26.0651 30.5245 25.5338 37.0074 19.5228 41.6694 34.7158 31.6963 22.4979 43.4985 53.9815 49.4257 8.11237   26.32 26.8851 26.7308 40.3523 22.3195 39.0495 38.5828 29.3202  14.634  30.222 50.9376 45.2527       0 18.2904 42.0073  32.866 11.1853 17.5011 49.7148
43.7557 14.2837 26.9339 25.6781 51.5298 29.7263 10.8672 36.0821 13.0572 37.6392 22.6952 44.0084 26.9317 38.1625  21.009 27.4083  39.686 29.8234 47.5722  45.198  10.288 8.08432 31.3646 20.4256 33.9216 32.1086 42.3921  23.941 34.1628 21.2794 13.0365 44.5068 46.1583 18.3276       0  39.048 15.8661 15.0668 35.7225 56.4065
34.6319 41.1341 17.5031 39.0638 20.4851 36.0073 27.6641 18.8836 25.5764 26.7888 18.1077 25.5571 26.7025       7 26.7983 11.2784 44.4721 23.9714 17.4365 7.49979 38.2847 41.1098 20.6018  17.093 7.87025  31.102      18 24.3726 20.9013 27.8521 33.9326 10.2053 15.0289 42.0063  37.768       0 33.5727 30.9495 51.1735 33.3885
49.0698 10.9711 28.3383 36.2873 46.7889 39.2544 18.3789 36.8599 8.28784 41.6421 24.3956 45.5106 33.5971   34.08 10.1561  22.297 50.8645 14.3362 33.5814 39.1806 26.0281 10.9224 33.3768 17.8542 26.5332 39.1348  42.201 8.26506 36.0059 28.3746 2.83043 35.3537 42.9127 32.9185 15.8915 33.5565       0 24.2873 49.6187  57.736
28.8534 27.4215 16.8487      12 37.4193 15.9496 6.13761 23.3876 16.5782 22.8555 15.6227 29.1876 12.0637 31.1292 25.2177 20.6248 27.0225 32.2094 44.5235 38.3586 9.40813 22.0118  17.447 15.6522 29.2813 17.2011 29.6142 29.4657 19.8873 6.41029 22.7044 39.8805 35.4196  11.189 15.0887 30.9358 24.2455       0 25.8479 41.6649
25.4315 49.9396 33.6916 14.3114 48.9575 27.2524 31.8698 36.5412 42.2856 30.5437 35.2465 34.7666 24.5133 46.3929 50.5226 44.8943 13.0577 57.8953 69.3253 60.0394 25.4828 43.6986 31.0689 40.6669 54.0886 22.7437 41.3522 55.1816 32.1655 26.5616 47.8563 61.3156 49.7871 17.4841 35.6842 51.1427 49.3847 25.7545       0 44.1913
19.7624 64.9356 29.5475 38.8286 15.1996 34.4179 45.8536 21.1017 50.6428 19.1516 33.7523 12.6574 29.8894 26.4287 52.0118 36.4603 31.4132  54.873 47.3558 30.7277 50.7471 61.4886 25.3797 40.5543 40.2397 28.1827 15.8214 55.3897 22.5518 35.3036 57.7224 38.4666 20.1473 49.7239 54.8279 33.4287 57.7873 41.6718 44.1863       0


dist cost node
      0 53.2259  21.095 19.7231 24.2074 15.6525  32.249 16.7631 40.1622 8.06226 24.5153 10.6301 16.1245  27.313 44.5533 31.0161      12 49.0102 50.3289 34.4819 35.3836 48.8774 16.0312 32.3883 36.8782 11.3137 17.8045 48.5077 14.0357 21.6333 47.1699 42.0476 26.2488 30.5287 42.2019 33.8378 48.3839 27.8029   25.02      18
53.2259       0 34.2053 38.4708 53.4135 41.9762 21.1896 42.5206 14.1421 46.6476      30 51.4004 37.1618 41.0488 16.4924 29.4109 49.2443 22.0227 41.0122 43.8634 24.1868 6.32456  38.833 24.0832 33.2415   42.72 48.0833      16 41.6173 31.9531  7.2111 42.2019 48.8262 32.1403 14.1421 37.5766 8.24621 26.6833 49.0408 63.1269
 21.095 34.2053       0 18.6011 21.8403 18.4391 15.6525 8.60233 20.2485 13.3417 4.24264 17.2047 9.21954 13.6015 23.5372 10.4403 23.2594 28.0179 32.8024 21.0238 24.1868 31.1448 5.09902 11.4018 18.0278 14.3178 14.7648 27.4591 7.61577 10.4403 27.4591 26.2488 19.0263 24.5153 26.4197 17.0294  28.178 15.0333 31.8277      29
19.7231 38.4708 18.6011       0 36.3456 4.24264 18.0278 22.8035 28.2843 18.1108 18.4391 25.1794 9.84886 31.7648 35.4401 27.6586 11.1803 42.1545 50.9313 39.4462 16.6433 32.9848  17.088 25.0599 36.0694 9.21954 28.2843 39.2938 18.4391 9.43398      34 44.8219 35.4401 10.8167 25.2982  35.609 36.0555      12 13.6015 36.4005
24.2074 53.4135 21.8403 36.3456       0 33.9559 37.3363 14.0357 39.4081 19.3132  25.632 13.6015 27.0185 12.8062 38.9487 24.0832 34.4384 39.4462 32.0156 15.1327 45.8912 51.6236  20.025 29.4109 23.7065 27.8927 8.06226 42.0119 18.0278 31.1448 46.2277 23.0217 5.38516 45.0111  47.927 18.7883 46.0109 36.6742 46.8188 15.0333
15.6525 41.9762 18.4391 4.24264 33.9559       0  21.095 21.0238 31.0161 15.0333 19.2354      22 9.21954 30.8058 37.6563 28.3019 7.28011 43.9659  51.225 38.6005 20.8087 36.6879 15.8114 26.5707 36.4005 6.08276 25.9615 41.5933 16.5529 11.1803 37.1214 44.5533 33.6155      15 29.1548 35.3553 39.0128 15.2971 13.6015 32.7567
 32.249 21.1896 15.6525 18.0278 37.3363  21.095       0 24.1868 10.4403 26.2488 11.7047 31.8904 16.1245 27.1662 18.3576 17.2627 28.2843  25.807 38.9487 33.0606 10.7703 16.6433 19.2094 11.7047 25.2982 21.5407 30.4138 21.9317 22.0227 10.7703 16.0312 35.4401 33.9559 15.6205 10.8167 27.2947 18.0278 6.08276 30.3645 44.0454
16.7631 42.5206 8.60233 22.8035 14.0357 21.0238 24.1868       0 28.4253 8.94427 12.8062 9.48683 13.1529 10.8167 30.4631 15.5242 23.3452  33.541 33.6155 18.4391 32.0156 39.6989       6  18.868 20.2237 15.2643 6.32456  34.176 4.47214 17.1172  35.609 25.5539 12.6491      31 34.9857  17.088 36.0555 22.8035 34.4819 20.6155
40.1622 14.1421 20.2485 28.2843 39.4081 31.0161 10.4403 28.4253       0 33.1059 16.1245 37.4433 24.5153 27.2947 8.48528 15.6525 38.0132 16.2788   32.28 31.0483  19.105 12.6491 25.0599      10  21.095 30.4138 33.9411 11.6619 27.7849  20.025  7.2111      31 34.9857 25.5539 12.6491 24.7386 8.24621 16.4924 40.8044 49.0408
8.06226 46.6476 13.3417 18.1108 19.3132 15.0333 26.2488 8.94427 33.1059       0  17.088 7.07107 10.8167 19.7231 36.8782      23 15.2643 41.0488 42.5441 27.2029 31.3847 42.8019 8.24621 24.7386 28.8617       9 11.6619 40.7922       6 16.4012 40.2492 34.4819      20 28.1603 36.7696      26 41.2311 22.8035 27.5136 18.7883
24.5153      30 4.24264 18.4391  25.632 19.2354 11.7047 12.8062 16.1245  17.088       0 21.4009 10.4403 16.0312 20.0998 9.21954      25  25.318 32.5269 22.8035      21 26.9072 8.94427       8 17.6918 16.2788  18.868 24.0832 11.6619 9.21954 23.3238 26.9258 22.3607 22.4722 22.3607 17.8885 24.1661 12.1655 32.0156 33.2415
10.6301 51.4004 17.2047 25.1794 13.6015      22 31.8904 9.48683 37.4433 7.07107 21.4009       0 17.4642 18.2483 39.9249      25 21.1896 42.9535 41.2311 24.6982 38.0132 48.1041 12.7279  28.178      29 16.0312 7.61577 43.6578 9.89949 22.8254 44.6542  32.573 15.8114  35.171  42.638 25.1794 45.2769 29.1548 33.9559 12.2066
16.1245 37.1618 9.21954 9.84886 27.0185 9.21954 16.1245 13.1529 24.5153 10.8167 10.4403 17.4642       0 21.9545 30.0167 19.2354 14.5602 35.6931 42.0119 29.6816 20.5913 32.7567 7.28011 18.2483 27.2029       6      19 34.0147       9 5.65685 31.3209 35.3836 25.7099 18.1108 26.2488 26.1725 32.7567 12.0416 22.6716 29.5296
 27.313 41.0488 13.6015 31.7648 12.8062 30.8058 27.1662 10.8167 27.2947 19.7231 16.0312 18.2483 21.9545       0 26.1725 11.6619 33.9706 26.8328 23.0868 7.81025 37.0135 39.8121      15 17.4642 11.4018 25.4951      11 29.2062 14.8661 24.0416 33.8378 14.7648 7.81025 38.0789  37.108       7 33.4215 28.1603 44.4072 25.9615
44.5533 16.4924 23.5372 35.4401 38.9487 37.6563 18.3576 30.4631 8.48528 36.8782 20.0998 39.9249 30.0167 26.1725       0 15.2643 44.2832 7.81025 25.1794 27.7849 27.5862 18.1108 28.6356 12.1655      17 36.0139 34.9857       4 31.0483 26.4764      10 25.7099 33.9411 33.8378 20.5913 21.6333 8.24621 24.1661 48.4665 50.6063
31.0161 29.4109 10.4403 27.6586 24.0832 28.3019 17.2627 15.5242 15.6525      23 9.21954      25 19.2354 11.6619 15.2643       0 33.6155 18.1108 23.3452 16.0312 27.8927 28.2312 15.1327 6.08276 8.60233 24.6982 19.7231 18.7883      17 18.3848 22.2036 18.3848 19.4165 30.8869 26.1725 10.0499 21.9317 20.1246 41.2311 35.3553
     12 49.2443 23.2594 11.1803 34.4384 7.28011 28.2843 23.3452 38.0132 15.2643      25 21.1896 14.5602 33.9706 44.2832 33.6155       0 50.2195 55.7584 41.7253 27.7849 43.9659 19.4165 32.7567 41.1825 8.94427 26.9258 48.2597  19.105      18 44.2832 48.4149 35.2278 21.2603 36.4005 39.4081 46.0977  22.561 13.0384      30
49.0102 22.0227 28.0179 42.1545 39.4462 43.9659  25.807  33.541 16.2788 41.0488  25.318 42.9535 35.6931 26.8328 7.81025 18.1108 50.2195       0  19.105 26.1725 35.3553      25      33 17.4642 15.8114 41.5933      37 6.08276 35.0571 32.8938 16.7631 21.9545 34.1321 41.4005 28.3019 20.8087 14.3178 31.3847 55.4617 52.5547
50.3289 41.0122 32.8024 50.9313 32.0156  51.225 38.9487 33.6155   32.28 42.5441 32.5269 41.2311 42.0119 23.0868 25.1794 23.3452 55.7584  19.105       0 17.0294 49.6488 43.2897 36.3593 27.4591 14.8661 46.8722 33.7343   25.02 37.1214 41.7253 35.1283       9 27.0185 53.8238 44.9222 16.5529 33.0151 43.0116 64.4438      47
34.4819 43.8634 21.0238 39.4462 15.1327 38.6005 33.0606 18.4391 31.0483 27.2029 22.8035 24.6982 29.6816 7.81025 27.7849 16.0312 41.7253 26.1725 17.0294       0 43.4166 43.6807 22.8035 22.0907 10.8167 33.3017  17.088      30 22.6274 31.3847 36.7696 8.06226      10 45.2217   42.19 6.32456 35.7771 34.9285 52.2015 30.0167
35.3836 24.1868 24.1868 16.6433 45.8912 20.8087 10.7703 32.0156  19.105 31.3847      21 38.0132 20.5913 37.0135 27.5862 27.8927 27.7849 35.3553 49.6488 43.4166       0 18.0278 26.2488 22.4722 36.0555 24.0832 38.3275 30.6105 28.7924 15.2315 21.9317 46.1736 43.1856       8 10.0499  37.855 24.5967 9.21954   25.02 50.1199
48.8774 6.32456 31.1448 32.9848 51.6236 36.6879 16.6433 39.6989 12.6491 42.8019 26.9072 48.1041 32.7567 39.8121 18.1108 28.2312 43.9659      25 43.2897 43.6807 18.0278       0 35.3836 22.3607  33.541 38.0132  45.607 18.9737 38.2099 27.2947 8.24621 43.1856 47.4131 26.0192       8 37.3631 10.7703 21.5407      43 60.1082
16.0312  38.833 5.09902  17.088  20.025 15.8114 19.2094       6 25.0599 8.24621 8.94427 12.7279 7.28011      15 28.6356 15.1327 19.4165      33 36.3593 22.8035 26.2488 35.3836       0 16.4924 21.9317 10.6301 12.1655 32.5576 2.82843 11.1803  32.249 29.0689 18.4391      25      30      20 33.1059  17.088 29.4109 24.8395
32.3883 24.0832 11.4018 25.0599 29.4109 26.5707 11.7047  18.868      10 24.7386       8  28.178 18.2483 17.4642 12.1655 6.08276 32.7567 17.4642 27.4591 22.0907 22.4722 22.3607 16.4924       0 13.6015 24.1868 24.0832 16.1245 18.9737 15.6525 16.9706 23.7697 25.0599 26.4008 20.0998      16 17.2047 15.6205 38.5876 39.4081
36.8782 33.2415 18.0278 36.0694 23.7065 36.4005 25.2982 20.2237  21.095 28.8617 17.6918      29 27.2029 11.4018      17 8.60233 41.1825 15.8114 14.8661 10.8167 36.0555  33.541 21.9317 13.6015       0  32.249 22.2036 19.2094 23.0868 26.9072 26.2488  10.198 18.3576 39.4462 33.0606       5 25.0799 28.6531 49.5782 37.3631
11.3137   42.72 14.3178 9.21954 27.8927 6.08276 21.5407 15.2643 30.4138       9 16.2788 16.0312       6 25.4951 36.0139 24.6982 8.94427 41.5933 46.8722 33.3017 24.0832 38.0132 10.6301 24.1868  32.249       0 19.9249 40.0125 10.8167 10.7703  37.108 39.6989 27.7308 19.6977 31.0644 30.6105 38.6394 16.6433 19.2354 27.2029
17.8045 48.0833 14.7648 28.2843 8.06226 25.9615 30.4138 6.32456 33.9411 11.6619  18.868 7.61577      19      11 34.9857 19.7231 26.9258      37 33.7343  17.088 38.3275  45.607 12.1655 24.0832 22.2036 19.9249       0 38.4708      10 23.3452 41.0366      25 8.48528  37.054 41.1825      18 41.2311 29.1204      39 15.6525
48.5077      16 27.4591 39.2938 42.0119 41.5933 21.9317  34.176 11.6619 40.7922 24.0832 43.6578 34.0147 29.2062       4 18.7883 48.2597 6.08276   25.02      30 30.6105 18.9737 32.5576 16.1245 19.2094 40.0125 38.4708       0 34.9285 30.4138 10.7703 26.9258 36.8782 37.2156 22.8035 24.0832 8.24621 27.8568 52.2015 54.1202
14.0357 41.6173 7.61577 18.4391 18.0278 16.5529 22.0227 4.47214 27.7849       6 11.6619 9.89949       9 14.8661 31.0483      17  19.105 35.0571 37.1214 22.6274 28.7924 38.2099 2.82843 18.9737 23.0868 10.8167      10 34.9285       0 13.6015 34.9857 29.4109  17.088  27.074 32.8024 20.5913 35.7771 19.6977 30.0167 22.0227
21.6333 31.9531 10.4403 9.43398 31.1448 11.1803 10.7703 17.1172  20.025 16.4012 9.21954 22.8254 5.65685 24.0416 26.4764 18.3848      18 32.8938 41.7253 31.3847 15.2315 27.2947 11.1803 15.6525 26.9072 10.7703 23.3452 30.4138 13.6015       0 26.4764 36.0555 29.0689 14.1421 20.6155 26.9258 28.1603 6.40312 23.0217 34.9857
47.1699  7.2111 27.4591      34 46.2277 37.1214 16.0312  35.609  7.2111 40.2492 23.3238 44.6542 31.3209 33.8378      10 22.2036 44.2832 16.7631 35.1283 36.7696 21.9317 8.24621  32.249 16.9706 26.2488  37.108 41.0366 10.7703 34.9857 26.4764       0 35.5106 41.6173 29.4109 12.8062 30.4631 2.82843      22 45.7056 56.2228
42.0476 42.2019 26.2488 44.8219 23.0217 44.5533 35.4401 25.5539      31 34.4819 26.9258  32.573 35.3836 14.7648 25.7099 18.3848 48.4149 21.9545       9 8.06226 46.1736 43.1856 29.0689 23.7697  10.198 39.6989      25 26.9258 29.4109 36.0555 35.5106       0 18.0278 49.1935 43.1856 9.21954 33.9559 38.4838 58.0517      38
26.2488 48.8262 19.0263 35.4401 5.38516 33.6155 33.9559 12.6491 34.9857      20 22.3607 15.8114 25.7099 7.81025 33.9411 19.4165 35.2278 34.1321 27.0185      10 43.1856 47.4131 18.4391 25.0599 18.3576 27.7308 8.48528 36.8782  17.088 29.0689 41.6173 18.0278       0 43.1856 44.2719 13.4164 41.2311 34.0588 46.9574  20.025
30.5287 32.1403 24.5153 10.8167 45.0111      15 15.6205      31 25.5539 28.1603 22.4722  35.171 18.1108 38.0789 33.8378 30.8869 21.2603 41.4005 53.8238 45.2217       8 26.0192      25 26.4008 39.4462 19.6977  37.054 37.2156  27.074 14.1421 29.4109 49.1935 43.1856       0 18.0278 40.3113 31.9531 10.8167 17.0294 46.8188
42.2019 14.1421 26.4197 25.2982  47.927 29.1548 10.8167 34.9857 12.6491 36.7696 22.3607  42.638 26.2488  37.108 20.5913 26.1725 36.4005 28.3019 44.9222   42.19 10.0499       8      30 20.0998 33.0606 31.0644 41.1825 22.8035 32.8024 20.6155 12.8062 43.1856 44.2719 18.0278       0 36.0555 15.6205 14.4222      35 54.8179
33.8378 37.5766 17.0294  35.609 18.7883 35.3553 27.2947  17.088 24.7386      26 17.8885 25.1794 26.1725       7 21.6333 10.0499 39.4081 20.8087 16.5529 6.32456  37.855 37.3631      20      16       5 30.6105      18 24.0832 20.5913 26.9258 30.4631 9.21954 13.4164 40.3113 36.0555       0 29.5296 29.7321 48.8365 32.7567
48.3839 8.24621  28.178 36.0555 46.0109 39.0128 18.0278 36.0555 8.24621 41.2311 24.1661 45.2769 32.7567 33.4215 8.24621 21.9317 46.0977 14.3178 33.0151 35.7771 24.5967 10.7703 33.1059 17.2047 25.0799 38.6394 41.2311 8.24621 35.7771 28.1603 2.82843 33.9559 41.2311 31.9531 15.6205 29.5296       0 24.0832 48.0521 56.6127
27.8029 26.6833 15.0333      12 36.6742 15.2971 6.08276 22.8035 16.4924 22.8035 12.1655 29.1548 12.0416 28.1603 24.1661 20.1246  22.561 31.3847 43.0116 34.9285 9.21954 21.5407  17.088 15.6205 28.6531 16.6433 29.1204 27.8568 19.6977 6.40312      22 38.4838 34.0588 10.8167 14.4222 29.7321 24.0832       0 24.3516 41.3401
  25.02 49.0408 31.8277 13.6015 46.8188 13.6015 30.3645 34.4819 40.8044 27.5136 32.0156 33.9559 22.6716 44.4072 48.4665 41.2311 13.0384 55.4617 64.4438 52.2015   25.02      43 29.4109 38.5876 49.5782 19.2354      39 52.2015 30.0167 23.0217 45.7056 58.0517 46.9574 17.0294      35 48.8365 48.0521 24.3516       0 43.0116
     18 63.1269      29 36.4005 15.0333 32.7567 44.0454 20.6155 49.0408 18.7883 33.2415 12.2066 29.5296 25.9615 50.6063 35.3553      30 52.5547      47 30.0167 50.1199 60.1082 24.8395 39.4081 37.3631 27.2029 15.6525 54.1202 22.0227 34.9857 56.2228      38  20.025 46.8188 54.8179 32.7567 56.6127 41.3401 43.0116       0

