path cost

      0 55.1783 21.3341 22.0318 25.5115 17.6249 33.1974 16.8371 41.1131 8.14163 34.4446  49.324   28.84 25.4437 19.7723
55.1083       0 35.5208 39.2216 54.3704 43.1551 22.0194 44.0211 14.3857  46.969 41.1419 8.26731 27.3557 49.9822 64.9155
21.2679 35.6133       0 21.8294 22.7413 18.5459 16.6884 9.23925 21.1755 13.4142 17.4979 28.4633 16.8559 33.7036 29.5522
21.4697 39.3197 21.7322       0 38.6571 4.42691 18.1128  25.212 28.5154 19.9858  38.957 36.2337      12 14.3362 38.8093
25.5221 54.3852 22.7652  38.659       0   34.82 38.4656  14.055 40.3565 19.6638 20.5507 46.8202 37.4084 48.9591 15.3225
17.6319 43.3531 18.5347 4.43796  34.829       0 21.4818 21.3845 31.2993 16.1579 36.0318  39.276 16.3894 15.3531 34.4298
33.1927 22.1064 18.4602 18.1713 38.4476 21.4041       0 25.8313 10.6686 27.0162 27.6504 18.3856 6.16999 32.1151 45.8083
17.0836 44.0823  9.2448  25.256 14.0558 21.4186 25.8497       0 29.7599  9.0059 18.7131 36.9318 23.3777 36.5894 21.1053
 42.418 14.3743 21.1681 28.7106 40.3418 31.4055 10.7536 29.7486       0 34.8071 27.8064 8.37515 16.7201 41.4505 50.6339
8.17389 48.1605 13.5793 19.9825 19.6578 16.1363  27.037  8.9743 34.7896       0 26.6931 41.8997 22.8463  30.575 18.8416
34.6319 41.1341 17.5031 39.0638 20.4851 36.0073 27.6641 18.8836 27.8378 26.7888       0 33.5727 30.9495 51.1735 33.3885
49.0698 8.26538 28.3349 36.2873 46.7889 39.2544 18.3789 36.8599 8.28784 41.6421 33.5565       0 24.2873 49.6187  57.736
28.8534 27.4215 16.8487      12 37.4193 15.6695 6.13761 23.3876 16.5782 22.8555 30.9358 24.2455       0 25.8479 41.6649
25.4315 49.9396 33.6916 14.3114 48.9575 15.3377 31.8698 34.6406 42.2856 30.5437 51.1427 49.3847 25.7545       0 44.1913
19.7624 64.9356 29.5475 36.8177 15.1996 34.4179 45.8536 21.1017 50.6428 19.1516 33.4287 57.7873 41.6718 43.9827       0


dist cost node:

      0 53.2259  21.095 19.7231 24.2074 15.6525  32.249 16.7631 40.1622 8.06226 33.8378 48.3839 27.8029   25.02      18
53.2259       0 34.2053 38.4708 53.4135 41.9762 21.1896 42.5206 14.1421 46.6476 37.5766 8.24621 26.6833 49.0408 63.1269
 21.095 34.2053       0 18.6011 21.8403 18.4391 15.6525 8.60233 20.2485 13.3417 17.0294  28.178 15.0333 31.8277      29
19.7231 38.4708 18.6011       0 36.3456 4.24264 18.0278 22.8035 28.2843 18.1108  35.609 36.0555      12 13.6015 36.4005
24.2074 53.4135 21.8403 36.3456       0 33.9559 37.3363 14.0357 39.4081 19.3132 18.7883 46.0109 36.6742 46.8188 15.0333
15.6525 41.9762 18.4391 4.24264 33.9559       0  21.095 21.0238 31.0161 15.0333 35.3553 39.0128 15.2971 13.6015 32.7567
 32.249 21.1896 15.6525 18.0278 37.3363  21.095       0 24.1868 10.4403 26.2488 27.2947 18.0278 6.08276 30.3645 44.0454
16.7631 42.5206 8.60233 22.8035 14.0357 21.0238 24.1868       0 28.4253 8.94427  17.088 36.0555 22.8035 34.4819 20.6155
40.1622 14.1421 20.2485 28.2843 39.4081 31.0161 10.4403 28.4253       0 33.1059 24.7386 8.24621 16.4924 40.8044 49.0408
8.06226 46.6476 13.3417 18.1108 19.3132 15.0333 26.2488 8.94427 33.1059       0      26 41.2311 22.8035 27.5136 18.7883
33.8378 37.5766 17.0294  35.609 18.7883 35.3553 27.2947  17.088 24.7386      26       0 29.5296 29.7321 48.8365 32.7567
48.3839 8.24621  28.178 36.0555 46.0109 39.0128 18.0278 36.0555 8.24621 41.2311 29.5296       0 24.0832 48.0521 56.6127
27.8029 26.6833 15.0333      12 36.6742 15.2971 6.08276 22.8035 16.4924 22.8035 29.7321 24.0832       0 24.3516 41.3401
  25.02 49.0408 31.8277 13.6015 46.8188 13.6015 30.3645 34.4819 40.8044 27.5136 48.8365 48.0521 24.3516       0 43.0116
     18 63.1269      29 36.4005 15.0333 32.7567 44.0454 20.6155 49.0408 18.7883 32.7567 56.6127 41.3401 43.0116       0

