
      0 55.1783 21.3341 22.0318 25.5115 49.4532 17.6249 33.1974 16.8395 42.3966 8.14163 24.9269 11.3196 16.8048 27.5627 45.2197 31.1291 12.6168 49.6507 51.6274 37.0318 37.8835 49.9041 16.1481 34.4446  49.324   28.84 25.4437 19.7723 46.9221
54.6948       0 35.5208 39.2216 54.3704      28 43.1551 22.0194 44.0211 14.3857 48.1381 31.5651 52.7247 38.2735 41.6624 17.8321 29.8789 53.2246 22.0463 45.0488 46.8161 24.6202 6.60465 40.1476 41.1419 8.26731 27.3557 49.9822 64.9155 36.2919
21.2679 35.6133       0 21.8294 22.7413 28.8372 18.5459 16.6884 9.23925 21.1755  13.418 4.24275 17.2223 9.22089 15.4327 23.8974 10.5122 28.5269 29.0275 34.8767 24.8013 25.9481 32.0157  5.1396 17.4979 28.4633 16.8559 33.7036 29.5522 28.9419
22.0161 39.3197 21.7322       0 38.6571 46.3992 4.42691 18.1128  25.212 28.5154 19.9858 20.9776 28.4093 13.1849 35.0348 36.6383 31.7897 15.4964 44.0651 55.6769 46.3833 16.7775 33.6076 19.7399  38.957 36.2337      12 14.3362 38.8093 45.3767
25.5221 54.3852 22.7652  38.659       0 37.2779   34.82 38.4656  14.055 40.3565 19.6638  26.189   14.19  27.047 14.2254 40.0359 24.5242 36.0839 41.9462 32.1581 15.5273 46.4993 52.8077 20.0464 20.5507 46.8202 37.4084 48.9591 15.2242 30.4142
49.5272      28 28.9522 46.4918 37.2251       0 47.9768 31.0412 34.6972  23.209 41.3636 28.1293 43.6775 37.8123 25.9905 17.8843 18.3762 57.0642 6.10087 13.8583 25.4327 41.8287 30.9498 33.6733 19.2212 20.1225 35.0682 60.4454  51.604 9.34211
17.6319 43.3531 18.5347 4.43796  34.829 47.7785       0 21.4818 21.3845 31.2993 16.1579 21.0555 24.0281 9.35724 31.2371 38.1358   28.73 12.4764 45.4562 53.1274 40.4914  21.152  38.069 15.9126 36.0318  39.276 16.3894 15.3531 34.4298 47.1332
33.1927 22.1064 16.6826 18.1713 38.4476 30.9882 21.4041       0 25.8313 10.6686 27.0162 12.4472 33.3237 16.3575 27.9529 19.3452 17.2945 33.0149  28.598 41.1453 35.0749 11.3828  16.681 21.1159 27.6504 18.3856 6.16999 32.1151 45.8083 35.1536
17.0836 44.0823  9.2448  25.256 14.0558 34.6962 21.4186 25.8497       0 28.5495  9.0059 13.4504 9.75912 13.1725 11.8709 31.9865 16.7016  26.673 35.5823 35.9133 22.7662 32.4683 41.1793       6 18.7131 36.9318 23.3777 36.5894 21.1053 31.2082
 42.418 14.3743 21.1681 28.7106 40.3418 23.1827 31.4055 10.7536 29.7486       0 34.8071 16.9986 38.4043  25.574 28.3233 8.69958 17.0431 42.9994 18.6098 33.3221 35.2244 19.6209 13.0268 26.7471 27.8064 8.37515 16.7201 42.6207 50.6339 29.7729
8.17389 48.1605 13.5793 19.9825 19.6578 41.3526 16.1363  27.037  8.9743 34.7896       0 17.3073 7.09023 10.9991 20.0585 37.4047 23.2164 17.6995 41.8033 44.1321 30.1947 31.9092 43.3424 8.37515 26.6931 41.8997 22.8463  30.575  19.163 39.4216
24.6886 31.6712 4.24285 21.1066 26.1828 28.0732 21.0526 12.4532   12.81 16.6455 17.2086       0 21.4052 10.6246 18.0593 20.3506 9.78663 29.7535 25.7112  34.201 25.5279 22.9608 27.7895  8.9743 18.0941   24.52 15.6214 35.2713 33.7511 28.2089
11.3452 52.8006 17.2291 28.4473 14.2163 43.7557 24.0344 33.3951  9.7339 38.4149 7.08915 21.4128       0 17.4908 18.3605 40.4548 25.8347 21.9096 44.7317  42.485 26.7108 38.2708 49.0882 12.7285 25.3561 45.6505 29.1663 34.7891  12.642 37.7796
16.8314 38.3921 9.22091 13.1762 27.0463 37.7708  9.3361 16.4079 13.1709 25.5848 11.0231 10.4913 17.5054       0 22.6103 30.4384 19.4107 19.3199  36.045 43.8462 32.6332 21.1088  33.099 7.29926 26.7021 33.6791 12.0636 24.5021 29.9021 37.8548
27.7597  41.662 15.4604 35.0801 14.2064 25.9789 30.8123 27.9678 11.9278 28.3494 20.1441 18.0686 18.5771 22.6258       0 27.3172 11.7979 37.5221 30.2463 24.1786  10.316 38.4869 41.6385 15.3506       7 34.0969 31.1465 44.4157  26.389 19.4568
44.8843 17.8367 23.7245 36.7486 40.0068  17.863 38.4315 19.4562 31.8872 8.70347 37.1287 20.2795 40.7858 30.5892  27.298       0 15.5549 50.0315 15.1454 29.8769 31.5544 28.2019 18.9414 28.8492 26.7755 10.1728 25.3026 50.6858 51.9355 24.4587
31.1717 29.8634 10.6105 31.7949 24.4942 18.3601 28.7254 17.2979 16.6491 16.5788 23.2354 9.78793 25.6343 19.4799 11.7847 15.6039       0 38.7064 18.9205 24.4716 18.6841 27.9687 29.8376  15.315 11.2631 22.2993 20.6363 44.9115 36.4025 18.4801
     12 50.0028 28.5223 15.4982 36.0973 57.0168  12.474 33.0586 26.5871 42.9202 17.6898 29.5983 21.9059 14.6159 37.0165 49.7751  38.717       0 54.8742 61.5285 47.1789 30.0474 47.5533 25.6538 44.3199 50.8626 26.9399 13.0586 31.4038 56.8284
 49.697  22.047 29.1354  44.197  41.923 6.10202 45.7362 28.7362 35.4803 18.8426 41.7737 25.8487 44.4609 36.3263 30.1303 15.5978 18.9945 55.1354       0 19.8505 30.2897  36.077 25.2319 33.8981 23.9732 14.3385 32.7619 58.1756  54.753 15.0171
51.9899 41.6929  34.909 55.6904 32.1731 13.8648 53.1783  39.105 36.1453 35.2074  44.247 34.2618 42.8232 43.8904 24.2554 29.8837  24.485 61.7304 19.8563       0 18.9287 51.8555 44.3582  38.046  17.294 33.5976 44.5266 69.3772 47.3948  6.0225
37.0616 46.8687 24.8402 46.5147 15.5699 25.4624 40.5825 36.3989 22.7464 35.2906 30.2151 25.5646   26.76 31.9713 10.3584 31.5933 18.7269 47.1822 30.3051 18.9433       0 45.7258 45.4863 24.6972 7.53932 39.2446 38.3935 60.0561  30.752 18.4414
37.9248 24.4486 25.9351 16.7554 46.5029  41.799 21.1432 11.3888 32.4691 19.5852 31.9195 22.9627 38.2649 21.1189 38.4693 28.1405  27.958 29.9114   37.63  51.837 45.6939       0  18.267 26.5317 38.2698 25.9686 9.41231  25.493 50.7377 45.8453
48.9899 6.61396 32.0041 33.4732 52.7893 30.9393 37.9268 16.7751 41.1528  13.015 43.7014 27.7672 49.0793 32.8997 41.6372 18.9328 29.8527 47.4598 25.2161 44.3178 46.9882 18.3054       0 36.4389 41.1138 10.9132 21.8533 43.2397 61.4757 38.9249
16.1383 40.1134  5.1691 19.7792  20.047 33.6173 15.9374 21.1284       6 26.7355 8.28784 9.00339 12.7286 7.30188 15.3333 29.0632  15.261 25.6365 33.7869 37.9929 24.6203 26.5377 36.4568       0 20.5972 33.4518 17.4471 31.0959  25.361 33.2792
34.6319 41.1341 17.5031 39.0638 20.4851 19.2341 36.0073 27.6641 18.8836 27.8378 26.7888 18.1077 25.5571 26.7025       7 26.7983 11.2784 44.4721 23.9714 17.4365 7.49979 38.2847 37.4034 20.6018       0 33.5727 30.9495 51.1735 33.3885 12.7252
49.0698 8.26538 28.3349 36.2873 46.7889 21.5426 39.2544 18.3789 36.8599 8.28784 41.6421 24.3956 45.5106 33.5971   34.08 10.1561  22.297 50.8645 14.3362 33.5814 39.1806 25.9119 10.9224 33.3768 33.5565       0 24.2873 49.6187  57.736 28.1886
28.8534 27.4215 16.8487      12 37.4193 35.0497 16.3201 6.13761 23.3876 16.5782 22.8555 15.6227 29.1876 12.0637 31.1292 25.2177 20.6248 27.0225   32.62 44.5235 38.3586 9.40813 22.0118  17.447 30.9358 24.2455       0 25.8479 41.6649  38.532
25.4315 49.9396 33.6916 14.3114 48.9575 60.2678 15.3377 31.8698 36.5412 42.2856 30.5437 35.2465 34.7666 24.5133 46.3929 50.5226 44.8943 13.0577 57.8953 69.3253 60.0394 25.4828 43.6986 31.0689 51.1427 49.3847 24.5369       0 44.1913 63.3332
19.7624 64.9356 29.5475 38.8286 15.1996 51.6547 34.4179 45.8536 21.1017 50.6428 19.1516 33.7523 12.6574 29.8894 26.4287 50.8562 36.4603 31.3862  54.873 47.3558 30.7277 50.7471 61.4886 25.3797 33.4287 57.7873 41.6718 44.1835       0 48.0291
47.1434 36.2889 29.0576 49.6998 30.3436 9.34679  47.184 35.1778   31.44 29.7611 39.6662 28.2558 42.6237 37.8912 19.4827  24.444 18.5125 57.0389 15.0101 6.01756 18.4163 45.8604 38.9557 33.2894 12.7337 28.1964 38.5309 63.4043 44.6894       0



dist cost node:
      0 53.2259  21.095 19.7231 24.2074 48.2597 15.6525  32.249 16.7631 40.1622 8.06226 24.5153 10.6301 16.1245  27.313 44.5533 31.0161      12 49.0102 50.3289 34.4819 35.3836 48.8774 16.0312 33.8378 48.3839 27.8029   25.02      18 45.8803
53.2259       0 34.2053 38.4708 53.4135      28 41.9762 21.1896 42.5206 14.1421 46.6476      30 51.4004 37.1618 41.0488 16.4924 29.4109 49.2443 22.0227 41.0122 43.8634 24.1868 6.32456  38.833 37.5766 8.24621 26.6833 49.0408 63.1269 36.2215
 21.095 34.2053       0 18.6011 21.8403 27.8927 18.4391 15.6525 8.60233 20.2485 13.3417 4.24264 17.2047 9.21954 13.6015 23.5372 10.4403 23.2594 28.0179 32.8024 21.0238 24.1868 31.1448 5.09902 17.0294  28.178 15.0333 31.8277      29 27.4591
19.7231 38.4708 18.6011       0 36.3456  43.909 4.24264 18.0278 22.8035 28.2843 18.1108 18.4391 25.1794 9.84886 31.7648 35.4401 27.6586 11.1803 42.1545 50.9313 39.4462 16.6433 32.9848  17.088  35.609 36.0555      12 13.6015 36.4005 45.3431
24.2074 53.4135 21.8403 36.3456       0 35.8469 33.9559 37.3363 14.0357 39.4081 19.3132  25.632 13.6015 27.0185 12.8062 38.9487 24.0832 34.4384 39.4462 32.0156 15.1327 45.8912 51.6236  20.025 18.7883 46.0109 36.6742 46.8188 15.0333 29.6142
48.2597      28 27.8927  43.909 35.8469       0 45.1885      29      32 20.5913 40.1995      26 41.1096 36.4005 23.7697 12.6491 17.4642 50.9215 6.08276 13.0384 21.6333 39.2046 30.5941 32.5576  17.088 20.0998 34.0588 57.4543 49.7293 8.94427
15.6525 41.9762 18.4391 4.24264 33.9559 45.1885       0  21.095 21.0238 31.0161 15.0333 19.2354      22 9.21954 30.8058 37.6563 28.3019 7.28011 43.9659  51.225 38.6005 20.8087 36.6879 15.8114 35.3553 39.0128 15.2971 13.6015 32.7567 45.8039
 32.249 21.1896 15.6525 18.0278 37.3363      29  21.095       0 24.1868 10.4403 26.2488 11.7047 31.8904 16.1245 27.1662 18.3576 17.2627 28.2843  25.807 38.9487 33.0606 10.7703 16.6433 19.2094 27.2947 18.0278 6.08276 30.3645 44.0454  33.121
16.7631 42.5206 8.60233 22.8035 14.0357      32 21.0238 24.1868       0 28.4253 8.94427 12.8062 9.48683 13.1529 10.8167 30.4631 15.5242 23.3452  33.541 33.6155 18.4391 32.0156 39.6989       6  17.088 36.0555 22.8035 34.4819 20.6155 29.1204
40.1622 14.1421 20.2485 28.2843 39.4081 20.5913 31.0161 10.4403 28.4253       0 33.1059 16.1245 37.4433 24.5153 27.2947 8.48528 15.6525 38.0132 16.2788   32.28 31.0483  19.105 12.6491 25.0599 24.7386 8.24621 16.4924 40.8044 49.0408 26.6833
8.06226 46.6476 13.3417 18.1108 19.3132 40.1995 15.0333 26.2488 8.94427 33.1059       0  17.088 7.07107 10.8167 19.7231 36.8782      23 15.2643 41.0488 42.5441 27.2029 31.3847 42.8019 8.24621      26 41.2311 22.8035 27.5136 18.7883 37.9473
24.5153      30 4.24264 18.4391  25.632      26 19.2354 11.7047 12.8062 16.1245  17.088       0 21.4009 10.4403 16.0312 20.0998 9.21954      25  25.318 32.5269 22.8035      21 26.9072 8.94427 17.8885 24.1661 12.1655 32.0156 33.2415 26.9072
10.6301 51.4004 17.2047 25.1794 13.6015 41.1096      22 31.8904 9.48683 37.4433 7.07107 21.4009       0 17.4642 18.2483 39.9249      25 21.1896 42.9535 41.2311 24.6982 38.0132 48.1041 12.7279 25.1794 45.2769 29.1548 33.9559 12.2066 37.3363
16.1245 37.1618 9.21954 9.84886 27.0185 36.4005 9.21954 16.1245 13.1529 24.5153 10.8167 10.4403 17.4642       0 21.9545 30.0167 19.2354 14.5602 35.6931 42.0119 29.6816 20.5913 32.7567 7.28011 26.1725 32.7567 12.0416 22.6716 29.5296 36.6197
 27.313 41.0488 13.6015 31.7648 12.8062 23.7697 30.8058 27.1662 10.8167 27.2947 19.7231 16.0312 18.2483 21.9545       0 26.1725 11.6619 33.9706 26.8328 23.0868 7.81025 37.0135 39.8121      15       7 33.4215 28.1603 44.4072 25.9615  19.105
44.5533 16.4924 23.5372 35.4401 38.9487 12.6491 37.6563 18.3576 30.4631 8.48528 36.8782 20.0998 39.9249 30.0167 26.1725       0 15.2643 44.2832 7.81025 25.1794 27.7849 27.5862 18.1108 28.6356 21.6333 8.24621 24.1661 48.4665 50.6063      20
31.0161 29.4109 10.4403 27.6586 24.0832 17.4642 28.3019 17.2627 15.5242 15.6525      23 9.21954      25 19.2354 11.6619 15.2643       0 33.6155 18.1108 23.3452 16.0312 27.8927 28.2312 15.1327 10.0499 21.9317 20.1246 41.2311 35.3553 17.6918
     12 49.2443 23.2594 11.1803 34.4384 50.9215 7.28011 28.2843 23.3452 38.0132 15.2643      25 21.1896 14.5602 33.9706 44.2832 33.6155       0 50.2195 55.7584 41.7253 27.7849 43.9659 19.4165 39.4081 46.0977  22.561 13.0384      30 50.6063
49.0102 22.0227 28.0179 42.1545 39.4462 6.08276 43.9659  25.807  33.541 16.2788 41.0488  25.318 42.9535 35.6931 26.8328 7.81025 18.1108 50.2195       0  19.105 26.1725 35.3553      25      33 20.8087 14.3178 31.3847 55.4617 52.5547 14.8661
50.3289 41.0122 32.8024 50.9313 32.0156 13.0384  51.225 38.9487 33.6155   32.28 42.5441 32.5269 41.2311 42.0119 23.0868 25.1794 23.3452 55.7584  19.105       0 17.0294 49.6488 43.2897 36.3593 16.5529 33.0151 43.0116 64.4438      47 5.83095
34.4819 43.8634 21.0238 39.4462 15.1327 21.6333 38.6005 33.0606 18.4391 31.0483 27.2029 22.8035 24.6982 29.6816 7.81025 27.7849 16.0312 41.7253 26.1725 17.0294       0 43.4166 43.6807 22.8035 6.32456 35.7771 34.9285 52.2015 30.0167 14.5602
35.3836 24.1868 24.1868 16.6433 45.8912 39.2046 20.8087 10.7703 32.0156  19.105 31.3847      21 38.0132 20.5913 37.0135 27.5862 27.8927 27.7849 35.3553 49.6488 43.4166       0 18.0278 26.2488  37.855 24.5967 9.21954   25.02 50.1199 43.8292
48.8774 6.32456 31.1448 32.9848 51.6236 30.5941 36.6879 16.6433 39.6989 12.6491 42.8019 26.9072 48.1041 32.7567 39.8121 18.1108 28.2312 43.9659      25 43.2897 43.6807 18.0278       0 35.3836 37.3631 10.7703 21.5407      43 60.1082 38.0526
16.0312  38.833 5.09902  17.088  20.025 32.5576 15.8114 19.2094       6 25.0599 8.24621 8.94427 12.7279 7.28011      15 28.6356 15.1327 19.4165      33 36.3593 22.8035 26.2488 35.3836       0      20 33.1059  17.088 29.4109 24.8395  31.305
33.8378 37.5766 17.0294  35.609 18.7883  17.088 35.3553 27.2947  17.088 24.7386      26 17.8885 25.1794 26.1725       7 21.6333 10.0499 39.4081 20.8087 16.5529 6.32456  37.855 37.3631      20       0 29.5296 29.7321 48.8365 32.7567 12.1655
48.3839 8.24621  28.178 36.0555 46.0109 20.0998 39.0128 18.0278 36.0555 8.24621 41.2311 24.1661 45.2769 32.7567 33.4215 8.24621 21.9317 46.0977 14.3178 33.0151 35.7771 24.5967 10.7703 33.1059 29.5296       0 24.0832 48.0521 56.6127 28.0713
27.8029 26.6833 15.0333      12 36.6742 34.0588 15.2971 6.08276 22.8035 16.4924 22.8035 12.1655 29.1548 12.0416 28.1603 24.1661 20.1246  22.561 31.3847 43.0116 34.9285 9.21954 21.5407  17.088 29.7321 24.0832       0 24.3516 41.3401 37.2022
  25.02 49.0408 31.8277 13.6015 46.8188 57.4543 13.6015 30.3645 34.4819 40.8044 27.5136 32.0156 33.9559 22.6716 44.4072 48.4665 41.2311 13.0384 55.4617 64.4438 52.2015   25.02      43 29.4109 48.8365 48.0521 24.3516       0 43.0116 58.8982
     18 63.1269      29 36.4005 15.0333 49.7293 32.7567 44.0454 20.6155 49.0408 18.7883 33.2415 12.2066 29.5296 25.9615 50.6063 35.3553      30 52.5547      47 30.0167 50.1199 60.1082 24.8395 32.7567 56.6127 41.3401 43.0116       0 44.2832
45.8803 36.2215 27.4591 45.3431 29.6142 8.94427 45.8039  33.121 29.1204 26.6833 37.9473 26.9072 37.3363 36.6197  19.105      20 17.6918 50.6063 14.8661 5.83095 14.5602 43.8292 38.0526  31.305 12.1655 28.0713 37.2022 58.8982 44.2832       0


