      0 55.1783 21.3341 22.0318 24.4729 49.4532 17.6249 33.1974 16.8395 42.3966 8.14163 24.9269 34.4446  49.324   28.84  25.047 19.7723 46.9221
55.1083       0 35.5208 39.2216 54.3704      28 43.1551 22.0194 44.0211 14.3857 48.1381 31.5651 41.1419 8.26731 27.3557 49.3739 64.9155 36.2919
21.2679 35.6133       0 21.8294 22.7413 28.8372 18.5459 16.6884 9.23925 21.1755 13.4142 4.24275 17.4979 28.4633 16.8559 33.7036 29.5522 33.8528
22.0161 39.3197 21.7322       0 38.6571 46.3992 4.42691 18.1128  25.212 28.5154 19.9858 20.9776  38.957 36.2337 15.5026 14.3362 38.8093 49.6853
25.5221 54.3852 22.7652  38.659       0 37.2779   34.82 38.4656 14.1082 40.3565 19.6638  26.189 20.5507 46.8202 37.4084 48.9591 15.2242 30.4142
49.5272      28 28.9522 46.4918 36.1706       0 47.9768 31.0412 34.6972  23.209 41.3636 28.1293 19.2212 20.1225 35.0682 60.4454  51.604 9.34211
17.6319 43.3531 18.5347 4.43796  34.829 47.6574       0 21.4818 21.3845 31.2993 16.1579 21.0555 36.0318  39.276 16.3894 15.3531 34.4298 47.1332
33.1927 22.1064 16.6826 18.1713 38.4476 30.9882 21.4041       0 25.8313 10.6686 27.0162 12.4472 27.6504 18.3856 6.16999 32.1151 45.8083 35.1536
17.0836 44.0823  9.2448  25.256 14.0558 34.6962 21.4186 25.8497       0 29.7599  9.0059 13.4504 18.7131 36.9318 23.3777 36.5894 21.1053 31.2082
 42.418 14.3743 21.5132 28.7106 40.3418 23.1827 31.4055 10.7536 29.7486       0 34.8071 16.9986 27.8064 8.37515 16.7201 42.6207 50.6339 29.7729
8.17389 48.1605 13.5938 19.9825 19.6578 41.3526 16.1363  27.037  8.9743 34.7896       0 17.3073 26.6931 41.8997 22.8463  30.575  19.163 39.4216
24.6618 31.6712 4.24285 21.1066 26.1828 28.0732 21.0526 12.4532 13.4372 17.0342 17.2109       0 18.0941   24.52 15.6214 35.2713 33.7511 28.2089
34.6319 41.1341 17.5031 46.5066 20.4851 19.2341 36.0073 27.6641 18.8836 27.8378 26.7888 18.1077       0 33.5727 30.9495 51.1735 33.3885 12.7252
49.0698 8.26538 28.3349 36.2873 46.7889  20.121 39.2544 18.3789 36.8599 8.28784 41.6421 24.3956 33.5565       0 24.2873 49.6187  57.736 28.1886
28.8534 27.4215  16.683      12 37.4193 35.0497 15.9496 6.13761 23.3876 16.5782 22.8555 15.6227 30.9358 24.2455       0 25.8479 41.6649  38.532
25.4315 49.9396 33.6916 14.3114 48.9575 60.2678 15.3377 31.8698 36.5412 42.2856 30.5437 35.2465 50.6091 49.3847 25.7545       0 44.1913 63.3332
19.7624 64.9356 29.5475 38.8286 15.1996 51.6547   34.09 45.8536 21.1017 50.6428 19.1516 33.7523 33.4287 57.7873 41.6718 44.1835       0 44.8061
47.1434 36.2889 29.0576 49.6998 30.3436 9.34679  47.184 35.1778   31.44 29.7611 39.6662 27.9353 12.6902 28.1964 38.5309 63.4043 44.7045       0


dist cost node:

      0 53.2259  21.095 19.7231 24.2074 48.2597 15.6525  32.249 16.7631 40.1622 8.06226 24.5153 33.8378 48.3839 27.8029   25.02      18 45.8803
53.2259       0 34.2053 38.4708 53.4135      28 41.9762 21.1896 42.5206 14.1421 46.6476      30 37.5766 8.24621 26.6833 49.0408 63.1269 36.2215
 21.095 34.2053       0 18.6011 21.8403 27.8927 18.4391 15.6525 8.60233 20.2485 13.3417 4.24264 17.0294  28.178 15.0333 31.8277      29 27.4591
19.7231 38.4708 18.6011       0 36.3456  43.909 4.24264 18.0278 22.8035 28.2843 18.1108 18.4391  35.609 36.0555      12 13.6015 36.4005 45.3431
24.2074 53.4135 21.8403 36.3456       0 35.8469 33.9559 37.3363 14.0357 39.4081 19.3132  25.632 18.7883 46.0109 36.6742 46.8188 15.0333 29.6142
48.2597      28 27.8927  43.909 35.8469       0 45.1885      29      32 20.5913 40.1995      26  17.088 20.0998 34.0588 57.4543 49.7293 8.94427
15.6525 41.9762 18.4391 4.24264 33.9559 45.1885       0  21.095 21.0238 31.0161 15.0333 19.2354 35.3553 39.0128 15.2971 13.6015 32.7567 45.8039
 32.249 21.1896 15.6525 18.0278 37.3363      29  21.095       0 24.1868 10.4403 26.2488 11.7047 27.2947 18.0278 6.08276 30.3645 44.0454  33.121
16.7631 42.5206 8.60233 22.8035 14.0357      32 21.0238 24.1868       0 28.4253 8.94427 12.8062  17.088 36.0555 22.8035 34.4819 20.6155 29.1204
40.1622 14.1421 20.2485 28.2843 39.4081 20.5913 31.0161 10.4403 28.4253       0 33.1059 16.1245 24.7386 8.24621 16.4924 40.8044 49.0408 26.6833
8.06226 46.6476 13.3417 18.1108 19.3132 40.1995 15.0333 26.2488 8.94427 33.1059       0  17.088      26 41.2311 22.8035 27.5136 18.7883 37.9473
24.5153      30 4.24264 18.4391  25.632      26 19.2354 11.7047 12.8062 16.1245  17.088       0 17.8885 24.1661 12.1655 32.0156 33.2415 26.9072
33.8378 37.5766 17.0294  35.609 18.7883  17.088 35.3553 27.2947  17.088 24.7386      26 17.8885       0 29.5296 29.7321 48.8365 32.7567 12.1655
48.3839 8.24621  28.178 36.0555 46.0109 20.0998 39.0128 18.0278 36.0555 8.24621 41.2311 24.1661 29.5296       0 24.0832 48.0521 56.6127 28.0713
27.8029 26.6833 15.0333      12 36.6742 34.0588 15.2971 6.08276 22.8035 16.4924 22.8035 12.1655 29.7321 24.0832       0 24.3516 41.3401 37.2022
  25.02 49.0408 31.8277 13.6015 46.8188 57.4543 13.6015 30.3645 34.4819 40.8044 27.5136 32.0156 48.8365 48.0521 24.3516       0 43.0116 58.8982
     18 63.1269      29 36.4005 15.0333 49.7293 32.7567 44.0454 20.6155 49.0408 18.7883 33.2415 32.7567 56.6127 41.3401 43.0116       0 44.2832
45.8803 36.2215 27.4591 45.3431 29.6142 8.94427 45.8039  33.121 29.1204 26.6833 37.9473 26.9072 12.1655 28.0713 37.2022 58.8982 44.2832       0

