      0 55.1783 21.3341 22.0318 25.5115 49.4532 33.2341 17.6249 33.1974 16.8395 42.3966 8.14163 24.9269 11.3196 36.5058  49.324   28.84 25.4437 19.7723 46.9221 10.4146
55.1083       0 35.5208 39.2216 54.3704      28 23.3915 43.1551 21.5267 43.4829 14.3857 48.1381 31.5651 52.7247 41.1419 8.26731 27.3557 49.9822 64.9155 36.2919 49.4314
21.2679 35.6133       0 21.8294 22.7413 28.8372  12.196 18.5459 16.6884 9.23925 21.1755 13.4142 4.24275 17.2223 17.4979 28.4633 16.8559 33.7036 29.5522 28.9419 13.9154
22.0161 39.3197 21.7322       0 38.6571 46.3992 25.4053 4.42691 18.1128  25.212 28.5154 19.9858 20.9776 28.4093  38.957 36.2337      12 14.3362 38.8093 49.6853 23.8606
25.5221 54.3852 22.7652  38.659       0 37.2779 31.3829   34.82 38.4656  14.055 40.3565 19.6638  26.189   14.19 19.0143  46.608 37.4084 48.9591 15.2242 30.4142 15.9219
49.5272      28 28.9522 46.4918 37.2251       0 21.1148 47.9768 31.0412 34.6972  23.209 41.3636 28.1293 43.6775 19.2212 20.1225 35.0682 60.4454  51.604 9.34211 40.6437
32.9768 23.4011 12.1479 25.4313  31.394 21.0502       0 26.9117 10.0646 20.3152 9.10503 25.4135 8.28784 29.3337 18.9452 16.2489 14.1902 39.3413 41.5329 25.0938 26.0485
17.6319 43.3531 18.5347 4.43796  34.829 47.7785 26.8014       0 21.4818 21.3845 31.2993 16.1579 21.0555 24.0281 36.0318  39.276 16.3894 15.3531 34.4298 47.1332 20.0323
32.4103 22.1064 16.6826 18.1713 38.4476 30.9882 10.2843 21.4041       0 25.8313 10.6686 27.0162 12.4472 33.3237 27.6504 18.3856 6.16999 32.1151 45.8083 35.1536 28.4296
17.0836 44.0823  9.2448  25.256 14.0558 34.6962 20.6676 21.4186 25.8497       0 29.7599  9.0059 13.4504 9.75912 18.7131 36.9318 23.3777 36.5894 21.1053 31.2082       7
 42.418 14.3743 21.1681 28.7106 40.3418 23.1827 9.10968 31.4055 10.7536 29.7486       0 34.8071 16.9986 38.4043 27.8064 8.37515 16.7201 42.6207 49.4723 29.7729 35.0233
8.17389 48.1605 13.5793 19.9825 19.6578 41.3526 25.7579 16.1363  27.037  8.9743 34.7896       0 17.3073 7.09023 26.1317 41.8246 22.8463  30.575  19.163 39.4216  4.1411
24.6886 31.6712 4.24285 21.1066 26.1828 28.0732 8.37515 21.0526 12.4532 13.4372 17.0342 17.2109       0 21.4052 18.0941 24.4507 15.2837 35.2713 33.7511 28.2089  18.033
11.3452 52.8006 17.2291 28.4473 14.2163 43.7557 29.4257 24.0344 33.3951 9.67141 37.6487 7.08915 21.4128       0 25.3561 45.6505 29.1901 34.7891  12.642 37.7796 3.61132
34.6319 41.1341 17.5031  35.615 20.4851 19.2341 18.9495 36.0073 27.6641 18.8836 27.8378 26.7888 18.1077 25.5571       0 33.5727 30.9495 51.1735 33.3885 12.7252 24.2746
48.7745 8.26538 28.3349 36.2873 46.7889  20.121  16.221 39.2544 18.3789 36.8599 8.28784 41.6421 24.3956 45.5106 33.5565       0 24.2873 49.6187  57.736 30.4222 42.2403
28.8534 27.4215 16.8487      12 37.4193 35.0497 14.1974 15.9496 6.13761 23.3876 16.5782 22.8555 15.6227 29.1876 30.9358 24.2455       0 25.4342 41.6649  38.532 25.5899
25.4315 49.9396 33.6916 14.1329 48.9575 60.2678  39.253 15.3377 31.8698 34.4971 42.2856 30.5437 35.2465 34.7666 51.1427 48.5059 25.7545       0 44.1913 63.3332  33.438
18.3071 64.9356 29.5475 38.8286 15.1996 51.6547 41.5412 34.4179 45.8536 21.1017  49.054 19.1516 33.7523 12.6574 33.4287 57.7873 41.6718 44.1863       0 44.8061  15.865
47.1434 36.2889 29.0576 49.6998 30.3436 9.34679 25.1032  47.184 35.1778   31.44 29.7611 39.6662 28.2558 38.0888 12.7337 28.1964 38.5309 59.6616 44.7045       0 36.8799
10.4259 49.6129 13.9565 23.8822 15.9171 40.7623 26.2033 20.0396 29.7583       7 35.0759 4.14429 19.1116 3.61919 24.0327 42.4625 25.5957 33.4376 16.1855 36.5385       0


dist_cost_node:
      0 53.2259  21.095 19.7231 24.2074 48.2597 32.7567 15.6525  32.249 16.7631 40.1622 8.06226 24.5153 10.6301 33.8378 48.3839 27.8029   25.02      18 45.8803 10.2956
53.2259       0 34.2053 38.4708 53.4135      28 22.6274 41.9762 21.1896 42.5206 14.1421 46.6476      30 51.4004 37.5766 8.24621 26.6833 49.0408 63.1269 36.2215 48.0104
 21.095 34.2053       0 18.6011 21.8403 27.8927  12.083 18.4391 15.6525 8.60233 20.2485 13.3417 4.24264 17.2047 17.0294  28.178 15.0333 31.8277      29 27.4591 13.8924
19.7231 38.4708 18.6011       0 36.3456  43.909 24.1661 4.24264 18.0278 22.8035 28.2843 18.1108 18.4391 25.1794  35.609 36.0555      12 13.6015 36.4005 45.3431 22.0227
24.2074 53.4135 21.8403 36.3456       0 35.8469 31.0644 33.9559 37.3363 14.0357 39.4081 19.3132  25.632 13.6015 18.7883 46.0109 36.6742 46.8188 15.0333 29.6142 15.2315
48.2597      28 27.8927  43.909 35.8469       0      20 45.1885      29      32 20.5913 40.1995      26 41.1096  17.088 20.0998 34.0588 57.4543 49.7293 8.94427      39
32.7567 22.6274  12.083 24.1661 31.0644      20       0 25.9615 9.84886      20 8.48528 25.2982 8.24621 29.1548      18 16.1245 14.1421 37.5899 40.6079 23.3238 25.9422
15.6525 41.9762 18.4391 4.24264 33.9559 45.1885 25.9615       0  21.095 21.0238 31.0161 15.0333 19.2354      22 35.3553 39.0128 15.2971 13.6015 32.7567 45.8039  19.105
 32.249 21.1896 15.6525 18.0278 37.3363      29 9.84886  21.095       0 24.1868 10.4403 26.2488 11.7047 31.8904 27.2947 18.0278 6.08276 30.3645 44.0454  33.121 28.3196
16.7631 42.5206 8.60233 22.8035 14.0357      32      20 21.0238 24.1868       0 28.4253 8.94427 12.8062 9.48683  17.088 36.0555 22.8035 34.4819 20.6155 29.1204       7
40.1622 14.1421 20.2485 28.2843 39.4081 20.5913 8.48528 31.0161 10.4403 28.4253       0 33.1059 16.1245 37.4433 24.7386 8.24621 16.4924 40.8044 49.0408 26.6833 34.1321
8.06226 46.6476 13.3417 18.1108 19.3132 40.1995 25.2982 15.0333 26.2488 8.94427 33.1059       0  17.088 7.07107      26 41.2311 22.8035 27.5136 18.7883 37.9473 4.12311
24.5153      30 4.24264 18.4391  25.632      26 8.24621 19.2354 11.7047 12.8062 16.1245  17.088       0 21.4009 17.8885 24.1661 12.1655 32.0156 33.2415 26.9072 18.0278
10.6301 51.4004 17.2047 25.1794 13.6015 41.1096 29.1548      22 31.8904 9.48683 37.4433 7.07107 21.4009       0 25.1794 45.2769 29.1548 33.9559 12.2066 37.3363 3.60555
33.8378 37.5766 17.0294  35.609 18.7883  17.088      18 35.3553 27.2947  17.088 24.7386      26 17.8885 25.1794       0 29.5296 29.7321 48.8365 32.7567 12.1655 23.7697
48.3839 8.24621  28.178 36.0555 46.0109 20.0998 16.1245 39.0128 18.0278 36.0555 8.24621 41.2311 24.1661 45.2769 29.5296       0 24.0832 48.0521 56.6127 28.0713 42.0595
27.8029 26.6833 15.0333      12 36.6742 34.0588 14.1421 15.2971 6.08276 22.8035 16.4924 22.8035 12.1655 29.1548 29.7321 24.0832       0 24.3516 41.3401 37.2022 25.5539
  25.02 49.0408 31.8277 13.6015 46.8188 57.4543 37.5899 13.6015 30.3645 34.4819 40.8044 27.5136 32.0156 33.9559 48.8365 48.0521 24.3516       0 43.0116 58.8982 31.6228
     18 63.1269      29 36.4005 15.0333 49.7293 40.6079 32.7567 44.0454 20.6155 49.0408 18.7883 33.2415 12.2066 32.7567 56.6127 41.3401 43.0116       0 44.2832 15.8114
45.8803 36.2215 27.4591 45.3431 29.6142 8.94427 23.3238 45.8039  33.121 29.1204 26.6833 37.9473 26.9072 37.3363 12.1655 28.0713 37.2022 58.8982 44.2832       0 35.9026
10.2956 48.0104 13.8924 22.0227 15.2315      39 25.9422  19.105 28.3196       7 34.1321 4.12311 18.0278 3.60555 23.7697 42.0595 25.5539 31.6228 15.8114 35.9026       0


