      1e+20 1.11041e+12 1.15421e+12  1.5347e+12 1.68003e+12 9.35361e+11     131.552     104.995     46.1736     98.4886     73.3485     56.7979     89.0225     32.7567     101.237     90.2109     77.6209     53.8238      82.807     41.4367     91.5915     96.1769     68.0074     99.7246     87.7268     86.2148     83.2406     93.4077     103.247     14.5602     128.316     77.1038       1e+20 1.11041e+12 1.15421e+12  1.5347e+12 1.68003e+12 9.35361e+11
1.11041e+12       1e+20  2.2646e+12 1.29835e+12 1.05759e+12 8.06536e+11     26.3059     21.9545     77.1622     29.1548     42.5441     56.8507     22.0227     88.1419     12.0416     24.1661     58.0775     57.3847     29.0689          73     52.0865     24.0832     67.1193     56.3649     24.6982     34.0147     35.2278     65.4599     13.3417     99.5691     28.1603     57.0701 1.11041e+12       1e+20  2.2646e+12 1.29835e+12 1.05759e+12 8.06536e+11
1.15421e+12  2.2646e+12       1e+20 2.37523e+12 2.68822e+12 1.92606e+12     246.333     219.276     155.724     212.325     187.771     171.406     204.443     142.172     216.511       205.3     186.679     169.201     198.073     155.322     201.259     210.789     175.548     207.425     202.943     200.142     197.345     198.436     218.344     127.475     242.588     186.936 1.15421e+12  2.2646e+12       1e+20 2.37523e+12 2.68822e+12 1.92606e+12
 1.5347e+12 1.29835e+12 2.37523e+12       1e+20 2.35593e+12 6.39062e+11     118.207     108.301     112.058     152.227     143.962     142.664     127.781     122.483     121.631     138.409     90.7855     134.239       121.4     148.061         170     145.165     93.6376     76.8375     120.104     107.005     108.812     73.0616      118.14     139.918      111.14      165.36  1.5347e+12 1.29835e+12 2.37523e+12       1e+20 2.35593e+12 6.39062e+11
1.68003e+12 1.05759e+12 2.68822e+12 2.35593e+12       1e+20 1.82833e+12     121.511      127.44     159.891     87.2067     106.607     119.436     111.893     163.957     114.621     101.966     156.083     127.577     120.308     129.653     79.6241     93.9415     161.245     160.897      119.57     133.094     132.484     168.434     117.801     164.514     127.562     92.7793 1.68003e+12 1.05759e+12 2.68822e+12 2.35593e+12       1e+20 1.82833e+12
9.35361e+11 8.06536e+11 1.92606e+12 6.39062e+11 1.82833e+12       1e+20     81.0247      59.439      49.163     95.9635      82.807      79.404     71.0211     61.0737     69.6419     81.2712     28.3196     70.7107     63.0079     84.1546     110.345     89.0449     29.7321          26     63.2851     49.7393     50.4777     15.2971     67.3573     79.2275      74.108     103.711 9.35361e+11 8.06536e+11 1.92606e+12 6.39062e+11 1.82833e+12       1e+20
1.31552e+12 2.63059e+11 2.46333e+12 1.18207e+12 1.21511e+12 8.10247e+11       1e+10     27.4591      92.358     55.0091     67.7791     80.6226     45.1774         105     31.3847          50     66.1287      79.404     49.2037     96.2549     78.0064     50.3587     77.0779     55.0364     44.2041     46.6154     49.2037     66.1891     28.6007      118.87     7.28011     83.3607     131.552     26.3059     246.333     118.207     121.511     81.0247
1.04995e+12 2.19545e+11 2.19276e+12 1.08301e+12  1.2744e+12  5.9439e+11     27.4591       1e+10     64.8999     45.6508     48.0416     57.5674     25.0799     77.6209     13.8924     34.2053     39.8121     54.5619          25     72.0902     66.7308     38.9102     50.2892     34.5398     20.3961     19.2094     21.9317     44.1475          10     91.9348     23.3452     67.4759     104.995     21.9545     219.276     108.301      127.44      59.439
4.61736e+11 7.71622e+11 1.55724e+12 1.12058e+12 1.59891e+12  4.9163e+11      92.358     64.8999       1e+10     76.1052     53.3667     41.5933     57.0701     13.8924     65.5515     63.0714     31.7648     32.6956     48.5077     39.0512     80.6536      71.007     21.8403     53.7122     52.4976      45.793     43.4166     47.2969     66.2118     31.6228     87.8009     69.3181     46.1736     77.1622     155.724     112.058     159.891      49.163
9.84886e+11 2.91548e+11 2.12325e+12 1.52227e+12 8.72067e+11 9.59635e+11     55.0091     45.6508     76.1052       1e+10     25.2982     41.7852          25     83.3847     31.7648     14.7648      68.884     46.8722      33.121     57.2451          23     7.07107     74.3303     75.6637     32.8024     46.4004     45.4863     82.0061     35.7771     89.8443     57.3149     30.4138     98.4886     29.1548     212.325     152.227     87.2067     95.9635
7.33485e+11 4.25441e+11 1.87771e+12 1.43962e+12 1.06607e+12  8.2807e+11     67.7791     48.0416     53.3667     25.2982       1e+10     16.5529     23.3452          59      37.108     18.6011     54.4885     22.0227     24.5153       32.45     28.3019     23.0217     56.6127     67.9779     28.0713     38.2753     35.8469     71.0282     40.7922       64.56     67.4463     21.4709     73.3485     42.5441     187.771     143.962     106.607      82.807
5.67979e+11 5.68507e+11 1.71406e+12 1.42664e+12 1.19436e+12  7.9404e+11     80.6226     57.5674     41.5933     41.7852     16.5529       1e+10     35.5106     44.5533     49.2443     34.0588     51.8941     9.21954      32.573     16.2788     39.8121     39.4462     50.6063     69.6348     37.3363     43.0465     40.0125     70.0071     52.3259     48.2701     79.2023     27.7308     56.7979     56.8507     171.406     142.664     119.436      79.404
8.90225e+11 2.20227e+11 2.04443e+12 1.27781e+12 1.11893e+12 7.10211e+11     45.1774     25.0799     57.0701          25     23.3452     35.5106       1e+10     67.0671     13.9284     10.6301     44.3847     35.3836     9.05539     51.4004     42.9418     18.0278     50.9902     50.9902     7.81025     21.4009     20.5913     57.0088     17.4642     77.6981     44.2719     42.4264     89.0225     22.0227     204.443     127.781     111.893     71.0211
3.27567e+11 8.81419e+11 1.42172e+12 1.22483e+12 1.63957e+12 6.10737e+11         105     77.6209     13.8924     83.3847          59     44.5533     67.0671       1e+10     76.9415     71.5891     45.6508     37.0135     59.0931     36.7151     84.3445     79.0759     35.4683     67.5426     63.5059     58.4123     55.8032     60.7289      78.032     18.2483     100.767     71.5681     32.7567     88.1419     142.172     122.483     163.957     61.0737
1.01237e+12 1.20416e+11 2.16511e+12 1.21631e+12 1.14621e+12 6.96419e+11     31.3847     13.8924     65.5515     31.7648      37.108     49.2443     13.9284     76.9415       1e+10      21.095     46.1736     48.2701     18.4391     64.8999     53.1601     25.0799     55.0818     46.3249     13.6015          22     23.1948      54.626     4.12311      89.202     30.3645     55.0091     101.237     12.0416     216.511     121.631     114.621     69.6419
9.02109e+11 2.41661e+11   2.053e+12 1.38409e+12 1.01966e+12 8.12712e+11          50     34.2053     63.0714     14.7648     18.6011     34.0588     10.6301     71.5891      21.095       1e+10     54.1202     36.6742     18.3576     50.3289     32.6956     8.24621     59.7746     61.6198     18.3848     31.8904     30.8058     67.4759     25.1794     80.1124     50.4876     34.0147     90.2109     24.1661       205.3     138.409     101.966     81.2712
7.76209e+11 5.80775e+11 1.86679e+12 9.07855e+11 1.56083e+12 2.83196e+11     66.1287     39.8121     31.7648      68.884     54.4885     51.8941     44.3847     45.6508     46.1736     54.1202       1e+10     43.6578     35.7771     58.8558      82.134     62.1691     11.4018     22.1359          37     24.3311     24.0416     18.4391          45     63.1585     60.4152     75.4321     77.6209     58.0775     186.679     90.7855     156.083     28.3196
5.38238e+11 5.73847e+11 1.69201e+12 1.34239e+12 1.27577e+12 7.07107e+11      79.404     54.5619     32.6956     46.8722     22.0227     9.21954     35.3836     37.0135     48.2701     36.6742     43.6578       1e+10     30.2324       17.72     48.0833     43.3244     41.6173      62.514     35.2278     38.0789     34.9285     61.9839     50.8035     43.4626     77.1751     36.7151     53.8238     57.3847     169.201     134.239     127.577     70.7107
 8.2807e+11 2.90689e+11 1.98073e+12   1.214e+12 1.20308e+12 6.30079e+11     49.2037          25     48.5077      33.121     24.5153      32.573     9.05539     59.0931     18.4391     18.3576     35.7771     30.2324       1e+10     47.4131     48.6004     26.4008     41.9762     44.6542           5     14.4222     12.7279     49.5177     20.6155     70.8025     47.0106     45.5412      82.807     29.0689     198.073       121.4     120.308     63.0079
4.14367e+11     7.3e+11 1.55322e+12 1.48061e+12 1.29653e+12 8.41546e+11     96.2549     72.0902     39.0512     57.2451       32.45     16.2788     51.4004     36.7151     64.8999     50.3289     58.8558       17.72     47.4131       1e+10     51.0882     55.4707     54.4243     79.0569     52.3546     55.7853     52.6308     77.2787     67.7422          35      94.414     37.0135     41.4367          73     155.322     148.061     129.653     84.1546
9.15915e+11 5.20865e+11 2.01259e+12     1.7e+12 7.96241e+11 1.10345e+12     78.0064     66.7308     80.6536          23     28.3019     39.8121     42.9418     84.3445     53.1601     32.6956      82.134     48.0833     48.6004     51.0882       1e+10     28.4429     84.8764     93.2309     50.2494     63.0079     61.2209     97.7446       57.28     86.0523     80.2247     14.5602     91.5915     52.0865     201.259         170     79.6241     110.345
9.61769e+11 2.40832e+11 2.10789e+12 1.45165e+12 9.39415e+11 8.90449e+11     50.3587     38.9102      71.007     7.07107     23.0217     39.4462     18.0278     79.0759     25.0799     8.24621     62.1691     43.3244     26.4008     55.4707     28.4429       1e+10     68.0074      68.593      25.807     39.4081     38.5876          75     29.1548     86.7295     52.0096     33.2415     96.1769     24.0832     210.789     145.165     93.9415     89.0449
6.80074e+11 6.71193e+11 1.75548e+12 9.36376e+11 1.61245e+12 2.97321e+11     77.0779     50.2892     21.8403     74.3303     56.6127     50.6063     50.9902     35.4683     55.0818     59.7746     11.4018     41.6173     41.9762     54.4243     84.8764     68.0074       1e+10      32.249     44.2832     33.1361          32     25.4951     54.4518     53.4509     71.5542     76.4199     68.0074     67.1193     175.548     93.6376     161.245     29.7321
9.97246e+11 5.63649e+11 2.07425e+12 7.68375e+11 1.60897e+12     2.6e+11     55.0364     34.5398     53.7122     75.6637     67.9779     69.6348     50.9902     67.5426     46.3249     61.6198     22.1359      62.514     44.6542     79.0569     93.2309      68.593      32.249       1e+10     43.2782     30.2324      32.249     11.4018     43.4166      85.235     48.1664     89.4427     99.7246     56.3649     207.425     76.8375     160.897          26
8.77268e+11 2.46982e+11 2.02943e+12 1.20104e+12  1.1957e+12 6.32851e+11     44.2041     20.3961     52.4976     32.8024     28.0713     37.3363     7.81025     63.5059     13.6015     18.3848          37     35.2278           5     52.3546     50.2494      25.807     44.2832     43.2782       1e+10     13.6015          13     49.2037     15.6205     75.6042     42.0595     48.5077     87.7268     24.6982     202.943     120.104      119.57     63.2851
8.62148e+11 3.40147e+11 2.00142e+12 1.07005e+12 1.33094e+12 4.97393e+11     46.6154     19.2094      45.793     46.4004     38.2753     43.0465     21.4009     58.4123          22     31.8904     24.3311     38.0789     14.4222     55.7853     63.0079     39.4081     33.1361     30.2324     13.6015       1e+10     3.16228      35.609     21.3776     72.9178       42.45     59.6154     86.2148     34.0147     200.142     107.005     133.094     49.7393
8.32406e+11 3.52278e+11 1.97345e+12 1.08812e+12 1.32484e+12 5.04777e+11     49.2037     21.9317     43.4166     45.4863     35.8469     40.0125     20.5913     55.8032     23.1948     30.8058     24.0416     34.9285     12.7279     52.6308     61.2209     38.5876          32      32.249          13     3.16228       1e+10     36.7967     23.0868     70.0357     45.2548     57.2713     83.2406     35.2278     197.345     108.812     132.484     50.4777
9.34077e+11 6.54599e+11 1.98436e+12 7.30616e+11 1.68434e+12 1.52971e+11     66.1891     44.1475     47.2969     82.0061     71.0282     70.0071     57.0088     60.7289      54.626     67.4759     18.4391     61.9839     49.5177     77.2787     97.7446          75     25.4951     11.4018     49.2037      35.609     36.7967       1e+10     52.2015      78.848     59.4138      92.358     93.4077     65.4599     198.436     73.0616     168.434     15.2971
1.03247e+12 1.33417e+11 2.18344e+12  1.1814e+12 1.17801e+12 6.73573e+11     28.6007          10     66.2118     35.7771     40.7922     52.3259     17.4642      78.032     4.12311     25.1794          45     50.8035     20.6155     67.7422       57.28     29.1548     54.4518     43.4166     15.6205     21.3776     23.0868     52.2015       1e+10     90.9065     26.9258     59.0339     103.247     13.3417     218.344      118.14     117.801     67.3573
1.45602e+11 9.95691e+11 1.27475e+12 1.39918e+12 1.64514e+12 7.92275e+11      118.87     91.9348     31.6228     89.8443       64.56     48.2701     77.6981     18.2483      89.202     80.1124     63.1585     43.4626     70.8025          35     86.0523     86.7295     53.4509      85.235     75.6042     72.9178     70.0357      78.848     90.9065       1e+10     115.278     72.0069     14.5602     99.5691     127.475     139.918     164.514     79.2275
1.28316e+12 2.81603e+11 2.42588e+12  1.1114e+12 1.27562e+12  7.4108e+11     7.28011     23.3452     87.8009     57.3149     67.4463     79.2023     44.2719     100.767     30.3645     50.4876     60.4152     77.1751     47.0106      94.414     80.2247     52.0096     71.5542     48.1664     42.0595       42.45     45.2548     59.4138     26.9258     115.278       1e+10     84.3801     128.316     28.1603     242.588      111.14     127.562      74.108
7.71038e+11 5.70701e+11 1.86936e+12  1.6536e+12 9.27793e+11 1.03711e+12     83.3607     67.4759     69.3181     30.4138     21.4709     27.7308     42.4264     71.5681     55.0091     34.0147     75.4321     36.7151     45.5412     37.0135     14.5602     33.2415     76.4199     89.4427     48.5077     59.6154     57.2713      92.358     59.0339     72.0069     84.3801       1e+10     77.1038     57.0701     186.936      165.36     92.7793     103.711
      1e+20 1.11041e+12 1.15421e+12  1.5347e+12 1.68003e+12 9.35361e+11 1.31552e+12 1.04995e+12 4.61736e+11 9.84886e+11 7.33485e+11 5.67979e+11 8.90225e+11 3.27567e+11 1.01237e+12 9.02109e+11 7.76209e+11 5.38238e+11  8.2807e+11 4.14367e+11 9.15915e+11 9.61769e+11 6.80074e+11 9.97246e+11 8.77268e+11 8.62148e+11 8.32406e+11 9.34077e+11 1.03247e+12 1.45602e+11 1.28316e+12 7.71038e+11       1e+20 1.11041e+12 1.15421e+12  1.5347e+12 1.68003e+12 9.35361e+11
1.11041e+12       1e+20  2.2646e+12 1.29835e+12 1.05759e+12 8.06536e+11 2.63059e+11 2.19545e+11 7.71622e+11 2.91548e+11 4.25441e+11 5.68507e+11 2.20227e+11 8.81419e+11 1.20416e+11 2.41661e+11 5.80775e+11 5.73847e+11 2.90689e+11     7.3e+11 5.20865e+11 2.40832e+11 6.71193e+11 5.63649e+11 2.46982e+11 3.40147e+11 3.52278e+11 6.54599e+11 1.33417e+11 9.95691e+11 2.81603e+11 5.70701e+11 1.11041e+12       1e+20  2.2646e+12 1.29835e+12 1.05759e+12 8.06536e+11
1.15421e+12  2.2646e+12       1e+20 2.37523e+12 2.68822e+12 1.92606e+12 2.46333e+12 2.19276e+12 1.55724e+12 2.12325e+12 1.87771e+12 1.71406e+12 2.04443e+12 1.42172e+12 2.16511e+12   2.053e+12 1.86679e+12 1.69201e+12 1.98073e+12 1.55322e+12 2.01259e+12 2.10789e+12 1.75548e+12 2.07425e+12 2.02943e+12 2.00142e+12 1.97345e+12 1.98436e+12 2.18344e+12 1.27475e+12 2.42588e+12 1.86936e+12 1.15421e+12  2.2646e+12       1e+20 2.37523e+12 2.68822e+12 1.92606e+12
 1.5347e+12 1.29835e+12 2.37523e+12       1e+20 2.35593e+12 6.39062e+11 1.18207e+12 1.08301e+12 1.12058e+12 1.52227e+12 1.43962e+12 1.42664e+12 1.27781e+12 1.22483e+12 1.21631e+12 1.38409e+12 9.07855e+11 1.34239e+12   1.214e+12 1.48061e+12     1.7e+12 1.45165e+12 9.36376e+11 7.68375e+11 1.20104e+12 1.07005e+12 1.08812e+12 7.30616e+11  1.1814e+12 1.39918e+12  1.1114e+12  1.6536e+12  1.5347e+12 1.29835e+12 2.37523e+12       1e+20 2.35593e+12 6.39062e+11
1.68003e+12 1.05759e+12 2.68822e+12 2.35593e+12       1e+20 1.82833e+12 1.21511e+12  1.2744e+12 1.59891e+12 8.72067e+11 1.06607e+12 1.19436e+12 1.11893e+12 1.63957e+12 1.14621e+12 1.01966e+12 1.56083e+12 1.27577e+12 1.20308e+12 1.29653e+12 7.96241e+11 9.39415e+11 1.61245e+12 1.60897e+12  1.1957e+12 1.33094e+12 1.32484e+12 1.68434e+12 1.17801e+12 1.64514e+12 1.27562e+12 9.27793e+11 1.68003e+12 1.05759e+12 2.68822e+12 2.35593e+12       1e+20 1.82833e+12
9.35361e+11 8.06536e+11 1.92606e+12 6.39062e+11 1.82833e+12       1e+20 8.10247e+11  5.9439e+11  4.9163e+11 9.59635e+11  8.2807e+11  7.9404e+11 7.10211e+11 6.10737e+11 6.96419e+11 8.12712e+11 2.83196e+11 7.07107e+11 6.30079e+11 8.41546e+11 1.10345e+12 8.90449e+11 2.97321e+11     2.6e+11 6.32851e+11 4.97393e+11 5.04777e+11 1.52971e+11 6.73573e+11 7.92275e+11  7.4108e+11 1.03711e+12 9.35361e+11 8.06536e+11 1.92606e+12 6.39062e+11 1.82833e+12       1e+20
