     0 136.927 242.033 222.266 21.2132  224.54 142.302 179.769  135.96 181.373 192.003 150.987 140.464 195.617 150.296 104.062 195.441 151.559 130.096 174.184 196.698 221.163 167.147 189.621 222.146  165.36 198.116 132.136 132.518 156.984 167.738 117.886 142.215 142.667 168.345 159.831 131.947 176.706 163.683 145.962 119.867 212.219       0 136.927 242.033 222.266 21.2132  224.54
136.927       0  153.47  99.985 147.597 88.6848 40.1622 71.5681 21.0238 77.2334 58.1378 15.5563 13.8924 66.2193 27.1662 32.9848 63.6553 60.4401 38.6005 38.2753  61.131 90.5207  33.541   57.28 91.9674 46.0977 65.4905 49.6488 5.09902 69.3758      63 37.4433 69.3542 22.2036      39 69.6348 22.2036  43.566 34.8855 34.5254 23.7697  86.267 136.927       0  153.47  99.985 147.597 88.6848
242.033  153.47       0 77.5242 260.987 126.909 117.686 82.0549 135.636 76.2365   163.6 142.004 165.076 105.081 126.321 166.904 111.683 99.3277 126.921 133.507  156.85  101.71 160.381 115.447  99.985 108.019 169.499 118.929 152.948 91.0824 90.7965 138.827 102.416 131.856 169.706 89.1852 137.295 162.975 122.066 120.354 147.959 89.9611 242.033  153.47       0 77.5242 260.987 126.909
222.266  99.985 77.5242       0 237.394 49.3964      80 44.5982 89.9389 45.8912 90.2718      85 107.424 35.4401 76.0592 125.399 40.6079 73.5391 92.2009   67.72 82.6075 24.1868 93.7443 46.3249 22.4722 57.9828 95.0368 90.9175 101.789 71.5681 55.9464 104.637 87.6413 83.7377 102.108 68.4105 93.3809 93.3435  65.192 77.1557 106.104 15.1327 222.266  99.985 77.5242       0 237.394 49.3964
21.2132 147.597 260.987 237.394       0 236.144 157.493 195.931 149.215 197.995 200.202 162.361 149.345 209.122 163.637 115.486 208.396 168.345 145.344 185.607 205.572 234.642 175.841 202.371 235.748 179.805 205.767 148.492 143.558 174.316 183.897 132.774 160.078 155.872  175.96 177.054 145.341     185 176.709 160.415 132.853 226.603 21.2132 147.597 260.987 237.394       0 236.144
 224.54 88.6848 126.909 49.3964 236.144       0 90.1998 73.1642   89.56 78.2943 51.6236 73.7902 89.6437 36.8782 75.9276 120.768 33.0606 95.0368 100.841 50.5371 43.0813 25.2389 66.6033 37.1214 26.9258 67.0075 53.3667 105.043 92.5905 97.7446 79.3095 110.422 111.306 82.9699 71.8471 95.0789 93.6803 61.2944 62.3699 83.6002 105.005 38.8973  224.54 88.6848 126.909 49.3964 236.144       0
142.302 40.1622 117.686      80 157.493 90.1998       0 39.6611 19.4165  43.382 82.4924 36.1248 53.8516 55.7853 19.4165 49.7695 57.5587 20.3961 12.2066 48.1041 81.4371 80.6536 63.6553 53.0848 81.3449 24.0416 90.5539 15.2971  37.855 29.4279  28.178 24.7588 30.4795  18.868 72.1803 30.0666      20 71.8401 29.8329 8.06226 30.3645 70.2353 142.302 40.1622 117.686      80 157.493 90.1998
179.769 71.5681 82.0549 44.5982 195.931 73.1642 39.6611       0 55.0273  6.7082 89.5879 60.0333 83.0241 37.2156 44.4072 89.0056 43.0116 29.0689  51.225 55.0364 84.8116 54.3323 80.6536 43.1393 54.1479 26.0192 96.8349  47.634 71.3863 27.2947 12.0416 64.0312 43.1741  50.448 90.1388 24.1868 57.3847 85.0882 40.6079 39.9249 69.3181      40 179.769 71.5681 82.0549 44.5982 195.931 73.1642
 135.96 21.0238 135.636 89.9389 149.215   89.56 19.4165 55.0273       0 59.9083 70.8378 21.5407 34.8855 59.9083 14.4222 35.4683 59.4811 39.8121 18.4391 41.0488 71.5891   85.44 48.8774 53.7122 86.5332 32.2025 78.7718 29.0689 18.4391 48.8365  44.911 22.0907 48.3735  6.7082 56.4004  49.366 4.12311 58.1378 27.7308 15.2971 16.4012 77.8974  135.96 21.0238 135.636 89.9389 149.215   89.56
181.373 77.2334 76.2365 45.8912 197.995 78.2943  43.382  6.7082 59.9083       0 96.2549 66.1891 89.0056 43.0116 50.0899 93.1075 49.0408 29.8329 54.3783 61.7414 91.4002 58.2495 87.2812 49.5177 57.8705  32.249  103.47 49.5177 76.7919      26 15.2315 67.1193 42.1545 55.7315 96.7678 22.8473 61.9839 91.7878 47.0744  44.643 73.5391 43.4166 181.373 77.2334 76.2365 45.8912 197.995 78.2943
192.003 58.1378   163.6 90.2718 200.202 51.6236 82.4924 89.5879 70.8378 96.2549       0 49.3356 51.6236 58.5235 63.1348 90.0888  51.923 97.3088 88.2383 36.0694   8.544 69.1809 25.0799 48.4665 71.1758  68.593 8.06226 97.0618 63.1981 104.005 88.6172 92.4446  111.83 66.3099 24.5967 102.533 74.3303 15.2971 54.6717 74.4312 81.0494 75.5381 192.003 58.1378   163.6 90.2718 200.202 51.6236
150.987 15.5563 142.004      85 162.361 73.7902 36.1248 60.0333 21.5407 66.1891 49.3356       0 23.3452 50.8035 17.8885 47.0106 48.1041 54.7083 39.4462 23.2594 50.4876 74.9667 27.8029 41.7253 76.4199 34.0147 57.2451 49.2037  18.868 63.0635 53.1507 43.1741 66.6033 17.8045 36.0694 62.6498      25 36.7151 20.6155 28.6007 33.0606 71.0211 150.987 15.5563 142.004      85 162.361 73.7902
140.464 13.8924 165.076 107.424 149.345 89.6437 53.8516 83.0241 34.8855 89.0056 51.6236 23.3452       0 72.4707 39.2046 39.2046 68.7968      74 52.4309 41.4005 56.3205 95.2103 26.6833  62.434 96.8349 57.0789 58.1378 63.5138 17.6918 82.8613  75.326 50.3289 83.2406 35.4401 29.1548 82.9699 36.0555 36.3456 43.9318 47.8017  35.805 93.0215 140.464 13.8924 165.076 107.424 149.345 89.6437
195.617 66.2193 105.081 35.4401 209.122 36.8782 55.7853 37.2156 59.9083 43.0116 58.5235 50.8035 72.4707       0 45.4863 94.4934  6.7082 58.3095 67.3573   32.28      52 25.5539 58.5491 11.0454 26.6271 31.7805  64.622 69.8713 68.6804 60.8769   42.45 78.3901 74.5453 53.2541 67.1863 58.2409 63.8122 59.0339 32.6497 50.3289 76.2758 20.6155 195.617 66.2193 105.081 35.4401 209.122 36.8782
150.296 27.1662 126.321 76.0592 163.637 75.9276 19.4165 44.4072 14.4222 50.0899 63.1348 17.8885 39.2046 45.4863       0 49.4975 45.1885 36.8917 26.3059 29.6142 62.3939 71.0211 44.5982 39.5601  72.111 19.3132 71.1969 34.0147 27.2029 45.1774 36.1248 34.5254 49.5177 7.81025 53.4135 44.7772 18.3576 52.4976 13.6015 11.4018 30.8058 63.6553 150.296 27.1662 126.321 76.0592 163.637 75.9276
104.062 32.9848 166.904 125.399 115.486 120.768 49.7695 89.0056 35.4683 93.1075 90.0888 47.0106 39.2046 94.4934 49.4975       0 93.2309 67.6831  40.025 70.2638  93.771 119.808 65.0308 87.0919 121.037  67.624      97  49.163 28.4605 76.2955 77.8781 29.0172 69.0072 41.7253 68.3593 77.8781 32.2025 75.0067 61.8466 49.3964 19.7231 113.146 104.062 32.9848 166.904 125.399 115.486 120.768
195.441 63.6553 111.683 40.6079 208.396 33.0606 57.5587 43.0116 59.4811 49.0408  51.923 48.1041 68.7968  6.7082 45.1885 93.2309       0 62.1691 68.6586 27.7308   45.31 26.8701 53.1507 6.40312 28.3196 34.0147 57.9396 72.1734 66.5282 65.4599 47.1699 79.0569 78.4474 52.7731 61.5224 62.9682 63.5059 53.0094 31.7648 51.4198 75.6637 25.4951 195.441 63.6553 111.683 40.6079 208.396 33.0606
151.559 60.4401 99.3277 73.5391 168.345 95.0368 20.3961 29.0689 39.8121 29.8329 97.3088 54.7083      74 58.3095 36.8917 67.6831 62.1691       0 27.6586 61.4003 94.8683 80.3057 81.2158 59.4811 80.5047 29.9666 105.262 20.2485 58.2495 9.05539   17.72 39.5601 16.2788 38.6264 90.2109  10.198 40.1995  88.459  42.638 26.4008 49.2544 67.2681 151.559 60.4401 99.3277 73.5391 168.345 95.0368
130.096 38.6005 126.921 92.2009 145.344 100.841 12.2066  51.225 18.4391 54.3783 88.2383 39.4462 52.4309 67.3573 26.3059  40.025 68.6586 27.6586       0 55.9017 88.2326  92.477 67.1193 63.7887 93.2309 35.8469 96.2549 11.1803 34.9857 36.3456 39.4081 12.8062 31.6228 21.9317 74.8131  37.855 16.4012 76.1577      39 17.2627 22.0227  82.365 130.096 38.6005 126.921 92.2009 145.344 100.841
174.184 38.2753 133.507   67.72 185.607 50.5371 48.1041 55.0364 41.0488 61.7414 36.0694 23.2594 41.4005   32.28 29.6142 70.2638 27.7308 61.4003 55.9017       0 33.6155 53.8238 27.0185 21.5407 55.4707 32.5576 43.9318 63.2456 42.0595 67.9412 52.8015      63 76.3217 35.0143 36.2215  66.468 45.0999 30.0832  18.868 40.1622 55.3173  52.811 174.184 38.2753 133.507   67.72 185.607 50.5371
196.698  61.131  156.85 82.6075 205.572 43.0813 81.4371 84.8116 71.5891 91.4002   8.544 50.4876 56.3205      52 62.3939  93.771   45.31 94.8683 88.2326 33.6155       0 61.0328 29.7321 42.5441 63.0317  65.437 12.6491 96.3846 66.0681 101.045 84.8646 93.5575 109.932 66.4831 31.4006 99.3579 75.3127  21.095 52.4786 73.4098 83.1505 68.0661 196.698  61.131  156.85 82.6075 205.572 43.0813
221.163 90.5207  101.71 24.1868 234.642 25.2389 80.6536 54.3323   85.44 58.2495 69.1809 74.9667 95.2103 25.5539 71.0211 119.808 26.8701 80.3057  92.477 53.8238 61.0328       0 77.0779 33.2415       2  56.648 73.0274 94.1116 93.3809 81.0247 63.0317 103.788 96.0833 78.7718 84.4334 78.0577 89.3588 74.7262 58.0086 75.6439 101.789 15.2315 221.163 90.5207  101.71 24.1868 234.642 25.2389
167.147  33.541 160.381 93.7443 175.841 66.6033 63.6553 80.6536 48.8774 87.2812 25.0799 27.8029 26.6833 58.5491 44.5982 65.0308 53.1507 81.2158 67.1193 27.0185 29.7321 77.0779       0 47.5184  78.924 55.9464 32.0624 77.0065 38.6394 89.0505 76.4853 69.4622 94.0479  45.607 9.48683 88.2043 51.8845 10.0499 40.7185 55.8659 57.0088 78.6448 167.147  33.541 160.381 93.7443 175.841 66.6033
189.621   57.28 115.447 46.3249 202.371 37.1214 53.0848 43.1393 53.7122 49.5177 48.4665 41.7253  62.434 11.0454 39.5601 87.0919 6.40312 59.4811 63.7887 21.5407 42.5441 33.2415 47.5184       0 34.7131 30.2655 55.0091      68  60.208  63.561 45.6508 73.7631 75.6902 47.0106 56.1427 61.2699 57.7754 48.0937      26 46.5296 69.7711 31.3209 189.621   57.28 115.447 46.3249 202.371 37.1214
222.146 91.9674  99.985 22.4722 235.748 26.9258 81.3449 54.1479 86.5332 57.8705 71.1758 76.4199 96.8349 26.6271  72.111 121.037 28.3196 80.5047 93.2309 55.4707 63.0317       2  78.924 34.7131       0 57.3847 75.0267 94.6414 94.7629      81 63.1269 104.652 96.1873 79.8812 86.3308 78.0064 90.4268 76.6551  59.203 76.4853 102.903 14.5602 222.146 91.9674  99.985 22.4722 235.748 26.9258
 165.36 46.0977 108.019 57.9828 179.805 67.0075 24.0416 26.0192 32.2025  32.249  68.593 34.0147 57.0789 31.7805 19.3132  67.624 34.0147 29.9666 35.8469 32.5576  65.437  56.648 55.9464 30.2655 57.3847       0 76.3806 38.2099 46.4866  35.609 20.5913 47.5079 45.8803 26.4197 65.3911 33.9706 35.4683 61.5873 15.2315 19.4165 48.1664 46.8722  165.36 46.0977 108.019 57.9828 179.805 67.0075
198.116 65.4905 169.499 95.0368 205.767 53.3667 90.5539 96.8349 78.7718  103.47 8.06226 57.2451 58.1378  64.622 71.1969      97 57.9396 105.262 96.2549 43.9318 12.6491 73.0274 32.0624 55.0091 75.0267 76.3806       0 105.119 70.5762 111.866 96.2601 100.285 119.854 74.3236 29.8329 110.345 82.2192 22.0227 62.6259 82.4924 88.6454  80.604 198.116 65.4905 169.499 95.0368 205.767 53.3667
132.136 49.6488 118.929 90.9175 148.492 105.043 15.2971  47.634 29.0689 49.5177 97.0618 49.2037 63.5138 69.8713 34.0147  49.163 72.1734 20.2485 11.1803 63.2456 96.3846 94.1116 77.0065      68 94.6414 38.2099 105.119       0 46.1411 27.8568  35.609 20.2237 20.6155 31.4006 85.0412 29.9666 27.4591  85.703 45.1221 23.0868 32.5576 82.6378 132.136 49.6488 118.929 90.9175 148.492 105.043
132.518 5.09902 152.948 101.789 143.558 92.5905  37.855 71.3863 18.4391 76.7919 63.1981  18.868 17.6918 68.6804 27.2029 28.4605 66.5282 58.2495 34.9857 42.0595 66.0681 93.3809 38.6394  60.208 94.7629 46.4866 70.5762 46.1411       0 67.2681 62.2013 32.8024 66.2118  21.095 44.0114 67.7422 18.7883 48.6621 36.6197 33.0151 18.7883 88.4081 132.518 5.09902 152.948 101.789 143.558 92.5905
156.984 69.3758 91.0824 71.5681 174.316 97.7446 29.4279 27.2947 48.8365      26 104.005 63.0635 82.8613 60.8769 45.1774 76.2955 65.4599 9.05539 36.3456 67.9412 101.045 81.0247 89.0505  63.561      81  35.609 111.866 27.8568 67.2681       0 18.4391 47.8017 16.1555 47.4342 98.1835 3.16228 49.2544  95.901 49.5177 35.1141 58.1378 67.1193 156.984 69.3758 91.0824 71.5681 174.316 97.7446
167.738      63 90.7965 55.9464 183.897 79.3095  28.178 12.0416  44.911 15.2315 88.6172 53.1507  75.326   42.45 36.1248 77.8781 47.1699   17.72 39.4081 52.8015 84.8646 63.0317 76.4853 45.6508 63.1269 20.5913 96.2601  35.609 62.2013 18.4391       0 52.2015 33.0606 41.1096 85.9069 15.8114 46.8402 82.1523 35.7771 29.6142 58.3095 49.6488 167.738      63 90.7965 55.9464 183.897 79.3095
117.886 37.4433 138.827 104.637 132.774 110.422 24.7588 64.0312 22.0907 67.1193 92.4446 43.1741 50.3289 78.3901 34.5254 29.0172 79.0569 39.5601 12.8062      63 93.5575 103.788 69.4622 73.7631 104.652 47.5079 100.285 20.2237 32.8024 47.8017 52.2015       0   40.05 28.0179 76.0592 49.6488 18.2483 79.1202 48.0521  28.178      15 94.3398 117.886 37.4433 138.827 104.637 132.774 110.422
142.215 69.3542 102.416 87.6413 160.078 111.306 30.4795 43.1741 48.3735 42.1545  111.83 66.6033 83.2406 74.5453 49.5177 69.0072 78.4474 16.2788 31.6228 76.3217 109.932 96.0833 94.0479 75.6902 96.1873 45.8803 119.854 20.6155 66.2118 16.1555 33.0606   40.05       0 49.2037  102.65 19.3132 47.4236  101.98 57.4543 38.1838 53.1507 82.6075 142.215 69.3542 102.416 87.6413 160.078 111.306
142.667 22.2036 131.856 83.7377 155.872 82.9699  18.868  50.448  6.7082 55.7315 66.3099 17.8045 35.4401 53.2541 7.81025 41.7253 52.7731 38.6264 21.9317 35.0143 66.4831 78.7718  45.607 47.0106 79.8812 26.4197 74.3236 31.4006  21.095 47.4342 41.1096 28.0179 49.2037       0 53.7587 47.5395 10.7703 54.3783 21.0238 12.3693 23.0217 71.4493 142.667 22.2036 131.856 83.7377 155.872 82.9699
168.345      39 169.706 102.108  175.96 71.8471 72.1803 90.1388 56.4004 96.7678 24.5967 36.0694 29.1548 67.1863 53.4135 68.3593 61.5224 90.2109 74.8131 36.2215 31.4006 84.4334 9.48683 56.1427 86.3308 65.3911 29.8329 85.0412 44.0114 98.1835 85.9069 76.0592  102.65 53.7587       0 97.4166 59.0762 10.6301 50.1597 64.5368 62.7694  86.977 168.345      39 169.706 102.108  175.96 71.8471
159.831 69.6348 89.1852 68.4105 177.054 95.0789 30.0666 24.1868  49.366 22.8473 102.533 62.6498 82.9699 58.2409 44.7772 77.8781 62.9682  10.198  37.855  66.468 99.3579 78.0577 88.2043 61.2699 78.0064 33.9706 110.345 29.9666 67.7422 3.16228 15.8114 49.6488 19.3132 47.5395 97.4166       0   50.04 94.8103 48.2701  35.171 59.4138 64.0703 159.831 69.6348 89.1852 68.4105 177.054 95.0789
131.947 22.2036 137.295 93.3809 145.341 93.6803      20 57.3847 4.12311 61.9839 74.3303      25 36.0555 63.8122 18.3576 32.2025 63.5059 40.1995 16.4012 45.0999 75.3127 89.3588 51.8845 57.7754 90.4268 35.4683 82.2192 27.4591 18.7883 49.2544 46.8402 18.2483 47.4236 10.7703 59.0762   50.04       0  61.327 31.7805 17.4642 12.7279 81.5659 131.947 22.2036 137.295 93.3809 145.341 93.6803
176.706  43.566 162.975 93.3435     185 61.2944 71.8401 85.0882 58.1378 91.7878 15.2971 36.7151 36.3456 59.0339 52.4976 75.0067 53.0094  88.459 76.1577 30.0832  21.095 74.7262 10.0499 48.0937 76.6551 61.5873 22.0227  85.703 48.6621  95.901 82.1523 79.1202  101.98 54.3783 10.6301 94.8103  61.327       0 46.6154 63.8905 66.9403 78.2304 176.706  43.566 162.975 93.3435     185 61.2944
163.683 34.8855 122.066  65.192 176.709 62.3699 29.8329 40.6079 27.7308 47.0744 54.6717 20.6155 43.9318 32.6497 13.6015 61.8466 31.7648  42.638      39  18.868 52.4786 58.0086 40.7185      26  59.203 15.2315 62.6259 45.1221 36.6197 49.5177 35.7771 48.0521 57.4543 21.0238 50.1597 48.2701 31.7805 46.6154       0 22.2036  43.909 51.8556 163.683 34.8855 122.066  65.192 176.709 62.3699
145.962 34.5254 120.354 77.1557 160.415 83.6002 8.06226 39.9249 15.2971  44.643 74.4312 28.6007 47.8017 50.3289 11.4018 49.3964 51.4198 26.4008 17.2627 40.1622 73.4098 75.6439 55.8659 46.5296 76.4853 19.4165 82.4924 23.0868 33.0151 35.1141 29.6142  28.178 38.1838 12.3693 64.5368  35.171 17.4642 63.8905 22.2036       0 29.6816 66.2873 145.962 34.5254 120.354 77.1557 160.415 83.6002
119.867 23.7697 147.959 106.104 132.853 105.005 30.3645 69.3181 16.4012 73.5391 81.0494 33.0606  35.805 76.2758 30.8058 19.7231 75.6637 49.2544 22.0227 55.3173 83.1505 101.789 57.0088 69.7711 102.903 48.1664 88.6454 32.5576 18.7883 58.1378 58.3095      15 53.1507 23.0217 62.7694 59.4138 12.7279 66.9403  43.909 29.6816       0 94.2603 119.867 23.7697 147.959 106.104 132.853 105.005
212.219  86.267 89.9611 15.1327 226.603 38.8973 70.2353      40 77.8974 43.4166 75.5381 71.0211 93.0215 20.6155 63.6553 113.146 25.4951 67.2681  82.365  52.811 68.0661 15.2315 78.6448 31.3209 14.5602 46.8722  80.604 82.6378 88.4081 67.1193 49.6488 94.3398 82.6075 71.4493  86.977 64.0703 81.5659 78.2304 51.8556 66.2873 94.2603       0 212.219  86.267 89.9611 15.1327 226.603 38.8973
      0 136.927 242.033 222.266 21.2132  224.54 142.302 179.769  135.96 181.373 192.003 150.987 140.464 195.617 150.296 104.062 195.441 151.559 130.096 174.184 196.698 221.163 167.147 189.621 222.146  165.36 198.116 132.136 132.518 156.984 167.738 117.886 142.215 142.667 168.345 159.831 131.947 176.706 163.683 145.962 119.867 212.219       0 136.927 242.033 222.266 21.2132  224.54
136.927       0  153.47  99.985 147.597 88.6848 40.1622 71.5681 21.0238 77.2334 58.1378 15.5563 13.8924 66.2193 27.1662 32.9848 63.6553 60.4401 38.6005 38.2753  61.131 90.5207  33.541   57.28 91.9674 46.0977 65.4905 49.6488 5.09902 69.3758      63 37.4433 69.3542 22.2036      39 69.6348 22.2036  43.566 34.8855 34.5254 23.7697  86.267 136.927       0  153.47  99.985 147.597 88.6848
242.033  153.47       0 77.5242 260.987 126.909 117.686 82.0549 135.636 76.2365   163.6 142.004 165.076 105.081 126.321 166.904 111.683 99.3277 126.921 133.507  156.85  101.71 160.381 115.447  99.985 108.019 169.499 118.929 152.948 91.0824 90.7965 138.827 102.416 131.856 169.706 89.1852 137.295 162.975 122.066 120.354 147.959 89.9611 242.033  153.47       0 77.5242 260.987 126.909
222.266  99.985 77.5242       0 237.394 49.3964      80 44.5982 89.9389 45.8912 90.2718      85 107.424 35.4401 76.0592 125.399 40.6079 73.5391 92.2009   67.72 82.6075 24.1868 93.7443 46.3249 22.4722 57.9828 95.0368 90.9175 101.789 71.5681 55.9464 104.637 87.6413 83.7377 102.108 68.4105 93.3809 93.3435  65.192 77.1557 106.104 15.1327 222.266  99.985 77.5242       0 237.394 49.3964
21.2132 147.597 260.987 237.394       0 236.144 157.493 195.931 149.215 197.995 200.202 162.361 149.345 209.122 163.637 115.486 208.396 168.345 145.344 185.607 205.572 234.642 175.841 202.371 235.748 179.805 205.767 148.492 143.558 174.316 183.897 132.774 160.078 155.872  175.96 177.054 145.341     185 176.709 160.415 132.853 226.603 21.2132 147.597 260.987 237.394       0 236.144
 224.54 88.6848 126.909 49.3964 236.144       0 90.1998 73.1642   89.56 78.2943 51.6236 73.7902 89.6437 36.8782 75.9276 120.768 33.0606 95.0368 100.841 50.5371 43.0813 25.2389 66.6033 37.1214 26.9258 67.0075 53.3667 105.043 92.5905 97.7446 79.3095 110.422 111.306 82.9699 71.8471 95.0789 93.6803 61.2944 62.3699 83.6002 105.005 38.8973  224.54 88.6848 126.909 49.3964 236.144       0

