    0 31.0644  27.313 12.0416 19.2354 15.8114 8.94427 27.5726      13 13.4164       7 9.21954 14.1421 9.05539 21.9317 7.07107 21.4709 23.1948 32.7567 16.1555 25.6125 18.0278   8.544 9.21954 13.4164 17.7553 13.4536 18.7883 19.7231 31.6228 14.3178 23.6008 14.8661 19.6977 19.7231 10.8167 27.8029  19.105 20.0998 21.0238
31.0644       0 28.0179 19.6977 48.7955 35.2278 33.3017 15.0748  21.587 43.1856 27.8568 40.2244 17.4642 36.0694      10 24.8395 36.0555 14.3178 34.0588 37.7359  33.541 17.8885 36.7696 22.3607 26.9258 45.0694 44.4072      18 37.5766      35 18.4391 31.7805 36.4966 48.7955 37.5766 32.8024       4 28.0713 19.9249 39.8121
 27.313 28.0179       0 26.2488 34.5254 41.6173 21.2132 13.2382 30.4795 31.0161 30.8058 32.3883  25.807 24.0832 20.6155 21.6333 46.0977 14.1421  6.7082 19.4165 7.07107 13.8924 35.8469 26.1725 13.9284 28.7446 35.0571 32.7567 16.1555 7.07107 17.8045  6.7082 41.3401 33.7343 16.1555  19.105 28.1603 40.3609 10.2956 17.8885
12.0416 19.6977 26.2488       0 31.0644 17.4642 17.4642 20.7183 4.24264 25.2389 8.24621 21.2132 2.23607 19.3132      12 8.06226 20.5913 16.1555 32.8024 24.0832 27.7308 12.8062  17.088 2.82843 15.5242 28.6923 25.4558       8 26.0768   32.45 8.48528 25.4951 18.1108 31.3847 26.0768 18.1108 16.1245 14.1421 16.2788 28.0179
19.2354 48.7955 34.5254 31.0644       0      30 15.8114 41.1491 32.2025 5.83095  25.632 11.1803 33.0151 12.8062 38.9487 24.0832 36.0139 37.7359      37 15.1327 29.0172   32.45  20.025 28.3019 23.7065  6.0208 8.06226 38.0132      19 35.0143 30.4795 28.1603 28.0179 1.41421      19      17 46.0109 36.6742 32.6497 18.1108
15.8114 35.2278 41.6173 17.4642      30       0 24.6982 38.1215 14.0357 25.1794 10.8167  19.105 19.2354 24.1661 29.2746      20 6.08276 33.5261  47.634 31.7648 41.0122 29.5466 10.0499 16.1555 28.3196 31.0846 22.0227 17.4642 35.5106 46.7547 25.0799 38.8973 2.23607 31.0161 35.5106 26.6271  31.257 9.21954 32.6497 36.7151
8.94427 33.3017 21.2132 17.4642 15.8114 24.6982       0 25.5392  20.025 10.7703 15.5242 11.1803 18.9737 3.16228 23.3452 9.48683 30.4138 21.9545  25.632 7.28011 17.8885 16.6433 16.2788 15.1327 8.24621 11.8004 14.0357  25.318 10.8167 24.1661 14.8661 16.1555 23.6008 15.6205 10.8167 2.23607 30.8058 27.6586  17.088  12.083
27.5726 15.0748 13.2382 20.7183 41.1491 38.1215 25.5392       0 24.6221 36.3077 27.9508 35.4154 19.2419 28.6923 10.2591 20.5244 41.1734 4.60977 19.0066 27.4089    19.5 9.55249 35.5141 22.0737 17.4428 36.2008   39.08 24.6018 25.8312 20.0562  13.537 18.1177 38.5649 40.7462 25.8312 24.1506 15.9765 34.0478     8.5 27.9866
     13  21.587 30.4795 4.24264 32.2025 14.0357  20.025 24.6221       0 26.4008 7.07107 21.6333 5.38516 21.3776 15.2971 11.1803 16.5529 20.1246 37.0135 27.0185 31.7648 17.0294 15.8114 5.09902 19.3132 30.5655  25.807 5.83095 29.4279 36.6197 12.7279 29.5296 15.0333 32.6956 29.4279 21.0238   17.72 9.89949 20.5183  31.257
13.4164 43.1856 31.0161 25.2389 5.83095 25.1794 10.7703 36.3077 26.4008       0 19.9249 6.08276 27.2029 7.61577 33.4215 18.3848  31.257 32.6497 34.3657 12.3693 26.3059 27.2947 15.1327 22.4722 18.9737 6.26498       5 32.2025 16.7631 32.5576      25 25.0799 23.3452 6.32456 16.7631 12.3693 40.3113  31.257 27.8568 16.5529
      7 27.8568 30.8058 8.24621  25.632 10.8167 15.5242 27.9508 7.07107 19.9249       0 14.7648 10.4403 16.0312 20.0998 9.21954 15.6205 23.3452 36.8782 22.8035 30.4795 18.9737 8.94427       6 17.6918  24.683  18.868 12.8062      26 36.0694 14.5602 28.3196 10.7703 26.2488      26  17.088 24.1661 12.1655 21.9317 27.5136
9.21954 40.2244 32.3883 21.2132 11.1803  19.105 11.1803 35.4154 21.6333 6.08276 14.7648       0 23.3452   8.544 30.8869 15.6525 25.1794 31.3209 36.6879 15.8114 28.7924 25.9615 9.05539 18.3848      19 12.1758 4.24264 27.4591 20.2485 35.1141 22.8473 27.2029 17.2627 12.0416 20.2485 13.3417 37.0135 25.4951 27.2947 20.6155
14.1421 17.4642  25.807 2.23607 33.0151 19.2354 18.9737 19.2419 5.38516 27.2029 10.4403 23.3452       0 21.0238 10.0499 9.48683 21.9317 14.7648   32.45  25.318 27.8568 12.0416 19.3132       5 16.1245 30.4179 27.5862 7.28011      27  32.249 8.06226  25.632  20.025 33.2866      27 19.4165 13.8924      15 15.6205 29.0172
9.05539 36.0694 24.0832 19.3132 12.8062 24.1661 3.16228 28.6923 21.3776 7.61577 16.0312   8.544 21.0238       0 26.1725 11.6619 30.0832 25.0599 28.1603 7.81025 20.2485 19.7231      15 16.7631 11.4018 9.39415      11 26.9258 12.0416 26.5707 17.6918 18.6815 22.8254 12.7279 12.0416       5 33.4215 28.1603 20.2485 12.8062
21.9317      10 20.6155      12 38.9487 29.2746 23.3452 10.2591 15.2971 33.4215 20.0998 30.8869 10.0499 26.1725       0 15.2643 31.6228  6.7082 27.2029 27.7849      25 8.24621 28.6356 14.1421      17 35.0892 34.9857 14.4222 27.8568 27.6586 8.48528 23.0217 30.0666 38.8973 27.8568 22.8035 8.24621 24.1661      11 30.0832
7.07107 24.8395 21.6333 8.06226 24.0832      20 9.48683 20.5244 11.1803 18.3848 9.21954 15.6525 9.48683 11.6619 15.2643       0 24.7588 16.1245 27.6586 16.0312 21.4009      11 15.1327 6.08276 8.60233 21.0297 19.7231 16.0312 18.2483 26.8701 7.28011 19.2094 19.7231 24.2074 18.2483 10.0499 21.9317 20.1246 13.3417 20.0998
21.4709 36.0555 46.0977 20.5913 36.0139 6.08276 30.4138 41.1734 16.5529  31.257 15.6205 25.1794 21.9317 30.0832 31.6228 24.7588       0 36.6742  52.345 37.5766 46.0977 33.2866 16.1245      20 33.3017 37.1652      28 18.1108 41.1825 51.6236 28.8444 43.9318       8  37.054 41.1825  32.249 32.0624       8 36.6197 42.4853
23.1948 14.3178 14.1421 16.1555 37.7359 33.5261 21.9545 4.60977 20.1246 32.6497 23.3452 31.3209 14.7648 25.0599  6.7082 16.1245 36.6742       0 20.6155 24.7588 19.2354 5.38516      31 17.4642 14.2127 33.1097 35.1141 20.5183 23.8537 21.2132       9 17.4642 33.9559 37.4433 23.8537 20.8087 14.0357 29.6816 5.83095 26.0768
32.7567 34.0588  6.7082 32.8024      37  47.634  25.632 19.0066 37.0135 34.3657 36.8782 36.6879   32.45 28.1603 27.2029 27.6586  52.345 20.6155       0 22.0907 8.06226 20.5913 41.1825 32.5576 19.4165  31.004  38.833 39.4462      18 2.23607 24.4131 9.48683 47.2017 36.0139      18 23.4094 34.5254 46.8615      17  19.105
16.1555 37.7359 19.4165 24.0832 15.1327 31.7648 7.28011 27.4089 27.0185 12.3693 22.8035 15.8114  25.318 7.81025 27.7849 16.0312 37.5766 24.7588 22.0907       0 14.0357      20 22.8035      22 10.8167 9.34077  17.088 32.0624 4.47214 20.2237 19.6977 13.0384 30.5287 14.3178 4.47214       6 35.7771 34.9285  19.105       5
25.6125  33.541 7.07107 27.7308 29.0172 41.0122 17.8885    19.5 31.7648 26.3059 30.4795 28.7924 27.8568 20.2485      25 21.4009 46.0977 19.2354 8.06226 14.0357       0 17.1172 33.8378 26.9258 12.8062 23.0489 30.8058 35.1141 10.0499 6.32456 19.9249 2.23607 40.3609 28.0713 10.0499 15.6525 33.0606 41.3401      14 11.4018
18.0278 17.8885 13.8924 12.8062   32.45 29.5466 16.6433 9.55249 17.0294 27.2947 18.9737 25.9615 12.0416 19.7231 8.24621      11 33.2866 5.38516 20.5913      20 17.1172       0 26.0768 13.4164 9.21954 27.9866 29.7321  18.868 19.6977 20.6155 4.47214 15.0333 29.7321 32.2025 19.6977 15.6205 16.4924 26.9072 3.60555 21.9317
  8.544 36.7696 35.8469  17.088  20.025 10.0499 16.2788 35.5141 15.8114 15.1327 8.94427 9.05539 19.3132      15 28.6356 15.1327 16.1245      31 41.1825 22.8035 33.8378 26.0768       0 14.5602 21.9317 21.1009 12.1655 21.2603 26.9072 39.9625      22 31.9061 8.24621      21 26.9072 18.4391 33.1059  17.088 28.4429 27.8029
9.21954 22.3607 26.1725 2.82843 28.3019 16.1555 15.1327 22.0737 5.09902 22.4722       6 18.3848       5 16.7631 14.1421 6.08276      20 17.4642 32.5576      22 26.9258 13.4164 14.5602       0 14.3178 26.1008 22.6274  10.198 24.3311 32.0156 8.94427 24.6982 16.4924 28.6531 24.3311      16  18.868 14.4222 16.6433 26.1725
13.4164 26.9258 13.9284 15.5242 23.7065 28.3196 8.24621 17.4428 19.3132 18.9737 17.6918      19 16.1245 11.4018      17 8.60233 33.3017 14.2127 19.4165 10.8167 12.8062 9.21954 21.9317 14.3178       0 18.9011 22.2036 23.3452 11.1803 18.4391 9.21954 10.6301 27.8029 23.3238 11.1803  6.7082 25.0799 28.6531 8.94427 13.3417
17.7553 45.0694 28.7446 28.6923  6.0208 31.0846 11.8004 36.2008 30.5655 6.26498  24.683 12.1758 30.4179 9.39415 35.0892 21.0297 37.1652 33.1097  31.004 9.34077 23.0489 27.9866 21.1009 26.1008 18.9011       0 11.0114 36.2112 13.0096 29.0043 26.6317 22.2767 29.3471 5.02494 13.0096 12.3794 42.6058 36.5137 27.7354 12.0934
13.4536 44.4072 35.0571 25.4558 8.06226 22.0227 14.0357   39.08  25.807       5  18.868 4.24264 27.5862      11 34.9857 19.7231      28 35.1141  38.833  17.088 30.8058 29.7321 12.1655 22.6274 22.2036 11.0114       0 31.6228 21.5407  37.108 26.8328 29.4279      20 9.21954 21.5407      16 41.2311 29.1204 30.8058 21.4709
18.7883      18 32.7567       8 38.0132 17.4642  25.318 24.6018 5.83095 32.2025 12.8062 27.4591 7.28011 26.9258 14.4222 16.0312 18.1108 20.5183 39.4462 32.0624 35.1141  18.868 21.2603  10.198 23.3452 36.2112 31.6228       0 34.0588 39.3573 15.2315 32.8938 18.9737 38.4838 34.0588 26.0768      14  10.198 22.4722 36.0139
19.7231 37.5766 16.1555 26.0768      19 35.5106 10.8167 25.8312 29.4279 16.7631      26 20.2485      27 12.0416 27.8568 18.2483 41.1825 23.8537      18 4.47214 10.0499 19.6977 26.9072 24.3311 11.1803 13.0096 21.5407 34.0588       0 16.0312 20.3961 9.48683 34.4093 18.0278       0 8.94427 36.0555 37.9473 18.0278 2.23607
31.6228      35 7.07107   32.45 35.0143 46.7547 24.1661 20.0562 36.6197 32.5576 36.0694 35.1141  32.249 26.5707 27.6586 26.8701 51.6236 21.2132 2.23607 20.2237 6.32456 20.6155 39.9625 32.0156 18.4391 29.0043  37.108 39.3573 16.0312       0 24.1868 8.06226 46.2277      34 16.0312 21.9317 35.2278 46.4004  17.088 17.0294
14.3178 18.4391 17.8045 8.48528 30.4795 25.0799 14.8661  13.537 12.7279      25 14.5602 22.8473 8.06226 17.6918 8.48528 7.28011 28.8444       9 24.4131 19.6977 19.9249 4.47214      22 8.94427 9.21954 26.6317 26.8328 15.2315 20.3961 24.1868       0   17.72 25.2982 30.4138 20.3961 14.4222 16.1245 22.6274 7.81025  22.561
23.6008 31.7805  6.7082 25.4951 28.1603 38.8973 16.1555 18.1177 29.5296 25.0799 28.3196 27.2029  25.632 18.6815 23.0217 19.2094 43.9318 17.4642 9.48683 13.0384 2.23607 15.0333 31.9061 24.6982 10.6301 22.2767 29.4279 32.8938 9.48683 8.06226   17.72       0 38.2884 27.2947 9.48683 13.9284 31.1448 39.1152 12.0416 11.1803
14.8661 36.4966 41.3401 18.1108 28.0179 2.23607 23.6008 38.5649 15.0333 23.3452 10.7703 17.2627  20.025 22.8254 30.0666 19.7231       8 33.9559 47.2017 30.5287 40.3609 29.7321 8.24621 16.4924 27.8029 29.3471      20 18.9737 34.4093 46.2277 25.2982 38.2884       0 29.0689 34.4093 25.6125 32.5576 11.3137 32.6956 35.5106
19.6977 48.7955 33.7343 31.3847 1.41421 31.0161 15.6205 40.7462 32.6956 6.32456 26.2488 12.0416 33.2866 12.7279 38.8973 24.2074  37.054 37.4433 36.0139 14.3178 28.0713 32.2025      21 28.6531 23.3238 5.02494 9.21954 38.4838 18.0278      34 30.4138 27.2947 29.0689       0 18.0278 16.6433 46.0977 37.4833  32.249 17.0294
19.7231 37.5766 16.1555 26.0768      19 35.5106 10.8167 25.8312 29.4279 16.7631      26 20.2485      27 12.0416 27.8568 18.2483 41.1825 23.8537      18 4.47214 10.0499 19.6977 26.9072 24.3311 11.1803 13.0096 21.5407 34.0588       0 16.0312 20.3961 9.48683 34.4093 18.0278       0 8.94427 36.0555 37.9473 18.0278 2.23607
10.8167 32.8024  19.105 18.1108      17 26.6271 2.23607 24.1506 21.0238 12.3693  17.088 13.3417 19.4165       5 22.8035 10.0499  32.249 20.8087 23.4094       6 15.6525 15.6205 18.4391      16  6.7082 12.3794      16 26.0768 8.94427 21.9317 14.4222 13.9284 25.6125 16.6433 8.94427       0 30.5287 29.1204 15.6525 10.4403
27.8029       4 28.1603 16.1245 46.0109  31.257 30.8058 15.9765   17.72 40.3113 24.1661 37.0135 13.8924 33.4215 8.24621 21.9317 32.0624 14.0357 34.5254 35.7771 33.0606 16.4924 33.1059  18.868 25.0799 42.6058 41.2311      14 36.0555 35.2278 16.1245 31.1448 32.5576 46.0977 36.0555 30.5287       0 24.0832  19.105 38.2753
 19.105 28.0713 40.3609 14.1421 36.6742 9.21954 27.6586 34.0478 9.89949  31.257 12.1655 25.4951      15 28.1603 24.1661 20.1246       8 29.6816 46.8615 34.9285 41.3401 26.9072  17.088 14.4222 28.6531 36.5137 29.1204  10.198 37.9473 46.4004 22.6274 39.1152 11.3137 37.4833 37.9473 29.1204 24.0832       0 30.4138 39.5601
20.0998 19.9249 10.2956 16.2788 32.6497 32.6497  17.088     8.5 20.5183 27.8568 21.9317 27.2947 15.6205 20.2485      11 13.3417 36.6197 5.83095      17  19.105      14 3.60555 28.4429 16.6433 8.94427 27.7354 30.8058 22.4722 18.0278  17.088 7.81025 12.0416 32.6956  32.249 18.0278 15.6525  19.105 30.4138       0 20.2485
21.0238 39.8121 17.8885 28.0179 18.1108 36.7151  12.083 27.9866  31.257 16.5529 27.5136 20.6155 29.0172 12.8062 30.0832 20.0998 42.4853 26.0768  19.105       5 11.4018 21.9317 27.8029 26.1725 13.3417 12.0934 21.4709 36.0139 2.23607 17.0294  22.561 11.1803 35.5106 17.0294 2.23607 10.4403 38.2753 39.5601 20.2485       0


