      0  50.774 30.8707 11.0454  42.107 12.0416 19.0263 48.7878 8.06226 30.1496 22.6716 29.7321 29.5466 14.1421 39.8497 25.1794 24.0832 53.2635 45.0444  43.566 13.8924 38.0526 31.1448 27.4591 40.3113 41.2826 26.2488 23.4094 47.4342 58.7282 36.3593 50.9117 13.0384 44.7772 35.4683 45.8039  45.607 8.06226 39.1152 43.4166 25.0799
 50.774       0 30.0167 41.2311 30.0167 39.3573 35.3836 7.15891 43.8292 46.0977 28.6356 33.0151 21.9317 46.8402 15.8114 34.9857 45.0999 7.28011 25.0799 22.3607 46.0109 25.4951 26.8328 23.3238 14.0357 33.4253 26.1725 28.3196      20      13 14.4222 11.4018 39.3954 9.21954 16.4924       6 15.0333 51.7397 41.7612 17.4642 30.8058
30.8707 30.0167       0  27.074   42.45 19.6469 27.6586    32.5 22.8473 16.1245 13.6015       3 21.2603 20.5183 29.6816 33.2415 15.5242 28.6356 41.2311 13.4536 35.0143 36.0694 30.8058 16.4012      16 11.5434 23.3238 21.9317 17.8045  32.311 20.1246 24.3516 18.0278 29.7321 14.8661 24.0208 34.8855 36.1386 14.8661 15.2315 28.6356
11.0454 41.2311  27.074       0  31.257   8.544       8  38.513 9.21954 32.2025 15.2315 27.0185 19.4165 18.3848 29.1548 14.5602 26.4197 44.5982 34.0147 37.9473 8.06226 27.0185 20.0998 18.4391   32.45  38.513 15.6525 13.0384 41.2311  50.448 26.9072 43.0116 10.7703 34.4819 27.2029 36.7696 34.7851 10.6301  38.833 36.6742 14.0357
 42.107 30.0167   42.45  31.257       0 36.0555 23.3452 23.1355 39.2938 55.8032 30.8058 44.5533 21.2132 47.1699 15.5242      17 51.6236 37.0135 5.83095 44.2832 30.2655 6.40312   12.53 26.1725 33.6155 52.0216 20.2485 22.8254 44.5982 43.0116 24.5967 39.4588 37.6962 21.0238 30.0167 30.4138 15.1327 38.2099 57.3149 39.9249   17.72
12.0416 39.3573 19.6469   8.544 36.0555       0 13.6015 38.1215 4.47214 23.7065 10.8167  19.105 19.2354 11.1803 30.1496 20.8087 18.0278 41.4005 37.6563 31.7648 16.4924 30.8058 23.7697 16.1555 28.3196 30.7612 17.0294 14.0357 35.5106 46.7547 25.0799 38.8973 2.23607 34.2053 23.6008 34.1321 36.1248 16.4924 30.4138 31.4006 18.3848
19.0263 35.3836 27.6586       8 23.3452 13.6015       0 31.8002 16.1555 36.4005 14.1421 28.4605 13.6015 24.6982 21.9545  7.2111 31.1448 39.6611 26.0192 36.2215 10.6301 19.0263 12.1655 14.5602 28.7924 39.1312 9.21954 7.61577  38.833  45.793 21.6333 38.9102 15.6205 27.8029 23.4094 31.6228  27.313      17 41.2311 33.9559 6.08276
48.7878 7.15891    32.5  38.513 23.1355 38.1215 31.8002       0 42.5353 48.5412 27.9508 35.4154 19.2419 46.8855 10.3078 30.1538 46.6717 14.4309 18.0069 27.4089 42.2522 19.1377 21.7083 22.0737 17.4428 37.9012 22.8965    25.5 25.8312 20.0562  13.537 18.1177 38.5649 4.03113 17.7553 10.2591 8.01561 48.6749 45.6426 22.4109 26.5377
8.06226 43.8292 22.8473 9.21954 39.2938 4.47214 16.1555 42.5353       0 24.0416 15.2643 21.8403 23.5372 9.21954 34.3657 23.2594 18.0278 45.8039 41.3038 35.5106 16.1245 34.3657 27.2947 20.6155 32.6497 33.4701 21.0238 18.0278 39.4081 51.0882 29.5466 43.1856       5 38.6005 28.0179 38.5876 40.3113      14 32.0156 35.4683  21.587
30.1496 46.0977 16.1245 32.2025 55.8032 23.7065 36.4005 48.5412 24.0416       0      25 13.1529 34.9857 16.0312 44.7772 43.2782 6.08276 44.1814 55.5698 26.9258 39.9249 49.6488 43.4166 30.0167 32.0624 17.7553  35.609 33.3017 31.3209 47.0744 35.7351 39.4588 21.4709  45.607 30.8058 40.1123 50.3289 37.6563 10.8167 30.2655  39.598
22.6716 28.6356 13.6015 15.2315 30.8058 10.8167 14.1421 27.9508 15.2643      25       0 14.7648 10.4403 19.0263 21.2132 19.6977 21.0238 30.6105 30.8707 22.8035  22.561 24.6982 18.4391       6 17.6918  25.005 10.6301 8.60233      26 36.0694 14.5602 28.3196 10.7703 24.1868 12.8062 23.3238 27.1662 25.5539 27.7849 21.4709 15.2643
29.7321 33.0151       3 27.0185 44.5533  19.105 28.4605 35.4154 21.8403 13.1529 14.7648       0 23.3452 18.4391  32.249 34.4384 12.6491 31.5753 43.6005 15.8114 35.0571 38.2099 32.6497 18.3848      19 11.6726      25 23.3238 20.2485 35.1141 22.8473 27.2029 17.2627  32.573   17.72 27.0185 37.5766 35.5106 13.0384 18.0278 30.0167
29.5466 21.9317 21.2603 19.4165 21.2132 19.2354 13.6015 19.2419 23.5372 34.9857 10.4403 23.3452       0 29.0689      11 15.1327 31.3847 26.0768 20.5913  25.318 24.2074 14.8661 9.84886       5 16.1245 31.3249 4.47214 6.40312      27  32.249 8.06226  25.632  20.025 15.2315      11 18.0278      17 29.8329 36.1248      22  10.198
14.1421 46.8402 20.5183 18.3848 47.1699 11.1803 24.6982 46.8855 9.21954 16.0312 19.0263 18.4391 29.0689       0   40.05 31.9061      10 47.4236 48.5077 33.9706 25.2389 41.7612 34.7851   25.02 34.0147 29.0904 27.6586 24.7386 38.2884 51.9711 33.3766  43.909 9.48683 43.1856 30.3645 41.1096 46.0435 21.8403 25.4951 35.2278 29.5466
39.8497 15.8114 29.6816 29.1548 15.5242 30.1496 21.9545 10.3078 34.3657 44.7772 21.2132  32.249      11   40.05       0 19.8494 41.7612 22.2036 12.2066 29.1548 32.2025      10 11.4018 15.2971 18.3576 37.8451 13.6015 16.4924 29.1548 28.4429 9.89949 24.0832 31.0161  6.7082 15.5563 15.0333       6 38.9487 44.2041 24.5967 16.4012
25.1794 34.9857 33.2415 14.5602      17 20.8087  7.2111 30.1538 23.2594 43.2782 19.6977 34.4384 15.1327 31.9061 19.8494       0 38.1838 40.3113 20.6155   40.05 13.6015 13.9284 8.48528 18.1108  31.257 44.4438      11 11.4018 42.0476 46.6154 22.8035 40.5216 22.8035 26.4008 26.0768  32.311 24.2074 21.3776 47.4131  37.054       5
24.0832 45.0999 15.5242 26.4197 51.6236 18.0278 31.1448 46.6717 18.0278 6.08276 21.0238 12.6491 31.3847      10 41.7612 38.1838       0 44.1475 51.8941  28.178 34.0147 45.6508 39.1152 26.5707  31.257 20.8866 31.3847 28.8444 32.6497 47.7598 33.3766 39.8497 15.8114 43.4166 29.0172 39.1152 47.5395 31.5753 15.8114 30.6757 34.8281
53.2635 7.28011 28.6356 44.5982 37.0135 41.4005 39.6611 14.4309 45.8039 44.1814 30.6105 31.5753 26.0768 47.4236 22.2036 40.3113 44.1475       0  32.249 18.2483 50.2195 32.1403  32.573 26.1725 13.4164 29.5169 30.5287 32.2025 14.8661 6.32456 18.0278 5.38516 41.0488      16 17.8045 8.06226 22.2036 55.2268 38.3275      14 35.7771
45.0444 25.0799 41.2311 34.0147 5.83095 37.6563 26.0192 18.0069 41.3038 55.5698 30.8707 43.6005 20.5913 48.5077 12.2066 20.6155 51.8941  32.249       0 41.3401 34.2053       7 14.0357 25.5539 30.5287 49.9525 20.8806 23.7697 41.1461 38.0526 22.0227  35.171 39.0512 16.4924 27.6586 26.2488 10.0499 41.9762 55.9732 36.7151      20
 43.566 22.3607 13.4536 37.9473 44.2832 31.7648 36.2215 27.4089 35.5106 26.9258 22.8035 15.8114  25.318 33.9706 29.1548   40.05  28.178 18.2483 41.3401       0 45.3542 38.0789 34.9285      22 10.8167 11.2805 29.0689 29.0172 4.47214 20.2237 19.6977 13.0384 30.5287 26.1725 14.5602 17.2047 32.6497  47.927 20.0998       5 35.0571
13.8924 46.0109 35.0143 8.06226 30.2655 16.4924 10.6301 42.2522 16.1245 39.9249  22.561 35.0571 24.2074 25.2389 32.2025 13.6015 34.0147 50.2195 34.2053 45.3542       0 27.5136 21.4709 24.5967 38.9102    46.5 19.8494 18.0278 48.3839 56.3028 32.2025 49.2443 18.6815 38.2884  33.541 42.2019 37.2156       8 46.8722 43.6578 15.8114
38.0526 25.4951 36.0694 27.0185 6.40312 30.8058 19.0263 19.1377 34.3657 49.6488 24.6982 38.2099 14.8661 41.7612      10 13.9284 45.6508 32.1403       7 38.0789 27.5136       0 7.07107 19.8494 27.5136 45.6317 14.3178  17.088 38.6005 38.3275 18.3848 34.0588   32.28 16.2788 23.7065   25.02 11.6619  35.171 50.9313 33.8378      13
31.1448 26.8328 30.8058 20.0998   12.53 23.7697 12.1655 21.7083 27.2947 43.4166 18.4391 32.6497 9.84886 34.7851 11.4018 8.48528 39.1152  32.573 14.0357 34.9285 21.4709 7.07107       0 14.4222 25.0799 41.1491 7.81025 10.2956 36.2215 38.8973      16 33.3766 25.2982 18.0278 20.3961 24.7386 15.8114 28.7924  45.607  31.257 6.08276
27.4591 23.3238 16.4012 18.4391 26.1725 16.1555 14.5602 22.0737 20.6155 30.0167       6 18.3848       5   25.02 15.2971 18.1108 26.5707 26.1725 25.5539      22 24.5967 19.8494 14.4222       0 14.3178 26.8561 7.28011 7.07107 24.3311 32.0156 8.94427 24.6982 16.4924 18.2483 8.94427 18.4391 21.2132 29.0689  31.241 19.4165 13.1529
40.3113 14.0357      16   32.45 33.6155 28.3196 28.7924 17.4428 32.6497 32.0624 17.6918      19 16.1245 34.0147 18.3576  31.257  31.257 13.4164 30.5287 10.8167 38.9102 27.5136 25.0799 14.3178       0 20.5244 20.3961 21.1896 11.1803 18.4391 9.21954 10.6301 27.8029 15.6205 5.38516 8.06226 21.9317 43.0116 28.2312 6.32456 26.3059
41.2826 33.4253 11.5434  38.513 52.0216 30.7612 39.1312 37.9012 33.4701 17.7553  25.005 11.6726 31.3249 29.0904 37.8451 44.4438 20.8866 29.5169 49.9525 11.2805    46.5 45.6317 41.1491 26.8561 20.5244       0 34.0771 33.0492 15.0083  31.004 27.9508 24.2539 28.9353 36.1006 22.2991 27.9508  42.193 47.1832 9.01388 15.9765 39.6894
26.2488 26.1725 23.3238 15.6525 20.2485 17.0294 9.21954 22.8965 21.0238  35.609 10.6301      25 4.47214 27.6586 13.6015      11 31.3847 30.5287 20.8806 29.0689 19.8494 14.3178 7.81025 7.28011 20.3961 34.0771       0       3 31.0644 36.7151   12.53 30.0832 18.2483  18.868 15.1327 22.4722 19.4165  25.807 38.0132 26.0768       6
23.4094 28.3196 21.9317 13.0384 22.8254 14.0357 7.61577    25.5 18.0278 33.3017 8.60233 23.3238 6.40312 24.7386 16.4924 11.4018 28.8444 32.2025 23.7697 29.0172 18.0278  17.088 10.2956 7.07107 21.1896 33.0492       3       0 31.4006 38.2753 14.2127  31.305 15.2971 21.4709 15.8114 24.2074 22.3607 23.4307 36.3593 26.4764  6.7082
47.4342      20 17.8045 41.2311 44.5982 35.5106  38.833 25.8312 39.4081 31.3209      26 20.2485      27 38.2884 29.1548 42.0476 32.6497 14.8661 41.1461 4.47214 48.3839 38.6005 36.2215 24.3311 11.1803 15.0083 31.0644 31.4006       0 16.0312 20.3961 9.48683 34.4093 25.2389      16 15.6205 31.9061 51.4296      24       5  37.054
58.7282      13  32.311  50.448 43.0116 46.7547  45.793 20.0562 51.0882 47.0744 36.0694 35.1141  32.249 51.9711 28.4429 46.6154 47.7598 6.32456 38.0526 20.2237 56.3028 38.3275 38.8973 32.0156 18.4391  31.004 36.7151 38.2753 16.0312       0 24.1868 8.06226 46.2277 22.0907 23.3452 14.3178 28.0179 61.0737 40.0125  17.088 42.0476
36.3593 14.4222 20.1246 26.9072 24.5967 25.0799 21.6333  13.537 29.5466 35.7351 14.5602 22.8473 8.06226 33.3766 9.89949 22.8035 33.3766 18.0278 22.0227 19.6977 32.2025 18.3848      16 8.94427 9.21954 27.9508   12.53 14.2127 20.3961 24.1868       0   17.72 25.2982 10.0499 5.65685      10 14.7648 37.4833 34.4093 15.5242 18.0278
50.9117 11.4018 24.3516 43.0116 39.4588 38.8973 38.9102 18.1177 43.1856 39.4588 28.3196 27.2029  25.632  43.909 24.0832 40.5216 39.8497 5.38516  35.171 13.0384 49.2443 34.0588 33.3766 24.6982 10.6301 24.2539 30.0832  31.305 9.48683 8.06226   17.72       0 38.2884 18.6815 15.8114 9.05539 25.2982 53.6004 33.1361 9.21954 35.7351
13.0384 39.3954 18.0278 10.7703 37.6962 2.23607 15.6205 38.5649       5 21.4709 10.7703 17.2627  20.025 9.48683 31.0161 22.8035 15.8114 41.0488 39.0512 30.5287 18.6815   32.28 25.2982 16.4924 27.8029 28.9353 18.2483 15.2971 34.4093 46.2277 25.2982 38.2884       0 34.7131 23.3238      34 37.0135 18.2483 28.2843 30.4795 20.1246
44.7772 9.21954 29.7321 34.4819 21.0238 34.2053 27.8029 4.03113 38.6005  45.607 24.1868  32.573 15.2315 43.1856  6.7082 26.4008 43.4166      16 16.4924 26.1725 38.2884 16.2788 18.0278 18.2483 15.6205 36.1006  18.868 21.4709 25.2389 22.0907 10.0499 18.6815 34.7131       0 14.8661 9.84886  6.7082 44.6542 43.4166 21.2603 22.6274
35.4683 16.4924 14.8661 27.2029 30.0167 23.6008 23.4094 17.7553 28.0179 30.8058 12.8062   17.72      11 30.3645 15.5563 26.0768 29.0172 17.8045 27.6586 14.5602  33.541 23.7065 20.3961 8.94427 5.38516 22.2991 15.1327 15.8114      16 23.3452 5.65685 15.8114 23.3238 14.8661       0 10.7703 20.2485 37.8021 28.8444      11  21.095
45.8039       6 24.0208 36.7696 30.4138 34.1321 31.6228 10.2591 38.5876 40.1123 23.3238 27.0185 18.0278 41.1096 15.0333  32.311 39.1152 8.06226 26.2488 17.2047 42.2019   25.02 24.7386 18.4391 8.06226 27.9508 22.4722 24.2074 15.6205 14.3178      10 9.05539      34 9.84886 10.7703       0 16.5529 47.3814 36.0555 12.2066 27.7308
 45.607 15.0333 34.8855 34.7851 15.1327 36.1248  27.313 8.01561 40.3113 50.3289 27.1662 37.5766      17 46.0435       6 24.2074 47.5395 22.2036 10.0499 32.6497 37.2156 11.6619 15.8114 21.2132 21.9317  42.193 19.4165 22.3607 31.9061 28.0179 14.7648 25.2982 37.0135  6.7082 20.2485 16.5529       0 44.2832 49.0918 27.8029 21.4709
8.06226 51.7397 36.1386 10.6301 38.2099 16.4924      17 48.6749      14 37.6563 25.5539 35.5106 29.8329 21.8403 38.9487 21.3776 31.5753 55.2268 41.9762  47.927       8  35.171 28.7924 29.0689 43.0116 47.1832  25.807 23.4307 51.4296 61.0737 37.4833 53.6004 18.2483 44.6542 37.8021 47.3814 44.2832       0 46.0109 47.0106 22.8473
39.1152 41.7612 14.8661  38.833 57.3149 30.4138 41.2311 45.6426 32.0156 10.8167 27.7849 13.0384 36.1248 25.4951 44.2041 47.4131 15.8114 38.3275 55.9732 20.0998 46.8722 50.9313  45.607  31.241 28.2312 9.01388 38.0132 36.3593      24 40.0125 34.4093 33.1361 28.2843 43.4166 28.8444 36.0555 49.0918 46.0109       0 24.5153 43.0465
43.4166 17.4642 15.2315 36.6742 39.9249 31.4006 33.9559 22.4109 35.4683 30.2655 21.4709 18.0278      22 35.2278 24.5967  37.054 30.6757      14 36.7151       5 43.6578 33.8378  31.257 19.4165 6.32456 15.9765 26.0768 26.4764       5  17.088 15.5242 9.21954 30.4795 21.2603      11 12.2066 27.8029 47.0106 24.5153       0 32.0624
25.0799 30.8058 28.6356 14.0357   17.72 18.3848 6.08276 26.5377  21.587  39.598 15.2643 30.0167  10.198 29.5466 16.4012       5 34.8281 35.7771      20 35.0571 15.8114      13 6.08276 13.1529 26.3059 39.6894       6  6.7082  37.054 42.0476 18.0278 35.7351 20.1246 22.6274  21.095 27.7308 21.4709 22.8473 43.0465 32.0624       0

