      0 14.8661 43.0174 33.4552 15.3379 14.4222 29.5466 18.3576 24.5967 20.8087 18.0278 12.2066 31.7805 19.0263 36.2215      24      14   40.05   44.78 28.0179 4.12311      35 18.3848 23.7697 29.8329 25.6125 35.1141 28.6356 17.4929 15.5242 24.7386      39 12.2066 44.7214 38.5876 25.0799 44.0114 9.84886 47.7598 32.8024
14.8661       0 45.5247 34.1211    28.5 3.60555 34.0588 4.47214 17.2627 31.7805 14.4222  21.587 26.9258 33.2415  32.573 23.6008       5      37 43.8321 34.9857 13.0384 33.1059 31.0644 19.6977 31.8904 35.7351 38.2099 24.3516 11.1803 20.5913 27.5862   42.45 4.47214 48.7955 44.0454      30 36.0555 5.09902      50 39.9625
43.0174 45.5247       0 11.7154    35.5 41.9345 13.7295 43.8463  31.504 28.6094 31.1849 31.4086 23.5053 39.7555 19.0394 21.9659 49.5227 16.5076 10.3078 17.5642 39.6548 15.5081 33.5932 26.9537 13.7295 25.1098 7.90569 24.0104 34.6771 27.5772 18.5607 4.52769  41.503 5.52268 9.30054 18.0693 30.5041 43.4108 4.74342 15.5081
33.4552 34.1211 11.7154       0 29.4109 30.5164  8.8459 32.2219 19.8305 23.9426 19.7041 23.0489  12.659 34.7311 9.96243 10.5475 38.3308 10.2591 11.5109    14.5 29.7195 5.85235 28.4297 15.2398   4.272 22.3439     6.5 12.5399 23.1138 18.0624 9.01388 9.96243 30.2696 16.1012    14.5 10.9659 22.9401  32.423 15.9452 16.1012
15.3379    28.5    35.5 29.4109       0 26.6693 22.1416 30.7612 30.6472 7.43303 23.7539 9.01388  33.738  6.0208 36.1006 23.9008 28.9353 38.6943 40.6263 18.0624 15.5322 33.3204 3.20156 27.2809 25.1446 12.2984 28.1114 30.8099 25.5392    14.5 20.8147  31.004 24.5815 35.4295 28.5351  18.554 47.1832 23.5213 40.0281 21.7083
14.4222 3.60555 41.9345 30.5164 26.6693       0 30.6105 4.12311 14.0357 29.2746 10.8167  19.105 23.5372 31.7805 29.1204      20 8.24621 33.5261 40.2647 31.7648 11.7047 29.5466 29.0172 16.1555 28.3196 32.9848 34.6554 20.8806 7.61577 17.4642 24.0832 38.8973 2.23607 45.2548 40.6079 26.6271 33.2415       5 46.4004 36.7151
29.5466 34.0588 13.7295  8.8459 22.1416 30.6105       0 33.2866 23.5372 15.8114 20.5913   17.72 19.4165 26.9258 18.3576 12.3693 37.4833  19.105 18.8481 5.65685 26.4197 14.4222 20.6155 18.4391 5.38516 13.6015       6 18.0278 24.1868 14.4222  6.7082 9.48683 29.7321 15.2643      10 4.47214  31.305 31.1448 18.4391 8.06226
18.3576 4.47214 43.8463 32.2219 30.7612 4.12311 33.2866       0 13.9284 33.1361 12.8062 23.0217 23.7697 35.9026 29.5466 21.9317 9.21954 34.0147 41.2462 34.9285 15.8114 30.5287 33.0606 17.2047 30.4795 36.6742 36.8782 21.4709 9.21954 20.8806 26.6271 41.1096 6.32456 47.5079 43.2666 29.5296      32 8.60233 48.1664 39.8121
24.5967 17.2627  31.504 19.8305 30.6472 14.0357 23.5372 13.9284       0 29.7321 7.07107 21.6333 9.84886 36.6197 15.6525 11.1803 22.2036 20.1246 27.6089 27.0185 20.5913 17.0294 31.7648 5.09902 19.3132 31.5753 25.4951 7.81025 7.28011 16.5529 17.1172 29.5296 15.0333 35.8469 32.8938 21.0238 19.6469 18.1108 35.4683  31.257
20.8087 31.7805 28.6094 23.9426 7.43303 29.2746 15.8114 33.1361 29.7321       0 23.5372  10.198 30.6105 11.1803 31.8904 20.8087 33.2415 33.8378 34.6446 11.0454 19.6977 28.6007       5 25.4951 19.7231       5  21.587 28.0179 26.1725 13.3417 16.2788 24.0832 27.4591 28.1603 21.2132 13.0384 43.9318 27.2029 33.0151 14.3178
18.0278 14.4222 31.1849 19.7041 23.7539 10.8167 20.5913 12.8062 7.07107 23.5372       0 14.7648 14.0357 29.6816  19.105 9.21954 18.7883 23.3452 29.6184 22.8035 13.9284 18.9737 25.0799       6 17.6918 26.0192 24.0832      11 3.60555  10.198 13.8924 28.3196 10.7703 34.7131 30.5287  17.088      26 13.3417  35.609 27.5136
12.2066  21.587 31.4086 23.0489 9.01388  19.105   17.72 23.0217 21.6333  10.198 14.7648       0 25.2389      15 28.2312 15.6525 23.2594 31.3209 34.5579 15.8114      10 25.9615 10.4403 18.3848      19 14.3178 23.5372 22.2036 16.7631 5.83095 14.0357 27.2029 17.2627 32.6956 26.4197 13.3417 38.6005  17.088 36.1386 20.6155
31.7805 26.9258 23.5053  12.659  33.738 23.5372 19.4165 23.7697 9.84886 30.6105 14.0357 25.2389       0 39.6989 5.83095 9.89949 31.7805 10.2956 18.0624 24.3516 27.6586 8.06226 33.9411 8.06226 14.1421 30.8869  19.105 3.16228 16.1245 19.4165 14.7648  22.561 24.1868 28.4605  27.074 18.7883 13.4536  27.074 26.9258 27.4591
19.0263 33.2415 39.7555 34.7311  6.0208 31.7805 26.9258 35.9026 36.6197 11.1803 29.6816      15 39.6989       0 41.8808 29.8329 33.0151 44.2945 45.6974 22.2036 20.2237 38.9487 6.32456 33.3017 30.4631 15.0333 32.7567 36.7967  31.305 20.5183 26.4197 35.2278 29.6142 39.0128 32.0156 23.7697 53.1507 28.1603 44.1022   25.02
36.2215  32.573 19.0394 9.96243 36.1006 29.1204 18.3576 29.5466 15.6525 31.8904  19.105 28.2312 5.83095 41.8808       0 12.6491 37.3631 4.47214 12.3794 23.8537 32.1403 4.12311  35.805 13.1529 13.0384  31.241 16.2788 8.24621  21.587 22.4722 15.6205      19 29.6142 24.3311 24.1868  19.105      13 32.3883 21.9317      26
     24 23.6008 21.9659 10.5475 23.9008      20 12.3693 21.9317 11.1803 20.8087 9.21954 15.6525 9.89949 29.8329 12.6491       0 27.7849 16.1245 21.1009 16.0312  20.025      11 24.0416 6.08276 8.60233 21.5407      15  7.2111 12.7279 9.84886       6 19.2094 19.7231 25.6125 21.9317 10.0499 23.3452 21.9317 26.4008 20.0998
     14       5 49.5227 38.3308 28.9353 8.24621 37.4833 9.21954 22.2036 33.2415 18.7883 23.2594 31.7805 33.0151 37.3631 27.7849       0 41.7612 48.3865 37.8021 13.6015 37.6962 31.7805 24.3516  35.805 37.5766 42.0119 29.1204 15.8114 23.4307  31.241 46.2277 8.06226 52.4976 47.3814 33.2415 41.0488 6.40312 54.0833 42.8019
  40.05      37 16.5076 10.2591 38.6943 33.5261  19.105 34.0147 20.1246 33.8378 23.3452 31.3209 10.2956 44.2945 4.47214 16.1245 41.7612       0 8.32166 24.7588 36.0139 5.38516 38.0789 17.4642 14.2127 32.5576 15.6525 12.6491 25.9615 25.7099 17.8885 17.4642 33.9559      22 23.0868 20.8087 14.0357 36.6742 18.6815 26.0768
  44.78 43.8321 10.3078 11.5109 40.6263 40.2647 18.8481 41.2462 27.6089 34.6446 29.6184 34.5579 18.0624 45.6974 12.3794 21.1009 48.3865 8.32166       0 24.1506  40.942 10.7355 39.3732 24.1506 15.6285 32.2064 13.4629 19.8305 32.6535 29.5169 20.5244 13.1244 40.3887 15.6605 18.9011 22.0737 21.2897 42.8515 11.0114  23.817
28.0179 34.9857 17.5642    14.5 18.0624 31.7648 5.65685 34.9285 27.0185 11.0454 22.8035 15.8114 24.3516 22.2036 23.8537 16.0312 37.8021 24.7588 24.1506       0 25.4951      20 16.0312      22 10.8167 8.06226 10.7703  22.561 26.2488 14.4222 10.0499 13.0384 30.5287 17.4642 10.7703       6 36.7151 31.4006      22       5
4.12311 13.0384 39.6548 29.7195 15.5322 11.7047 26.4197 15.8114 20.5913 19.6977 13.9284      10 27.6586 20.2237 32.1403  20.025 13.6015 36.0139  40.942 25.4951       0 31.0161 18.2483 19.6469 26.2488 24.1868 31.7805 24.5153 13.6015  12.083 21.1896 35.7771 9.48683 41.6773  35.805 21.9545 39.9249       8 44.3847 30.4138
     35 33.1059 15.5081 5.85235 33.3204 29.5466 14.4222 30.5287 17.0294 28.6007 18.9737 25.9615 8.06226 38.9487 4.12311      11 37.6962 5.38516 10.7355      20 31.0161       0 32.7567 13.4164 9.21954 27.5862 12.1655 9.21954 21.9317 20.3961   12.53 15.0333 29.7321 20.6155 20.0998 15.6205  17.088   32.28  18.868 21.9317
18.3848 31.0644 33.5932 28.4297 3.20156 29.0172 20.6155 33.0606 31.7648       5 25.0799 10.4403 33.9411 6.32456  35.805 24.0416 31.7805 38.0789 39.3732 16.0312 18.2483 32.7567       0 28.0179 24.1661 9.48683 26.4764 31.1448 27.2029 15.2643 20.2485 29.0689      27 33.1361 26.1725 17.4642 47.3814 26.1725 38.0132 19.2354
23.7697 19.6977 26.9537 15.2398 27.2809 16.1555 18.4391 17.2047 5.09902 25.4951       6 18.3848 8.06226 33.3017 13.1529 6.08276 24.3516 17.4642 24.1506      22 19.6469 13.4164 28.0179       0 14.3178 26.9258 20.5913       5   8.544 12.8062 12.0416 24.6982 16.4924 31.0644 27.8568      16 20.5913 19.2354 31.1127 26.1725
29.8329 31.8904 13.7295   4.272 25.1446 28.3196 5.38516 30.4795 19.3132 19.7231 17.6918      19 14.1421 30.4631 13.0384 8.60233  35.805 14.2127 15.6285 10.8167 26.2488 9.21954 24.1661 14.3178       0 18.3848 6.40312 13.0384 21.2603 14.3178 5.09902 10.6301 27.8029 17.0294 13.6015  6.7082 25.9422 29.6816 18.3576 13.3417
25.6125 35.7351 25.1098 22.3439 12.2984 32.9848 13.6015 36.6742 31.5753       5 26.0192 14.3178 30.8869 15.0333  31.241 21.5407 37.5766 32.5576 32.2064 8.06226 24.1868 27.5862 9.48683 26.9258 18.3848       0 18.7883 28.6356 29.0172 16.0312 16.1245 20.6155 31.3209      24      17 12.2066 43.8292 31.3847 29.2746      10
35.1141 38.2099 7.90569     6.5 28.1114 34.6554       6 36.8782 25.4951  21.587 24.0832 23.5372  19.105 32.7567 16.2788      15 42.0119 15.6525 13.4629 10.7703 31.7805 12.1655 26.4764 20.5913 6.40312 18.7883       0 18.6815 27.6586 19.6977 10.8167 4.24264 34.0588 10.6301       8  10.198 29.1204  35.805 12.6491 10.6301
28.6356 24.3516 24.0104 12.5399 30.8099 20.8806 18.0278 21.4709 7.81025 28.0179      11 22.2036 3.16228 36.7967 8.24621  7.2111 29.1204 12.6491 19.8305  22.561 24.5153 9.21954 31.1448       5 13.0384 28.6356 18.6815       0 13.3417 16.4012 12.6491 22.4722 21.3776 28.6356 26.4764 16.7631 16.4012 24.1868 27.8029 26.0768
17.4929 11.1803 34.6771 23.1138 25.5392 7.61577 24.1868 9.21954 7.28011 26.1725 3.60555 16.7631 16.1245  31.305  21.587 12.7279 15.8114 25.9615 32.6535 26.2488 13.6015 21.9317 27.2029   8.544 21.2603 29.0172 27.6586 13.3417       0      13 17.4929 31.8904 8.06226 38.2884 34.1321 20.6155 26.9258      11 39.0512 31.0161
15.5242 20.5913 27.5772 18.0624    14.5 17.4642 14.4222 20.8806 16.5529 13.3417  10.198 5.83095 19.4165 20.5183 22.4722 9.84886 23.4307 25.7099 29.5169 14.4222  12.083 20.3961 15.2643 12.8062 14.3178 16.0312 19.6977 16.4012      13       0 9.21954 23.7065 16.1245 29.6816 24.0832      10 32.8024 17.0294  32.311 19.4165
24.7386 27.5862 18.5607 9.01388 20.8147 24.0832  6.7082 26.6271 17.1172 16.2788 13.8924 14.0357 14.7648 26.4197 15.6205       6  31.241 17.8885 20.5244 10.0499 21.1896   12.53 20.2485 12.0416 5.09902 16.1245 10.8167 12.6491 17.4929 9.21954       0      15 23.3452 21.2603 16.6433 4.12311 27.8029      25 23.2594 14.1421
     39   42.45 4.52769 9.96243  31.004 38.8973 9.48683 41.1096 29.5296 24.0832 28.3196 27.2029  22.561 35.2278      19 19.2094 46.2277 17.4642 13.1244 13.0384 35.7771 15.0333 29.0689 24.6982 10.6301 20.6155 4.24264 22.4722 31.8904 23.7065      15       0 38.2884 6.40312 5.83095 13.9284 31.4006      40 9.05539 11.1803
12.2066 4.47214  41.503 30.2696 24.5815 2.23607 29.7321 6.32456 15.0333 27.4591 10.7703 17.2627 24.1868 29.6142 29.6142 19.7231 8.06226 33.9559 40.3887 30.5287 9.48683 29.7321      27 16.4924 27.8029 31.3209 34.0588 21.3776 8.06226 16.1245 23.3452 38.2884       0 44.5982 39.6989 25.6125 34.5254 3.16228 46.0435 35.5106
44.7214 48.7955 5.52268 16.1012 35.4295 45.2548 15.2643 47.5079 35.8469 28.1603 34.7131 32.6956 28.4605 39.0128 24.3311 25.6125 52.4976      22 15.6605 17.4642 41.6773 20.6155 33.1361 31.0644 17.0294      24 10.6301 28.6356 38.2884 29.6816 21.2603 6.40312 44.5982       0       7 19.7231 36.0139 46.2277 6.40312      14
38.5876 44.0454 9.30054    14.5 28.5351 40.6079      10 43.2666 32.8938 21.2132 30.5287 26.4197  27.074 32.0156 24.1868 21.9317 47.3814 23.0868 18.9011 10.7703  35.805 20.0998 26.1725 27.8568 13.6015      17       8 26.4764 34.1321 24.0832 16.6433 5.83095 39.6989       7       0 14.1421 36.8782 41.0122 12.6491       7
25.0799      30 18.0693 10.9659  18.554 26.6271 4.47214 29.5296 21.0238 13.0384  17.088 13.3417 18.7883 23.7697  19.105 10.0499 33.2415 20.8087 22.0737       6 21.9545 15.6205 17.4642      16  6.7082 12.2066  10.198 16.7631 20.6155      10 4.12311 13.9284 25.6125 19.7231 14.1421       0 31.6228 26.8701 22.8035 10.4403
44.0114 36.0555 30.5041 22.9401 47.1832 33.2415  31.305      32 19.6469 43.9318      26 38.6005 13.4536 53.1507      13 23.3452 41.0488 14.0357 21.2897 36.7151 39.9249  17.088 47.3814 20.5913 25.9422 43.8292 29.1204 16.4012 26.9258 32.8024 27.8029 31.4006 34.5254 36.0139 36.8782 31.6228       0 37.6563  32.249      39
9.84886 5.09902 43.4108  32.423 23.5213       5 31.1448 8.60233 18.1108 27.2029 13.3417  17.088  27.074 28.1603 32.3883 21.9317 6.40312 36.6742 42.8515 31.4006       8   32.28 26.1725 19.2354 29.6816 31.3847  35.805 24.1868      11 17.0294      25      40 3.16228 46.2277 41.0122 26.8701 37.6563       0 48.0208 36.4005
47.7598      50 4.74342 15.9452 40.0281 46.4004 18.4391 48.1664 35.4683 33.0151  35.609 36.1386 26.9258 44.1022 21.9317 26.4008 54.0833 18.6815 11.0114      22 44.3847  18.868 38.0132 31.1127 18.3576 29.2746 12.6491 27.8029 39.0512  32.311 23.2594 9.05539 46.0435 6.40312 12.6491 22.8035  32.249 48.0208       0 19.4165
32.8024 39.9625 15.5081 16.1012 21.7083 36.7151 8.06226 39.8121  31.257 14.3178 27.5136 20.6155 27.4591   25.02      26 20.0998 42.8019 26.0768  23.817       5 30.4138 21.9317 19.2354 26.1725 13.3417      10 10.6301 26.0768 31.0161 19.4165 14.1421 11.1803 35.5106      14       7 10.4403      39 36.4005 19.4165       0


