      0 29.0689 42.0119 36.1248 11.1803 26.9258 5.09902  34.176 33.9411 5.59017 27.2029 13.4164 38.5876  6.7082 43.0116 34.0147   32.28 47.8539 49.8197 28.8617 15.2315 45.5439  12.083 31.4006 30.0666 16.9189 9.48683 43.1393 29.4279 22.8035 26.0192 38.0526 24.6982 41.5933 39.3192 22.2036 53.2353 35.3553 47.3814 32.5576
29.0689       0 52.1536 26.0768 36.0555 12.6491 24.0208 14.3178 26.4764 34.5145 27.2947 26.9258 36.1386 35.3553 45.8803 36.2491 11.1803 52.9245 41.0488 46.8615      17 54.6374 36.4005 28.7924 41.8688 38.9134 28.2312 32.0624 46.0109 10.6301 3.16228 50.6063   12.53 56.0803 53.2635      40  49.163  19.105 60.2163 48.7955
42.0119 52.1536       0 31.6228 32.5576      40 43.1856 43.1393 29.2062 43.4885      25 30.4138 21.0238 39.6232 12.0416 17.0294 44.5982 9.43398 30.1496 16.1245 38.2753 3.64005 31.5753 24.7588 12.0416 26.8002 33.0606  32.311 14.3178 41.6773 49.7393       5 39.6611 8.06226  6.7082 20.3961 24.5153 39.0512 8.60233 12.2066
36.1248 26.0768 31.6228       0 34.9285 14.1421 33.3017      13       3  41.003 11.1803 24.1868 11.4018 39.1152 22.0227 14.7648 15.5242 29.2062 15.5242 34.2345 22.2036 32.9735 34.5398 8.06226 25.7099 33.4701 28.3019  7.2111 32.3883 18.6815   25.02 32.2025 15.5242 38.0132 35.3412 30.0666 23.0868 8.06226 40.2244 33.9559
11.1803 36.0555 32.5576 34.9285       0      30 14.8661  37.054 32.2025 11.0114 24.1868 11.1803 33.9706 7.07107 35.8469 28.3196 36.0139 39.5601 46.2277 18.1108 19.4165 36.1836       1 28.3019 21.1896  6.0208 8.06226 41.1825      19 27.2947 32.8938 28.1603 28.0179 31.0644      29 12.1655  47.634 36.6742 37.0135 22.0227
26.9258 12.6491      40 14.1421      30       0 22.8254 7.28011 14.0357  32.423      15  19.105 23.5372 31.7805 33.2415 23.7065 6.08276 40.3113 29.6142 36.7151 11.7047 42.2995 30.0167 16.1555 30.4795 31.0846 22.0227 20.8806 35.5106       5 11.0454 38.8973 2.23607 44.5533 41.7253 30.4631      37 9.21954 48.2701 38.0132
5.09902 24.0208 43.1856 33.3017 14.8661 22.8254       0 29.9666 31.4006    10.5 25.4951 13.0384 37.1618 11.7047 42.7551 33.2415 27.8568 48.1664 47.7074 31.3847 11.4018 46.5967 15.6205 29.5296 31.1448 19.9812  10.198 40.4599 31.6228 18.3848      21 39.6232 20.5913 43.6807 41.2311 24.3516      52 31.6228 49.2443 34.7851
 34.176 14.3178 43.1393      13  37.054 7.28011 29.9666       0 14.4222 39.6894  18.868      26 24.1868 39.0512 34.6699 26.1725 3.16228 41.8808 27.0185 42.1545 18.9737 44.9694 37.0135 18.3848 34.9857 37.7127 29.1548 18.0278 40.7185 11.6619 14.3178 42.8019 9.48683 48.6004 45.8039 36.4005 35.6931 5.09902 51.6624 42.9418
33.9411 26.4764 29.2062       3 32.2025 14.0357 31.4006 14.4222       0 38.6685 8.24621 21.6333 9.84886 36.6197 20.2485 12.2066 16.5529 27.4591 16.5529  31.257 20.5913 30.7612 31.7805 5.09902 22.8035 30.5655  25.807 9.21954 29.4279 18.1108 25.0799 29.5296 15.0333 35.3553 32.6497  27.074 23.0217 9.89949 37.8021 31.0483
5.59017 34.5145 43.4885  41.003 11.0114  32.423    10.5 39.6894 38.6685       0 31.4841 17.3566    42.5 4.03113 45.8939 37.4733 37.8451 50.1423 54.1503 29.0388 20.7183  47.101 12.0104 35.7246 31.8944      17 13.1244 47.8879 30.0042 28.3769    31.5 39.1567 30.2035 42.0268 40.0031 23.1355 56.8705 40.6971 48.0026 33.0038
27.2029 27.2947      25 11.1803 24.1868      15 25.4951  18.868 8.24621 31.4841       0 14.1421 11.7047 29.0689 19.2354 9.21954 19.8494 25.9615 22.6716 23.7697 16.1245 27.3542 23.7065 4.24264 16.1245 22.3215 18.3848      17 22.1359  17.088 25.0799 24.0832 14.7648 29.8329 27.0185      19 26.5707 15.8114 33.3017 24.1661
13.4164 26.9258 30.4138 24.1868 11.1803  19.105 13.0384      26 21.6333 17.3566 14.1421       0 25.2389      15 29.8329 20.6155 25.1794 35.1283 36.7967 20.6155      10  33.738 11.0454 18.3848 18.4391 12.1758 4.24264 30.8058 20.2485  17.088 23.8537 27.2029 17.2627 31.7805 29.1548 13.4536 39.8246 25.4951      37 23.3238
38.5876 36.1386 21.0238 11.4018 33.9706 23.5372 37.1618 24.1868 9.84886    42.5 11.7047 25.2389       0 39.6989 10.6301 6.32456 26.4008 17.8045   12.53 27.4591 27.6586 21.9146 33.3017 8.06226 18.2483 30.6472 29.4109 11.4018  25.318  27.074 34.5254  22.561 24.1868 28.1603 25.7099 25.4951 14.8661 19.4165 29.5296 26.0192
 6.7082 35.3553 39.6232 39.1152 7.07107 31.7805 11.7047 39.0512 36.6197 4.03113 29.0689      15 39.6989       0 42.4853 34.4093 37.4833 46.4866 51.6236   25.02 20.2237 43.2464 8.06226 33.3017 28.1603 13.0096 10.8167 45.8039 26.0192 28.1603  32.249 35.2278 29.6142 38.0132 36.0139 19.2354 53.8238 39.5601      44      29
43.0116 45.8803 12.0416 22.0227 35.8469 33.2415 42.7551 34.6699 20.2485 45.8939 19.2354 29.8329 10.6301 42.4853       0 10.0499 36.7151  7.2111 18.1108 23.8537 35.0143 11.8849 34.9857  17.088 15.5563 31.1006 33.5261  21.095 21.6333 36.1386 43.9659 15.2971 33.5261      20 18.1108 24.8395 13.4164      30 19.9249 21.0238
34.0147 36.2491 17.0294 14.7648 28.3196 23.7065 33.2415 26.1725 12.2066 37.4733 9.21954 20.6155 6.32456 34.4093 10.0499       0 27.8029 16.7631 18.7883 21.2132      25 18.8215 27.5862 7.81025 12.0416 24.6018 24.5967 17.0294  19.105 26.2488  34.176 17.4642 23.7697 23.2594 20.6155 19.2354 19.4165 22.0227 25.6125  20.025
  32.28 11.1803 44.5982 15.5242 36.0139 6.08276 27.8568 3.16228 16.5529 37.8451 19.8494 25.1794 26.4008 37.4833 36.7151 27.8029       0  43.909      30 42.4853 17.2627 46.6181 36.0555      20  35.805 37.1652      28      21 41.1825 9.48683 11.1803 43.9318       8  49.679 46.8615 36.4005 38.4708       8 53.0377  43.566
47.8539 52.9245 9.43398 29.2062 39.5601 40.3113 48.1664 41.8808 27.4591 50.1423 25.9615 35.1283 17.8045 46.4866  7.2111 16.7631  43.909       0 23.4094 24.8395 41.3038 7.15891 38.6264 24.1661 18.3848 34.2235 38.4708 27.8029 22.8035 43.0116 50.9215 14.2127 40.4969  17.088 16.1245 27.7308      16 37.2022      15 21.2132
49.8197 41.0488 30.1496 15.5242 46.2277 29.6142 47.7074 27.0185 16.5529 54.1503 22.6716 36.7967   12.53 51.6236 18.1108 18.7883      30 23.4094       0 39.5601 37.1214 29.7195  45.607 18.4391 30.3645 43.1422 41.0366       9 37.3631 34.2053 40.3113 33.0151 31.0483 38.0526      36 38.0132      10      22  37.855 37.6563
28.8617 46.8615 16.1245 34.2345 18.1108 36.7151 31.3847 42.1545  31.257 29.0388 23.7697 20.6155 27.4591   25.02 23.8537 21.2132 42.4853 24.8395 39.5601       0 30.4138 19.6787 17.1172 26.1725 9.21954 12.0934 21.4709 38.0526 2.23607 36.4005 43.9318 11.1803 35.5106      13 11.1803  7.2111 37.2156 39.5601 19.0263 4.12311
15.2315      17 38.2753 22.2036 19.4165 11.7047 11.4018 18.9737 20.5913 20.7183 16.1245      10 27.6586 20.2237 35.0143      25 17.2627 41.3038 37.1214 30.4138       0 41.2826 19.6469 19.6469 26.8328 21.9146 11.4018 29.4109 29.8329       8 13.8924 35.7771 9.48683 40.8167 38.0789 23.3452   42.45 20.2485  45.618 32.8024
45.5439 54.6374 3.64005 32.9735 36.1836 42.2995 46.5967 44.9694 30.7612  47.101 27.3542  33.738 21.9146 43.2464 11.8849 18.8215 46.6181 7.15891 29.7195 19.6787 41.2826       0  35.203 26.6317    15.5 30.4385 36.5137 32.8824 17.9234 44.2747 52.3283     8.5   42.11 10.0623 9.55249  24.026 23.0489 40.6602 8.13941 15.6924
 12.083 36.4005 31.5753 34.5398       1 30.0167 15.6205 37.0135 31.7805 12.0104 23.7065 11.0454 33.3017 8.06226 34.9857 27.5862 36.0555 38.6264  45.607 17.1172 19.6469  35.203       0 27.7849 20.2485 5.02494 8.24621 40.7063      18 27.4591 33.2415 27.1662 28.0713 30.0666      28 11.1803 46.8615 36.4966 36.0139 21.0238
31.4006 28.7924 24.7588 8.06226 28.3019 16.1555 29.5296 18.3848 5.09902 35.7246 4.24264 18.3848 8.06226 33.3017  17.088 7.81025      20 24.1661 18.4391 26.1725 19.6469 26.6317 27.7849       0   17.72 26.1008 22.6274      13 24.3311 19.2354 26.9258 24.6982 16.4924 30.5287 27.7849 22.2036 22.8035 14.4222 33.3017 25.9615
30.0666 41.8688 12.0416 25.7099 21.1896 30.4795 31.1448 34.9857 22.8035 31.8944 16.1245 18.4391 18.2483 28.1603 15.5563 12.0416  35.805 18.3848 30.3645 9.21954 26.8328    15.5 20.2485   17.72       0 15.8824 21.0238      29 7.07107  31.241 39.2046 8.94427 29.6985 14.2127 11.4018 9.43398 28.6007 31.7805 18.7883 8.24621
16.9189 38.9134 26.8002 33.4701  6.0208 31.0846 19.9812 37.7127 30.5655      17 22.3215 12.1758 30.6472 13.0096 31.1006 24.6018 37.1652 34.2235 43.1422 12.0934 21.9146 30.4385 5.02494 26.1008 15.8824       0 11.0114 39.0928 13.0096 29.2617 35.7946 22.2767 29.3471  25.045 23.0054     6.5 43.4885 36.5137  31.004 16.0078
9.48683 28.2312 33.0606 28.3019 8.06226 22.0227  10.198 29.1548  25.807 13.1244 18.3848 4.24264 29.4109 10.8167 33.5261 24.5967      28 38.4708 41.0366 21.4709 11.4018 36.5137 8.24621 22.6274 21.0238 11.0114       0      35 21.5407 19.2354 25.0799 29.4279      20 33.5261 31.0483 14.3178  43.909 29.1204 39.0512 24.6982
43.1393 32.0624  32.311  7.2111 41.1825 20.8806 40.4599 18.0278 9.21954 47.8879      17 30.8058 11.4018 45.8039  21.095 17.0294      21 27.8029       9 38.0526 29.4109 32.8824 40.7063      13      29 39.0928      35       0 36.0139  25.632 31.4006 33.9559 22.4722 39.5601  37.108 34.9285 18.0278      13 40.7185  37.054
29.4279 46.0109 14.3178 32.3883      19 35.5106 31.6228 40.7185 29.4279 30.0042 22.1359 20.2485  25.318 26.0192 21.6333  19.105 41.1825 22.8035 37.3631 2.23607 29.8329 17.9234      18 24.3311 7.07107 13.0096 21.5407 36.0139       0 35.4683 43.1393 9.48683 34.4093 12.1655      10 7.28011 34.9857 37.9473 18.0278 3.16228
22.8035 10.6301 41.6773 18.6815 27.2947       5 18.3848 11.6619 18.1108 28.3769  17.088  17.088  27.074 28.1603 36.1386 26.2488 9.48683 43.0116 34.2053 36.4005       8 44.2747 27.4591 19.2354  31.241 29.2617 19.2354  25.632 35.4683       0 8.06226      40 3.16228 45.4533  42.638 29.6816 41.1096 14.2127 49.6488 38.2099
26.0192 3.16228 49.7393   25.02 32.8938 11.0454      21 14.3178 25.0799    31.5 25.0799 23.8537 34.5254  32.249 43.9659  34.176 11.1803 50.9215 40.3113 43.9318 13.8924 52.3283 33.2415 26.9258 39.2046 35.7946 25.0799 31.4006 43.1393 8.06226       0 48.0104 10.4403 53.4135 50.6063 37.0135 48.0104 18.6815 57.6888 45.9674
38.0526 50.6063       5 32.2025 28.1603 38.8973 39.6232 42.8019 29.5296 39.1567 24.0832 27.2029  22.561 35.2278 15.2971 17.4642 43.9318 14.2127 33.0151 11.1803 35.7771     8.5 27.1662 24.6982 8.94427 22.2767 29.4279 33.9559 9.48683      40 48.0104       0 38.2884 5.83095 3.16228 16.0312 28.4605 39.1152 9.84886  7.2111
24.6982   12.53 39.6611 15.5242 28.0179 2.23607 20.5913 9.48683 15.0333 30.2035 14.7648 17.2627 24.1868 29.6142 33.5261 23.7697       8 40.4969 31.0483 35.5106 9.48683   42.11 28.0713 16.4924 29.6985 29.3471      20 22.4722 34.4093 3.16228 10.4403 38.2884       0 43.8634 41.0366 29.0689 38.0526 11.3137 47.8017 37.0135
41.5933 56.0803 8.06226 38.0132 31.0644 44.5533 43.6807 48.6004 35.3553 42.0268 29.8329 31.7805 28.1603 38.0132      20 23.2594  49.679  17.088 38.0526      13 40.8167 10.0623 30.0666 30.5287 14.2127  25.045 33.5261 39.5601 12.1655 45.4533 53.4135 5.83095 43.8634       0 2.82843 19.4165 32.5576 44.9444 6.08276 9.05539
39.3192 53.2635  6.7082 35.3412      29 41.7253 41.2311 45.8039 32.6497 40.0031 27.0185 29.1548 25.7099 36.0139 18.1108 20.6155 46.8615 16.1245      36 11.1803 38.0789 9.55249      28 27.7849 11.4018 23.0054 31.0483  37.108      10  42.638 50.6063 3.16228 41.0366 2.82843       0 17.1172 31.0483   42.19 8.06226 7.07107
22.2036      40 20.3961 30.0666 12.1655 30.4631 24.3516 36.4005  27.074 23.1355      19 13.4536 25.4951 19.2354 24.8395 19.2354 36.4005 27.7308 38.0132  7.2111 23.3452  24.026 11.1803 22.2036 9.43398     6.5 14.3178 34.9285 7.28011 29.6816 37.0135 16.0312 29.0689 19.4165 17.1172       0 37.5366 34.3657 25.1794 10.4403
53.2353  49.163 24.5153 23.0868  47.634      37      52 35.6931 23.0217 56.8705 26.5707 39.8246 14.8661 53.8238 13.4164 19.4165 38.4708      16      10 37.2156   42.45 23.0489 46.8615 22.8035 28.6007 43.4885  43.909 18.0278 34.9857 41.1096 48.0104 28.4605 38.0526 32.5576 31.0483 37.5366       0 30.5941      31 34.4384
35.3553  19.105 39.0512 8.06226 36.6742 9.21954 31.6228 5.09902 9.89949 40.6971 15.8114 25.4951 19.4165 39.5601      30 22.0227       8 37.2022      22 39.5601 20.2485 40.6602 36.4966 14.4222 31.7805 36.5137 29.1204      13 37.9473 14.2127 18.6815 39.1152 11.3137 44.9444   42.19 34.3657 30.5941       0  47.634 39.9249
47.3814 60.2163 8.60233 40.2244 37.0135 48.2701 49.2443 51.6624 37.8021 48.0026 33.3017      37 29.5296      44 19.9249 25.6125 53.0377      15  37.855 19.0263  45.618 8.13941 36.0139 33.3017 18.7883  31.004 39.0512 40.7185 18.0278 49.6488 57.6888 9.84886 47.8017 6.08276 8.06226 25.1794      31  47.634       0      15
32.5576 48.7955 12.2066 33.9559 22.0227 38.0132 34.7851 42.9418 31.0483 33.0038 24.1661 23.3238 26.0192      29 21.0238  20.025  43.566 21.2132 37.6563 4.12311 32.8024 15.6924 21.0238 25.9615 8.24621 16.0078 24.6982  37.054 3.16228 38.2099 45.9674  7.2111 37.0135 9.05539 7.07107 10.4403 34.4384 39.9249      15       0

