      0 48.3011 44.1814 59.9416 38.4708 31.6228 34.6554 47.7598 29.2746  27.074 53.4509 13.6015 32.0156 44.2945 41.4367 63.8122 57.9396 44.9444  64.622 68.0661      51 29.7321 51.0882 24.5153 15.5563 4.03113 17.1172 34.7131 19.3256 58.6003 23.8537 53.7267 31.3847 46.0435   50.01 46.0977 39.9625 44.9222 70.8308      44 81.8352
48.3011       0 26.0192 50.9902  61.327 34.5398 50.6952 38.0526 22.8035 63.8905  38.833 43.8634 68.4105 43.1856 28.0713 57.0701 11.0454 6.08276 49.0408      26 46.0435      23 26.2488 25.4951 33.8378 50.6779 56.5862 17.4929 45.2866 10.4403 24.6982 56.0175 41.2311 6.40312 22.1359 12.1655 9.05539      35 60.7289 78.7718 70.9366
44.1814 26.0192       0  25.632 39.6989 15.2315      29 12.0416      17 47.8853 13.8924 33.2415 51.3128   17.72 3.60555 31.6228 26.9258 20.0998 25.6125 28.0179  20.025 35.3836 7.07107 21.9317 36.2491    44.5 43.9659 14.8661  51.698 30.3645 29.4109 30.0958 20.8087 30.5941 7.81025 14.0357 26.9258 9.05539 36.2353 59.4643 47.1699
59.9416 50.9902  25.632       0 35.5106 29.2062 29.1548 14.4222      40 51.0098 12.1655 46.5188 52.1536 15.6525 25.0599 6.08276 49.0102 45.3542 8.06226 42.3792 8.94427 59.9083 25.0799 43.9318 57.3149 58.6366 52.1728 39.8246 72.6284      53 52.6308 12.8825 28.6356 56.0446 29.1548  38.833 52.5547 18.0278 11.3137 55.3624 22.6274
38.4708  61.327 39.6989 35.5106       0 26.8328 10.8167   32.45 39.5601 17.4642 37.5899 26.9258 17.1172 24.6982 36.2353      36 65.7343 55.4617 43.1741 67.2086 28.7924 56.0357 45.2769 39.4588 45.5412 35.2456 23.3452 44.0114 56.9059 68.6003 47.0425    23.6 20.1246 63.2456 47.4236 51.6236   57.28 32.6497 43.0465 20.5913 51.9711
31.6228 34.5398 15.2315 29.2062 26.8328       0 16.1555 16.1555 14.0357 32.7567 21.8403  19.105 36.4005 14.2127 11.7047 33.9411 39.2046 28.6356 33.1059 43.0465 20.5183 33.5261 22.1359 16.1555 28.3196 31.0846 28.8617 17.4642 43.4681 41.8808 25.0799 26.6563  6.7082 36.8782 22.8254      25  31.257 13.3417 40.4599 45.3431 51.7397
34.6554 50.6952      29 29.1548 10.8167 16.1555       0 22.8473 29.4279 22.0907 28.4605 21.4009 24.0416 15.5242 25.4951 31.3209 54.9181 44.7772 36.0139 56.7274 21.0238 47.1699 34.8281      30 38.2753 32.2684 23.4094 33.5261 51.3817 57.8014 38.2099 19.7677 9.48683 52.8867 36.7696 40.8167 47.0744 22.4722 38.6005 30.6105 48.8467
47.7598 38.0526 12.0416 14.4222   32.45 16.1555 22.8473       0 25.6125 44.3847       6 34.9285 46.8188 7.81025 10.7703 20.1246 38.0789 32.1403      17  35.609       8 45.4863 14.3178 29.6985 43.4166 47.0558 43.0116 25.4951 58.8802 41.7732 38.2884 18.3183      18 42.5793   17.72      26 38.6005 3.60555 25.6125      53 36.8782
29.2746 22.8035      17      40 39.5601 14.0357 29.4279 25.6125       0 41.1096 29.7321 21.6333  45.607 26.9258 15.6205 45.4863 30.2324 17.6918 41.7732  38.833  32.249 20.1246 23.0868 5.09902 19.3132 30.5655 34.2053 5.83095 34.7056 31.8904 12.7279 40.0345 20.0998 23.7697 21.2132  17.088   17.72 22.0227  51.225 56.0803  62.482
 27.074 63.8905 47.8853 51.0098 17.4642 32.7567 22.0907 44.3847 41.1096       0 50.2195 21.0238 5.09902 37.4833 44.2945  52.469 70.7672 58.7282 58.0775 75.8024 43.1045 52.2015 54.5619  38.833 39.0512 23.1355      10 46.6905 46.3905 72.8354 43.8634 40.2139  27.313 64.0703 55.5698 56.7274 57.6888 43.3244 59.6825 17.1172 69.1231
53.4509  38.833 13.8924 12.1655 37.5899 21.8403 28.4605       6 29.7321 50.2195       0 40.7922 52.4976      13 14.1421 18.2483 37.1214 33.2415 12.0416  32.249      10 49.0408      13 34.2053 48.2597 52.8796 49.0102 28.6007 63.7909 41.0488   42.45 20.3066      24 43.9659 17.0294 26.6833 40.7185   8.544 22.3607 58.1808 33.2866
13.6015 43.8634 33.2415 46.5188 26.9258  19.105 21.4009 34.9285 21.6333 21.0238 40.7922       0      26 30.8707 30.0666 50.2494 51.8652 39.2046 51.5461 59.4643 37.5766 31.3209 40.3113 18.3848      19 12.1758 12.7279 27.4591 30.2338 53.4135 22.8473 40.1542 17.8885 43.4166  40.025 38.4708 37.0135 32.3883 57.3062 37.6431 68.2642
32.0156 68.4105 51.3128 52.1536 17.1172 36.4005 24.0416 46.8188  45.607 5.09902 52.4976      26       0 39.5601 47.7074 53.0377 74.9533 63.1269 59.5399 79.3221 44.7214 57.2451 57.8014  43.566 44.1475 28.0401 15.0333 51.0882 51.2999 77.1557 48.8467 40.6492 30.5287 68.7968 59.0762 60.8276  62.434 46.0977 60.1332 12.0416 69.0507
44.2945 43.1856   17.72 15.6525 24.6982 14.2127 15.5242 7.81025 26.9258 37.4833      13 30.8707 39.5601       0 15.1327 19.8494 44.5982 37.1214 21.2132 43.2782  6.7082 47.0106 21.6333 30.0167 42.5206 43.0029 37.2156 28.4429 57.5628 48.0833 38.9487 13.2575      13 47.0106 24.5967 31.5753 42.2966 8.94427 26.6271 45.2769 37.8021
41.4367 28.0713 3.60555 25.0599 36.2353 11.7047 25.4951 10.7703 15.6205 44.2945 14.1421 30.0666 47.7074 15.1327       0 30.8707 29.9666 22.0227 26.1725 31.6228 18.4391      35 10.4403 20.2485 34.4819 41.5482 40.5216 14.7648 50.0128 33.2415 28.3196 28.0064 17.2047 32.1403 11.4018 16.4924 27.8927 7.28011 36.0555 55.9017 47.2017
63.8122 57.0701 31.6228 6.08276      36 33.9411 31.3209 20.1246 45.4863  52.469 18.2483 50.2494 53.0377 19.8494 30.8707       0      55 51.4198 11.6619 47.8017 13.4536 65.5134 31.1448 49.2037 62.2415 62.2113 54.7083  45.618 77.3866 59.0085 58.0086    12.4   32.45 62.0967 35.2278  44.911 58.5235 23.7065 7.28011 54.9181 18.0278
57.9396 11.0454 26.9258 49.0102 65.7343 39.2046 54.9181 38.0789 30.2324 70.7672 37.1214 51.8652 74.9533 44.5982 29.9666      55       0      13 45.3982 15.8114 45.8912 34.0147 24.1868      34 44.1475 59.9604  64.405 24.4131 56.2288 4.12311 34.9285 56.3805 45.8039 16.7631 20.3961 14.2127      20 35.7351 57.4282 84.5044 66.7083
44.9444 6.08276 20.0998 45.3542 55.4617 28.6356 44.7772 32.1403 17.6918 58.7282 33.2415 39.2046 63.1269 37.1214 22.0227 51.4198      13       0 43.8634  25.318 40.1123 22.8035 21.0238  21.095 31.4006 46.9707 51.8556 12.0416 44.3157 14.2127 22.2036 50.0016 35.3412 10.7703      17  6.7082 9.43398 29.0172 55.3624 73.2393 65.7951
 64.622 49.0408 25.6125 8.06226 43.1741 33.1059 36.0139      17 41.7732 58.0775 12.0416 51.5461 59.5399 21.2132 26.1725 11.6619 45.3982 43.8634       0 36.6742      15  60.959 22.8473 46.2277 60.2163 63.7201 58.4209 40.4599 75.7303 49.4975 54.4885 20.9418 33.9559  54.626 26.9258 37.1618 51.9711 20.2485 12.0416 63.2456 21.9317
68.0661      26 28.0179 42.3792 67.2086 43.0465 56.7274  35.609  38.833 75.8024  32.249 59.4643 79.3221 43.2782 31.6228 47.8017 15.8114  25.318 36.6742       0   42.19 48.0521 21.9317  43.566 56.0089 69.3704 71.1758 33.3766 69.5736  19.105 47.0106 52.5467 48.8262 32.2025 20.2485 22.0907 34.2053 34.6554 48.3735 87.3212 56.0357
     51 46.0435  20.025 8.94427 28.7924 20.5183 21.0238       8  32.249 43.1045      10 37.5766 44.7214  6.7082 18.4391 13.4536 45.8912 40.1123      15   42.19       0 52.3546 21.8403  35.805 48.7955 49.7016  43.566 32.8938  63.985 49.6488 44.6542 10.5622 19.6977 50.4876 25.4951      34 46.3249 11.1803      20 49.2443  31.241
29.7321      23 35.3836 59.9083 56.0357 33.5261 47.1699 45.4863 20.1246 52.2015 49.0408 31.3209 57.2451 47.0106      35 65.5134 34.0147 22.8035  60.959 48.0521 52.3546       0 39.8246 17.4642 14.2127 33.1097 42.9535 20.5183 22.3759 33.1361       9 60.0213 38.6394 18.4391 36.6197 27.7308 14.0357 41.8808 71.0282 68.9638  82.201
51.0882 26.2488 7.07107 25.0799 45.2769 22.1359 34.8281 14.3178 23.0868 54.5619      13 40.3113 57.8014 21.6333 10.4403 31.1448 24.1868 21.0238 22.8473 21.9317 21.8403 39.8246       0 28.1603 42.3792 51.5097 50.9608 19.7231 57.6462 28.0713 34.8855 32.3938 27.2947 31.7805 4.12311 14.3178 29.4109 12.8062 34.4819  65.437 44.7772
24.5153 25.4951 21.9317 43.9318 39.4588 16.1555      30 29.6985 5.09902  38.833 34.2053 18.3848  43.566 30.0167 20.2485 49.2037      34  21.095 46.2277  43.566  35.805 17.4642 28.1603       0 14.3178 26.1008 31.1127  10.198 29.8007 35.2278 8.94427 42.7874 21.2132 25.2389 26.3059  21.587  18.868 26.1725 55.2268 54.5619 66.5282
15.5563 33.8378 36.2491 57.3149 45.5412 28.3196 38.2753 43.4166 19.3132 39.0512 48.2597      19 44.1475 42.5206 34.4819 62.2415 44.1475 31.4006 60.2163 56.0089 48.7955 14.2127 42.3792 14.3178       0 18.9011 29.4109 23.3452 15.5396 44.2719 9.21954 54.4184 31.3847 30.8869 40.2616 34.0147 25.0799      40 68.6222 56.0892 79.9312
4.03113 50.6779    44.5 58.6366 35.2456 31.0846 32.2684 47.0558 30.5655 23.1355 52.8796 12.1758 28.0401 43.0029 41.5482 62.2113 59.9604 46.9707 63.7201 69.3704 49.7016 33.1097 51.5097 26.1008 18.9011       0 13.2382 36.2112 23.2622 60.8543 26.6317 51.6954 30.0042 48.8083 50.7469 47.6051 42.6058 44.4213 69.3271 40.0031 80.1888
17.1172 56.5862 43.9659 52.1728 23.3452 28.8617 23.4094 43.0116 34.2053      10 49.0102 12.7279 15.0333 37.2156 40.5216 54.7083  64.405 51.8556 58.4209 71.1758  43.566 42.9535 50.9608 31.1127 29.4109 13.2382       0      40 36.4428 66.0681 34.9857 43.0948   25.02 56.0803  51.264  50.774  49.679 41.1947 61.9839  27.074 72.2357
34.7131 17.4929 14.8661 39.8246 44.0114 17.4642 33.5261 25.4951 5.83095 46.6905 28.6007 27.4591 51.0882 28.4429 14.7648  45.618 24.4131 12.0416 40.4599 33.3766 32.8938 20.5183 19.7231  10.198 23.3452 36.2112      40       0 38.2005 26.1725 15.2315 41.6984 24.0416 19.4165  17.088 11.4018      14 21.9317  50.774 61.2944 61.8547
19.3256 45.2866  51.698 72.6284 56.9059 43.4681 51.3817 58.8802 34.7056 46.3905 63.7909 30.2338 51.2999 57.5628 50.0128 77.3866 56.2288 44.3157 75.7303 69.5736  63.985 22.3759 57.6462 29.8007 15.5396 23.2622 36.4428 38.2005       0 55.5039 23.0495 68.9107 45.7349 40.7711 55.2818 48.0883 36.2447 55.4967 83.9123 63.2383 95.2034
58.6003 10.4403 30.3645      53 68.6003 41.8808 57.8014 41.7732 31.8904 72.8354 41.0488 53.4135 77.1557 48.0833 33.2415 59.0085 4.12311 14.2127 49.4975  19.105 49.6488 33.1361 28.0713 35.2278 44.2719 60.8543 66.0681 26.1725 55.5039       0 35.1141 60.0913 48.5489 15.0333 24.1868      17 19.4165 39.2938 61.5224 87.0057 70.8308
23.8537 24.6982 29.4109 52.6308 47.0425 25.0799 38.2099 38.2884 12.7279 43.8634   42.45 22.8473 48.8467 38.9487 28.3196 58.0086 34.9285 22.2036 54.4885 47.0106 44.6542       9 34.8855 8.94427 9.21954 26.6317 34.9857 15.2315 23.0495 35.1141       0 51.7258 29.8329 22.2036  32.311 25.1794 16.1245 34.7131 63.8905  60.407 75.1665
53.7267 56.0175 30.0958 12.8825    23.6 26.6563 19.7677 18.3183 40.0345 40.2139 20.3066 40.1542 40.6492 13.2575 28.0064    12.4 56.3805 50.0016 20.9418 52.5467 10.5622 60.0213 32.3938 42.7874 54.4184 51.6954 43.0948 41.6984 68.9107 60.0913 51.7258       0 23.1767 60.1079 35.9939 44.1312 55.5226 21.0466 19.5028  42.785 29.1678
31.3847 41.2311 20.8087 28.6356 20.1246  6.7082 9.48683      18 20.0998  27.313      24 17.8885 30.5287      13 17.2047   32.45 45.8039 35.3412 33.9559 48.8262 19.6977 38.6394 27.2947 21.2132 31.3847 30.0042   25.02 24.0416 45.7349 48.5489 29.8329 23.1767       0 43.4166 28.6007 31.6228 37.6563 16.2788 39.4462 38.8973 50.4777
46.0435 6.40312 30.5941 56.0446 63.2456 36.8782 52.8867 42.5793 23.7697 64.0703 43.9659 43.4166 68.7968 47.0106 32.1403 62.0967 16.7631 10.7703  54.626 32.2025 50.4876 18.4391 31.7805 25.2389 30.8869 48.8083 56.0803 19.4165 40.7711 15.0333 22.2036 60.1079 43.4166       0 27.7308 17.4642 6.40312 39.3192 66.1287 79.6492 76.5572
  50.01 22.1359 7.81025 29.1548 47.4236 22.8254 36.7696   17.72 21.2132 55.5698 17.0294  40.025 59.0762 24.5967 11.4018 35.2278 20.3961      17 26.9258 20.2485 25.4951 36.6197 4.12311 26.3059 40.2616 50.7469  51.264  17.088 55.2818 24.1868  32.311 35.9939 28.6007 27.7308       0 10.2956 25.6125 15.6525 38.6005 67.2681 48.8467
46.0977 12.1655 14.0357  38.833 51.6236      25 40.8167      26  17.088 56.7274 26.6833 38.4708 60.8276 31.5753 16.4924  44.911 14.2127  6.7082 37.1618 22.0907      34 27.7308 14.3178  21.587 34.0147 47.6051  50.774 11.4018 48.0883      17 25.1794 44.1312 31.6228 17.4642 10.2956       0 15.5563 23.0868 48.7032 70.2922 59.0931
39.9625 9.05539 26.9258 52.5547   57.28  31.257 47.0744 38.6005   17.72 57.6888 40.7185 37.0135  62.434 42.2966 27.8927 58.5235      20 9.43398 51.9711 34.2053 46.3249 14.0357 29.4109  18.868 25.0799 42.6058  49.679      14 36.2447 19.4165 16.1245 55.5226 37.6563 6.40312 25.6125 15.5563       0  35.171 63.0714 73.3553 73.8241
44.9222      35 9.05539 18.0278 32.6497 13.3417 22.4722 3.60555 22.0227 43.3244   8.544 32.3883 46.0977 8.94427 7.28011 23.7065 35.7351 29.0172 20.2485 34.6554 11.1803 41.8808 12.8062 26.1725      40 44.4213 41.1947 21.9317 55.4967 39.2938 34.7131 21.0466 16.2788 39.3192 15.6525 23.0868  35.171       0 29.2062 53.0094 40.4599
70.8308 60.7289 36.2353 11.3137 43.0465 40.4599 38.6005 25.6125  51.225 59.6825 22.3607 57.3062 60.1332 26.6271 36.0555 7.28011 57.4282 55.3624 12.0416 48.3735      20 71.0282 34.4819 55.2268 68.6222 69.3271 61.9839  50.774 83.9123 61.5224 63.8905 19.5028 39.4462 66.1287 38.6005 48.7032 63.0714 29.2062       0 61.5224 11.3137
     44 78.7718 59.4643 55.3624 20.5913 45.3431 30.6105      53 56.0803 17.1172 58.1808 37.6431 12.0416 45.2769 55.9017 54.9181 84.5044 73.2393 63.2456 87.3212 49.2443 68.9638  65.437 54.5619 56.0892 40.0031  27.074 61.2944 63.2383 87.0057  60.407  42.785 38.8973 79.6492 67.2681 70.2922 73.3553 53.0094 61.5224       0      69
81.8352 70.9366 47.1699 22.6274 51.9711 51.7397 48.8467 36.8782  62.482 69.1231 33.2866 68.2642 69.0507 37.8021 47.2017 18.0278 66.7083 65.7951 21.9317 56.0357  31.241  82.201 44.7772 66.5282 79.9312 80.1888 72.2357 61.8547 95.2034 70.8308 75.1665 29.1678 50.4777 76.5572 48.8467 59.0931 73.8241 40.4599 11.3137      69       0

