      1e+20 1.88828e+22 1.03697e+22 1.37481e+22 7.13863e+21     105.679     125.252     187.032     120.416     129.004       1e+40 1.88828e+32 1.03697e+32 1.37481e+32 7.13863e+31
1.88828e+22       1e+20 1.19887e+22 1.50416e+22 2.40832e+22     83.1865     67.8823      25.632     81.6088     98.2344 1.88828e+32       1e+40 1.19887e+32 1.50416e+32 2.40832e+32
1.03697e+22 1.19887e+22       1e+20 4.87647e+21 1.30587e+22     64.9384     56.0446     106.151          39     28.2312 1.03697e+32 1.19887e+32       1e+40 4.87647e+31 1.30587e+32
1.37481e+22 1.50416e+22 4.87647e+21       1e+20 1.40801e+22     112.272     97.3293     130.545      79.404     54.0833 1.37481e+32 1.50416e+32 4.87647e+31       1e+40 1.40801e+32
7.13863e+21 2.40832e+22 1.30587e+22 1.40801e+22       1e+20     161.617     173.113     232.845     162.049     158.777 7.13863e+31 2.40832e+32 1.30587e+32 1.40801e+32       1e+40
1.05679e+22 8.31865e+21 6.49384e+21 1.12272e+22 1.61617e+22       1e+10     27.8568     84.1724     38.2099     64.6375     105.679     83.1865     64.9384     112.272     161.617
1.25252e+22 6.78823e+21 5.60446e+21 9.73293e+21 1.73113e+22     27.8568       1e+10     61.8466          18     44.3847     125.252     67.8823     56.0446     97.3293     173.113
1.87032e+22  2.5632e+21 1.06151e+22 1.30545e+22 2.32845e+22     84.1724     61.8466       1e+10     70.8025     81.2712     187.032      25.632     106.151     130.545     232.845
1.20416e+22 8.16088e+21     3.9e+21  7.9404e+21 1.62049e+22     38.2099          18     70.8025       1e+10      27.313     120.416     81.6088          39      79.404     162.049
1.29004e+22 9.82344e+21 2.82312e+21 5.40833e+21 1.58777e+22     64.6375     44.3847     81.2712      27.313       1e+10     129.004     98.2344     28.2312     54.0833     158.777
      1e+40 1.88828e+32 1.03697e+32 1.37481e+32 7.13863e+31 1.05679e+22 1.25252e+22 1.87032e+22 1.20416e+22 1.29004e+22       1e+20 1.88828e+22 1.03697e+22 1.37481e+22 7.13863e+21
1.88828e+32       1e+40 1.19887e+32 1.50416e+32 2.40832e+32 8.31865e+21 6.78823e+21  2.5632e+21 8.16088e+21 9.82344e+21 1.88828e+22       1e+20 1.19887e+22 1.50416e+22 2.40832e+22
1.03697e+32 1.19887e+32       1e+40 4.87647e+31 1.30587e+32 6.49384e+21 5.60446e+21 1.06151e+22     3.9e+21 2.82312e+21 1.03697e+22 1.19887e+22       1e+20 4.87647e+21 1.30587e+22
1.37481e+32 1.50416e+32 4.87647e+31       1e+40 1.40801e+32 1.12272e+22 9.73293e+21 1.30545e+22  7.9404e+21 5.40833e+21 1.37481e+22 1.50416e+22 4.87647e+21       1e+20 1.40801e+22
7.13863e+31 2.40832e+32 1.30587e+32 1.40801e+32       1e+40 1.61617e+22 1.73113e+22 2.32845e+22 1.62049e+22 1.58777e+22 7.13863e+21 2.40832e+22 1.30587e+22 1.40801e+22       1e+20
