      1e+20 2.70801e+12     61.6117     119.616     105.385     100.722     81.0247     48.8774       1e+20 2.70801e+12
2.70801e+12       1e+20      212.85     216.889     181.728     227.864     249.227     221.923 2.70801e+12       1e+20
6.16117e+11  2.1285e+12       1e+10     76.4199     45.2769     63.6318     61.2944      21.095     61.6117      212.85
1.19616e+12 2.16889e+12     76.4199       1e+10     51.4782      20.025     46.2709     96.8969     119.616     216.889
1.05385e+12 1.81728e+12     45.2769     51.4782       1e+10     51.6624     68.2422          65     105.385     181.728
1.00722e+12 2.27864e+12     63.6318      20.025     51.6624       1e+10     26.6833      82.801     100.722     227.864
8.10247e+11 2.49227e+12     61.2944     46.2709     68.2422     26.6833       1e+10     75.8947     81.0247     249.227
4.88774e+11 2.21923e+12      21.095     96.8969          65      82.801     75.8947       1e+10     48.8774     221.923
      1e+20 2.70801e+12 6.16117e+11 1.19616e+12 1.05385e+12 1.00722e+12 8.10247e+11 4.88774e+11       1e+20 2.70801e+12
2.70801e+12       1e+20  2.1285e+12 2.16889e+12 1.81728e+12 2.27864e+12 2.49227e+12 2.21923e+12 2.70801e+12       1e+20
