      1e+20 2.77618e+12 1.34893e+12 8.00562e+11     117.712     91.2195     83.5225     129.004     67.4166     94.0053     126.495     106.677       1e+20 2.77618e+12 1.34893e+12 8.00562e+11
2.77618e+12       1e+20 1.58808e+12 2.10202e+12         180     188.152     236.812     149.164     247.518      210.06     171.234     211.896 2.77618e+12       1e+20 1.58808e+12 2.10202e+12
1.34893e+12 1.58808e+12       1e+20 1.01592e+12     21.2603     72.0902     78.1025     39.1152     89.9389     51.6236       12.53     53.6656 1.34893e+12 1.58808e+12       1e+20 1.01592e+12
8.00562e+11 2.10202e+12 1.01592e+12       1e+20     96.2549     29.8329     106.024     74.0608         100     93.8616     100.648     109.986 8.00562e+11 2.10202e+12 1.01592e+12       1e+20
1.17712e+12     1.8e+12 2.12603e+11 9.62549e+11       1e+10     68.7677     56.8507     49.4975      68.884     30.4138     9.43398     33.5261     117.712         180     21.2603     96.2549
9.12195e+11 1.88152e+12 7.20902e+11 2.98329e+11     68.7677       1e+10     90.4268     45.1774     89.0056     72.4983      72.111     87.7097     91.2195     188.152     72.0902     29.8329
8.35225e+11 2.36812e+12 7.81025e+11 1.06024e+12     56.8507     90.4268       1e+10     97.4166          17     26.9258     65.8559     28.6356     83.5225     236.812     78.1025     106.024
1.29004e+12 1.49164e+12 3.91152e+11 7.40608e+11     49.4975     45.1774     97.4166       1e+10     103.755     71.5891     46.4866     81.0555     129.004     149.164     39.1152     74.0608
6.74166e+11 2.47518e+12 8.99389e+11       1e+12      68.884     89.0056          17     103.755       1e+10     38.6005     78.2432      44.643     67.4166     247.518     89.9389         100
9.40053e+11  2.1006e+12 5.16236e+11 9.38616e+11     30.4138     72.4983     26.9258     71.5891     38.6005       1e+10     39.6989     16.2788     94.0053      210.06     51.6236     93.8616
1.26495e+12 1.71234e+12   1.253e+11 1.00648e+12     9.43398      72.111     65.8559     46.4866     78.2432     39.6989       1e+10     41.1461     126.495     171.234       12.53     100.648
1.06677e+12 2.11896e+12 5.36656e+11 1.09986e+12     33.5261     87.7097     28.6356     81.0555      44.643     16.2788     41.1461       1e+10     106.677     211.896     53.6656     109.986
      1e+20 2.77618e+12 1.34893e+12 8.00562e+11 1.17712e+12 9.12195e+11 8.35225e+11 1.29004e+12 6.74166e+11 9.40053e+11 1.26495e+12 1.06677e+12       1e+20 2.77618e+12 1.34893e+12 8.00562e+11
2.77618e+12       1e+20 1.58808e+12 2.10202e+12     1.8e+12 1.88152e+12 2.36812e+12 1.49164e+12 2.47518e+12  2.1006e+12 1.71234e+12 2.11896e+12 2.77618e+12       1e+20 1.58808e+12 2.10202e+12
1.34893e+12 1.58808e+12       1e+20 1.01592e+12 2.12603e+11 7.20902e+11 7.81025e+11 3.91152e+11 8.99389e+11 5.16236e+11   1.253e+11 5.36656e+11 1.34893e+12 1.58808e+12       1e+20 1.01592e+12
8.00562e+11 2.10202e+12 1.01592e+12       1e+20 9.62549e+11 2.98329e+11 1.06024e+12 7.40608e+11       1e+12 9.38616e+11 1.00648e+12 1.09986e+12 8.00562e+11 2.10202e+12 1.01592e+12       1e+20
