1e+20 2.42244e+12 3.04105e+12 3.10161e+11  2.7128e+12     129.402     137.058     131.643     180.081     173.003     85.1645     83.8153     172.131     151.796     80.6226     108.784     177.685      122.25     158.114     164.012     95.1262      133.24     115.802     102.318     128.082       1e+20 2.42244e+12 3.04105e+12 3.10161e+11  2.7128e+12
2.42244e+12       1e+20 2.96287e+12 2.27693e+12   1.264e+12     130.511      162.25     148.647     100.623     151.076     166.604     164.879     123.794     182.888     193.912     203.961     114.272      127.44     107.154     110.064     162.003     128.503     140.911     210.202      129.85 2.42244e+12       1e+20 2.96287e+12 2.27693e+12   1.264e+12
3.04105e+12 2.96287e+12       1e+20 2.73265e+12 1.84068e+12     227.669     188.809     205.139     210.706      167.41     247.752     253.269     192.284     163.028     229.652     196.881      197.96     244.591     222.441     213.063     237.438     225.089     233.414     202.319     230.489 3.04105e+12 2.96287e+12       1e+20 2.73265e+12 1.84068e+12
3.10161e+11 2.27693e+12 2.73265e+12       1e+20 2.45204e+12     106.438     108.227     104.785     156.387     144.347     62.9682     63.4114     146.031     121.342     51.0098     77.7946     152.427     102.416     135.506     140.236     71.1126     110.023     93.0591     71.3092     105.589 3.10161e+11 2.27693e+12 2.73265e+12       1e+20 2.45204e+12
 2.7128e+12   1.264e+12 1.84068e+12 2.45204e+12       1e+20     143.422     140.014     140.431     94.0213     106.005     186.682     189.061     99.2472     140.901     195.788     183.807      93.771     155.003     117.017     109.073     176.238     139.435     156.719     192.302     145.279  2.7128e+12   1.264e+12 1.84068e+12 2.45204e+12       1e+20
1.29402e+12 1.30511e+12 2.27669e+12 1.06438e+12 1.43422e+12       1e+10     43.0116          25     50.6952     62.0081     44.2719     45.8912     47.0744     70.5762     64.3817          75       50.01     16.9706     29.0689     34.7131     35.3553           4     13.6015     80.4114     2.82843     129.402     130.511     227.669     106.438     143.422
1.37058e+12  1.6225e+12 1.88809e+12 1.08227e+12 1.40014e+12     43.0116       1e+10     18.0278     64.8999     36.1248     61.2699      66.242     45.2769     27.7308     57.3149     46.0109     54.4885     58.6003     55.5428     52.3927     50.1199     41.9762     45.2217      54.037     45.5412     137.058      162.25     188.809     108.227     140.014
1.31643e+12 1.48647e+12 2.05139e+12 1.04785e+12 1.40431e+12          25     18.0278       1e+10     55.9732     44.2719       50.01     54.1202     41.4367     45.6946     55.9464     55.5698     48.7647     40.7063     41.5933     41.1096     38.6394     24.1868     28.2843      62.426     27.5136     131.643     148.647     205.139     104.785     140.431
1.80081e+12 1.00623e+12 2.10706e+12 1.56387e+12 9.40213e+11     50.6952     64.8999     55.9732       1e+10          51      94.921     96.5401     23.1948     82.5651     110.675     110.114     14.0357     61.0082          23     16.1555       85.44     46.8402     64.2884     117.593     52.1728     180.081     100.623     210.706     156.387     94.0213
1.73003e+12 1.51076e+12  1.6741e+12 1.44347e+12 1.06005e+12     62.0081     36.1248     44.2719          51       1e+10     94.1116     98.3717     28.1603     36.8782     93.4345     77.8203     37.0135     78.8733     55.9464     47.4342     82.7103     58.8982     70.7107     86.3308     64.8151     173.003     151.076      167.41     144.347     106.005
8.51645e+11 1.66604e+12 2.47752e+12 6.29682e+11 1.86682e+12     44.2719     61.2699       50.01      94.921     94.1116       1e+10     5.83095     88.0909     84.8116     33.0606     61.6847     92.9139     39.6989     73.1642      78.848     11.4018     48.0833     30.6757     62.3699     43.0813     85.1645     166.604     247.752     62.9682     186.682
8.38153e+11 1.64879e+12 2.53269e+12 6.34114e+11 1.89061e+12     45.8912      66.242     54.1202     96.5401     98.3717     5.83095       1e+10     91.0055     90.2718     38.0132     67.4166     95.3362     39.1152     74.3303      80.604     16.1245     49.8197     32.3883     67.9117     44.3847     83.8153     164.879     253.269     63.4114     189.061
1.72131e+12 1.23794e+12 1.92284e+12 1.46031e+12 9.92472e+11     47.0744     45.2769     41.4367     23.1948     28.1603     88.0909     91.0055       1e+10      59.808     97.3088     91.2853     9.84886     62.0322     30.4795     20.8087     77.3175     43.1741     59.3043     99.2472     49.4773     172.131     123.794     192.284     146.031     99.2472
1.51796e+12 1.82888e+12 1.63028e+12 1.21342e+12 1.40901e+12     70.5762     27.7308     45.6946     82.5651     36.8782     84.8116     90.2718      59.808       1e+10     71.5681     46.3897     69.6419     86.3308     79.0063     73.5527      74.411     69.2604     72.7186     54.7449     73.1642     151.796     182.888     163.028     121.342     140.901
8.06226e+11 1.93912e+12 2.29652e+12 5.10098e+11 1.95788e+12     64.3817     57.3149     55.9464     110.675     93.4345     33.0606     38.0132     97.3088     71.5681       1e+10     33.9706     104.652     67.1193     92.1954     94.8683     32.6956     67.1789     53.0094     31.7648     64.5368     80.6226     193.912     229.652     51.0098     195.788
1.08784e+12 2.03961e+12 1.96881e+12 7.77946e+11 1.83807e+12          75     46.0109     55.5698     110.114     77.8203     61.6847     67.4166     91.2853     46.3897     33.9706       1e+10     100.409     84.4808     97.1288     96.2601     55.9017     76.2168      68.469       8.544     76.4003     108.784     203.961     196.881     77.7946     183.807
1.77685e+12 1.14272e+12  1.9796e+12 1.52427e+12  9.3771e+11       50.01     54.4885     48.7647     14.0357     37.0135     92.9139     95.3362     9.84886     69.6419     104.652     100.409       1e+10     63.3482     27.7849     17.8885     82.5651     46.0109     63.0714     108.245     52.0865     177.685     114.272      197.96     152.427      93.771
 1.2225e+12  1.2744e+12 2.44591e+12 1.02416e+12 1.55003e+12     16.9706     58.6003     40.7063     61.0082     78.8733     39.6989     39.1152     62.0322     86.3308     67.1193     84.4808     63.3482       1e+10     38.0132     46.2709     34.6699          20     16.0312     88.6454     14.1421      122.25      127.44     244.591     102.416     155.003
1.58114e+12 1.07154e+12 2.22441e+12 1.35506e+12 1.17017e+12     29.0689     55.5428     41.5933          23     55.9464     73.1642     74.3303     30.4795     79.0063     92.1954     97.1288     27.7849     38.0132       1e+10          10     64.4127     25.5539     42.5441     103.774     30.0832     158.114     107.154     222.441     135.506     117.017
1.64012e+12 1.10064e+12 2.13063e+12 1.40236e+12 1.09073e+12     34.7131     52.3927     41.1096     16.1555     47.4342      78.848      80.604     20.8087     73.5527     94.8683     96.2601     17.8885     46.2709          10       1e+10     69.2892     30.8058     48.2701     103.407     36.3456     164.012     110.064     213.063     140.236     109.073
9.51262e+11 1.62003e+12 2.37438e+12 7.11126e+11 1.76238e+12     35.3553     50.1199     38.6394       85.44     82.7103     11.4018     16.1245     77.3175      74.411     32.6956     55.9017     82.5651     34.6699     64.4127     69.2892       1e+10     38.9102     22.2036     58.0345     34.6699     95.1262     162.003     237.438     71.1126     176.238
 1.3324e+12 1.28503e+12 2.25089e+12 1.10023e+12 1.39435e+12           4     41.9762     24.1868     46.8402     58.8982     48.0833     49.8197     43.1741     69.2604     67.1789     76.2168     46.0109          20     25.5539     30.8058     38.9102       1e+10     17.4642      81.939     6.32456      133.24     128.503     225.089     110.023     139.435
1.15802e+12 1.40911e+12 2.33414e+12 9.30591e+11 1.56719e+12     13.6015     45.2217     28.2843     64.2884     70.7107     30.6757     32.3883     59.3043     72.7186     53.0094      68.469     63.0714     16.0312     42.5441     48.2701     22.2036     17.4642       1e+10     72.7805       12.53     115.802     140.911     233.414     93.0591     156.719
1.02318e+12 2.10202e+12 2.02319e+12 7.13092e+11 1.92302e+12     80.4114      54.037      62.426     117.593     86.3308     62.3699     67.9117     99.2472     54.7449     31.7648       8.544     108.245     88.6454     103.774     103.407     58.0345      81.939     72.7805       1e+10     81.5966     102.318     210.202     202.319     71.3092     192.302
1.28082e+12  1.2985e+12 2.30489e+12 1.05589e+12 1.45279e+12     2.82843     45.5412     27.5136     52.1728     64.8151     43.0813     44.3847     49.4773     73.1642     64.5368     76.4003     52.0865     14.1421     30.0832     36.3456     34.6699     6.32456       12.53     81.5966       1e+10     128.082      129.85     230.489     105.589     145.279
      1e+20 2.42244e+12 3.04105e+12 3.10161e+11  2.7128e+12 1.29402e+12 1.37058e+12 1.31643e+12 1.80081e+12 1.73003e+12 8.51645e+11 8.38153e+11 1.72131e+12 1.51796e+12 8.06226e+11 1.08784e+12 1.77685e+12  1.2225e+12 1.58114e+12 1.64012e+12 9.51262e+11  1.3324e+12 1.15802e+12 1.02318e+12 1.28082e+12       1e+20 2.42244e+12 3.04105e+12 3.10161e+11  2.7128e+12
2.42244e+12       1e+20 2.96287e+12 2.27693e+12   1.264e+12 1.30511e+12  1.6225e+12 1.48647e+12 1.00623e+12 1.51076e+12 1.66604e+12 1.64879e+12 1.23794e+12 1.82888e+12 1.93912e+12 2.03961e+12 1.14272e+12  1.2744e+12 1.07154e+12 1.10064e+12 1.62003e+12 1.28503e+12 1.40911e+12 2.10202e+12  1.2985e+12 2.42244e+12       1e+20 2.96287e+12 2.27693e+12   1.264e+12
3.04105e+12 2.96287e+12       1e+20 2.73265e+12 1.84068e+12 2.27669e+12 1.88809e+12 2.05139e+12 2.10706e+12  1.6741e+12 2.47752e+12 2.53269e+12 1.92284e+12 1.63028e+12 2.29652e+12 1.96881e+12  1.9796e+12 2.44591e+12 2.22441e+12 2.13063e+12 2.37438e+12 2.25089e+12 2.33414e+12 2.02319e+12 2.30489e+12 3.04105e+12 2.96287e+12       1e+20 2.73265e+12 1.84068e+12
3.10161e+11 2.27693e+12 2.73265e+12       1e+20 2.45204e+12 1.06438e+12 1.08227e+12 1.04785e+12 1.56387e+12 1.44347e+12 6.29682e+11 6.34114e+11 1.46031e+12 1.21342e+12 5.10098e+11 7.77946e+11 1.52427e+12 1.02416e+12 1.35506e+12 1.40236e+12 7.11126e+11 1.10023e+12 9.30591e+11 7.13092e+11 1.05589e+12 3.10161e+11 2.27693e+12 2.73265e+12       1e+20 2.45204e+12
 2.7128e+12   1.264e+12 1.84068e+12 2.45204e+12       1e+20 1.43422e+12 1.40014e+12 1.40431e+12 9.40213e+11 1.06005e+12 1.86682e+12 1.89061e+12 9.92472e+11 1.40901e+12 1.95788e+12 1.83807e+12  9.3771e+11 1.55003e+12 1.17017e+12 1.09073e+12 1.76238e+12 1.39435e+12 1.56719e+12 1.92302e+12 1.45279e+12  2.7128e+12   1.264e+12 1.84068e+12 2.45204e+12       1e+20
