      1e+20 2.07183e+22 1.05991e+22 3.22025e+21 2.11547e+22     37.6962     80.3057     82.0061     92.3472     109.037     55.7315     94.0213     116.417     120.416     111.018     65.6049     115.521     70.1783     81.7068      128.32     62.3699     44.7772     99.8098     90.2441     97.0618     139.617     86.0523     70.5762     99.0202     105.081     72.0278     129.283     115.039     117.239     78.1601       1e+40 2.07183e+32 1.05991e+32 3.22025e+31 2.11547e+32
2.07183e+22       1e+20 1.02122e+22 1.94247e+22 8.60058e+21     170.751     130.361     126.254     119.218      106.93     151.463     137.058     92.0217     139.445     99.2975     184.253     106.677     189.235     142.271     80.0062      173.22     173.954     134.302     117.427     140.663     117.593     123.491      139.09     156.237      119.57     136.795     122.348      126.21     100.648     129.437 2.07183e+32       1e+40 1.02122e+32 1.94247e+32 8.60058e+31
1.05991e+22 1.02122e+22       1e+20   9.827e+21 1.29468e+22      68.884     39.4081     24.1868     34.7851     40.3113     50.5964     65.2534     10.4403     89.0056     28.1603     99.4887       50.01     106.212     61.2699     22.3607     86.5563      79.404      67.082     15.8114     72.0347     86.4002     32.7567          37       89.56      54.037     41.1096     81.2158     72.0278     43.9659     32.0156 1.05991e+32 1.02122e+32       1e+40   9.827e+31 1.29468e+32
3.22025e+21 1.94247e+22   9.827e+21       1e+20 1.87417e+22     43.0813     63.8905     76.8375     75.1864     89.6772     50.2096     68.0661     108.407     91.2853     95.0789     33.4215     94.0213     38.0789     57.1402     119.419     31.7648     20.3961     73.5459     82.9277     69.6419     112.641     70.8378     69.3542     68.6003     82.0549     58.1808     102.201     88.5268     97.4166     66.6483 3.22025e+31 1.94247e+32   9.827e+31       1e+40 1.87417e+32
2.11547e+22 8.60058e+21 1.29468e+22 1.87417e+22       1e+20     182.923      133.33      147.34     121.852     104.389     162.561     119.365     123.843     102.313     107.541     164.049     96.4624     166.027     130.614     116.043     157.715     168.467     113.991     138.679     118.512      77.026     129.356     160.016     126.099      106.48     142.618     87.0057     99.4082     96.2549     139.989 2.11547e+32 8.60058e+31 1.29468e+32 1.87417e+32       1e+40
3.76962e+21 1.70751e+22  6.8884e+21 4.30813e+21 1.82923e+22       1e+10     49.6588     44.7214     61.0983     78.5493     20.6155     72.8354     79.2465     102.825      77.666     66.1891      86.764     73.0616     60.1415     91.2414     56.2939     36.2215      78.492     53.3385     77.9872     116.825     53.7587     32.8938     86.4523     78.7718     40.3113     107.168     92.8493     86.7295     43.9318     37.6962     170.751      68.884     43.0813     182.923
8.03057e+21 1.30361e+22 3.94081e+21 6.38905e+21  1.3333e+22     49.6588       1e+10     29.0172     12.0416     29.1204     29.6816     31.5753     48.1041     61.0983     31.4006      60.208     37.1214     66.8431     23.3452     57.6281     47.3814     43.6578     35.7351     28.1603     38.4708     69.3542      7.2111     34.9285      54.037     30.4138     9.43398     60.6053     47.1699     37.3631     12.1655     80.3057     130.361     39.4081     63.8905      133.33
8.20061e+21 1.26254e+22 2.41868e+21 7.68375e+21  1.4734e+22     44.7214     29.0172       1e+10     32.6956     47.0106     27.2947      60.407     34.5254     89.0225          40     83.6481     57.2014     90.7855     52.0865     46.5296     70.6612     59.4643     64.1327     9.21954     67.3647     93.2952     25.9615     13.3417      83.006     55.5428          25     85.8662      73.736     53.7587     17.0294     82.0061     126.254     24.1868     76.8375      147.34
9.23472e+21 1.19218e+22 3.47851e+21 7.51864e+21 1.21852e+22     61.0983     12.0416     32.6956       1e+10     17.4642     40.7185     30.5941     41.6773     56.8859     19.9249     68.1175     26.4008     74.2765     27.2029     49.5782     55.8032     54.8179     33.0151     28.2843     37.4833     61.0328     7.81025     42.0119     54.8179     22.8473     20.8806     53.2353     41.1096      25.632      19.105     92.3472     119.218     34.7851     75.1864     121.852
1.09037e+22  1.0693e+22 4.03113e+21 8.96772e+21 1.04389e+22     78.5493     29.1204     47.0106     17.4642       1e+10     58.1808     31.8277     43.2897      49.366     13.3417     77.4145     10.2956     82.6801     35.3412     47.1699     66.3099     69.3542     31.0644     40.3113     37.2022     47.0106     25.0599          58     54.9181     15.6525     38.2753          41     32.1403     8.24621     36.0555     109.037      106.93     40.3113     89.6772     104.389
5.57315e+21 1.51463e+22 5.05964e+21 5.02096e+21 1.62561e+22     20.6155     29.6816     27.2947     40.7185     58.1808       1e+10     56.3028     61.0328     86.8217     57.0701     62.8172     66.7308     70.0928     44.2945     72.8011      50.636     34.8855     61.6117     34.7851     62.2656     98.3514     33.2415     19.4165     73.6817     59.6657     20.2485     89.1067     75.0733     66.3099     23.3452     55.7315     151.463     50.5964     50.2096     162.561
9.40213e+21 1.37058e+22 6.52534e+21 6.80661e+21 1.19365e+22     72.8354     31.5753      60.407     30.5941     31.8277     56.3028       1e+10     71.3092     30.5287     43.8292     48.0833     30.4138     52.3927     12.8062     77.5242     39.1152     49.6488     5.83095     58.0345           7      45.618          35     66.0984     24.3516     17.4929     38.6264     35.3553     21.0238     36.6197     43.7379     94.0213     137.058     65.2534     68.0661     119.365
1.16417e+22 9.20217e+21 1.04403e+21 1.08407e+22 1.23843e+22     79.2465     48.1041     34.5254     41.6773     43.2897     61.0328     71.3092       1e+10     92.6553     30.0666     108.301          52     114.865     68.7968     12.0416      95.483     89.3085     72.4224     26.2488     77.8332     87.1321     41.1096     47.0956     95.6347     58.2495     50.8035     83.0963     75.4255     45.0999     41.8808     116.417     92.0217     10.4403     108.407     123.843
1.20416e+22 1.39445e+22 8.90056e+21 9.12853e+21 1.02313e+22     102.825     61.0983     89.0225     56.8859      49.366     86.8217     30.5287     92.6553       1e+10     62.6498     63.1506     41.4849      64.195     42.8019     95.8019     59.6154     75.7166     25.4951     85.1587     24.8395     25.7099     63.0635     96.0052     24.1868     35.0143     68.8767     17.4929     17.2627     49.0408     73.0548     120.416     139.445     89.0056     91.2853     102.313
1.11018e+22 9.92975e+21 2.81603e+21 9.50789e+21 1.07541e+22      77.666     31.4006          40     19.9249     13.3417     57.0701     43.8292     30.0666     62.6498       1e+10     86.8389     22.0907     92.6175     44.8219     34.0147     74.9466     74.7262     43.8292     31.8277     49.7393     58.2409       25.02     52.4786     67.6018     28.7924          39     53.3385     45.3982     15.8114     33.7343     111.018     99.2975     28.1603     95.0789     107.541
6.56049e+21 1.84253e+22 9.94887e+21 3.34215e+21 1.64049e+22     66.1891      60.208     83.6481     68.1175     77.4145     62.8172     48.0833     108.301     63.1506     86.8389       1e+10     78.1857     7.28011       42.19     117.414     13.0384     30.0167     52.1728     86.5332     46.5296     87.2067     67.2086     81.2712     39.0512      65.192     59.3633     77.0584      65.192      83.672     68.5055     65.6049     184.253     99.4887     33.4215     164.049
1.15521e+22 1.06677e+22   5.001e+21 9.40213e+21 9.64624e+21      86.764     37.1214     57.2014     26.4008     10.2956     66.7308     30.4138          52     41.4849     22.0907     78.1857       1e+10     82.7647     37.4833     54.3415     68.1542      74.027     27.8029     50.6063     34.2053     36.7696     34.2053      67.897     50.9313          13     46.5296      31.257     24.3516     7.61577     45.4533     115.521     106.677       50.01     94.0213     96.4624
7.01783e+21 1.89235e+22 1.06212e+22 3.80789e+21 1.66027e+22     73.0616     66.8431     90.7855     74.2765     82.6801     70.0928     52.3927     114.865      64.195     92.6175     7.28011     82.7647       1e+10     47.8017     123.746     20.1246     37.0135     55.9732     93.4933          50     89.0056     73.7564     88.5438       40.05     69.7782     66.3702     79.1012     68.0661     88.5889     75.4718     70.1783     189.235     106.212     38.0789     166.027
8.17068e+21 1.42271e+22 6.12699e+21 5.71402e+21 1.30614e+22     60.1415     23.3452     52.0865     27.2029     35.3412     44.2945     12.8062     68.7968     42.8019     44.8219       42.19     37.4833     47.8017       1e+10     76.6942     31.0161      37.855     18.6011     51.4198     18.0278     58.1808     28.7924     55.9017     31.0644       25.02     28.2843     48.0208     33.6155     42.0595     35.0571     81.7068     142.271     61.2699     57.1402     130.614
 1.2832e+22 8.00062e+21 2.23607e+21 1.19419e+22 1.16043e+22     91.2414     57.6281     46.5296     49.5782     47.1699     72.8011     77.5242     12.0416     95.8019     34.0147     117.414     54.3415     123.746     76.6942       1e+10     104.805      99.985     77.8203     38.0789     83.6481      87.023      50.448     59.1354     101.533     62.7694     61.4003     84.3801     78.5875     46.8722     52.7731      128.32     80.0062     22.3607     119.419     116.043
6.23699e+21  1.7322e+22 8.65563e+21 3.17648e+21 1.57715e+22     56.2939     47.3814     70.6612     55.8032     66.3099      50.636     39.1152      95.483     59.6154     74.9466     13.0384     68.1542     20.1246     31.0161     104.805       1e+10     20.6155          44     73.4983     39.2046     81.7863     54.4518     68.6804     36.8917     55.3173     46.3249     71.3863     58.3095     73.0548     55.4707     62.3699      173.22     86.5563     31.7648     157.715
4.47772e+21 1.73954e+22  7.9404e+21 2.03961e+21 1.68467e+22     36.2215     43.6578     59.4643     54.8179     69.3542     34.8855     49.6488     89.3085     75.7166     74.7262     30.0167      74.027     37.0135      37.855      99.985     20.6155       1e+10     55.3624     64.5368     52.3259     95.0789     50.6952     54.2033     55.1543     62.3939     38.5876     84.6936     70.5762     77.1622     47.4342     44.7772     173.954      79.404     20.3961     168.467
9.98098e+21 1.34302e+22  6.7082e+21 7.35459e+21 1.13991e+22      78.492     35.7351     64.1327     33.0151     31.0644     61.6117     5.83095     72.4224     25.4951     43.8292     52.1728     27.8029     55.9732     18.6011     77.8203          44     55.3624       1e+10     61.0737     6.40312     39.8121     38.3275     70.5762     23.8537     15.6205      43.382     29.5296     15.2315     34.6554     47.8017     99.8098     134.302      67.082     73.5459     113.991
9.02441e+21 1.17427e+22 1.58114e+21 8.29277e+21 1.38679e+22     53.3385     28.1603     9.21954     28.2843     40.3113     34.7851     58.0345     26.2488     85.1587     31.8277     86.5332     50.6063     93.4933     51.4198     38.0789     73.4983     64.5368     61.0737       1e+10     65.0308     87.2067     23.0868      22.561     81.6149     50.6952     27.2029     80.4114     69.1231     46.4004     18.0278     90.2441     117.427     15.8114     82.9277     138.679
9.70618e+21 1.40663e+22 7.20347e+21 6.96419e+21 1.18512e+22     77.9872     38.4708     67.3647     37.4833     37.2022     62.2656           7     77.8332     24.8395     49.7393     46.5296     34.2053          50     18.0278     83.6481     39.2046     52.3259     6.40312     65.0308       1e+10     43.0116          42     72.8011     17.8885     21.9317     45.2217      32.573      19.105     41.0366      50.636     97.0618     140.663     72.0347     69.6419     118.512
1.39617e+22 1.17593e+22 8.64002e+21 1.12641e+22  7.7026e+21     116.825     69.3542     93.2952     61.0328     47.0106     98.3514      45.618     87.1321     25.7099     58.2409     87.2067     36.7696     89.0056     58.1808      87.023     81.7863     95.0789     39.8121     87.2067     43.0116       1e+10     68.6003     103.005     49.0918     38.9487      78.492     10.4403     24.5967       42.45     79.8123     139.617     117.593     86.4002     112.641      77.026
8.60523e+21 1.23491e+22 3.27567e+21 7.08378e+21 1.29356e+22     53.7587      7.2111     25.9615     7.81025     25.0599     33.2415          35     41.1096     63.0635       25.02     67.2086     34.2053     73.7564     28.7924      50.448     54.4518     50.6952     38.3275     23.0868          42     68.6003       1e+10     34.4093     58.5491     30.0167     14.0357     60.5392      47.927     33.1059     11.3137     86.0523     123.491     32.7567     70.8378     129.356
7.05762e+21  1.3909e+22     3.7e+21 6.93542e+21 1.60016e+22     32.8938     34.9285     13.3417     42.0119          58     19.4165     66.0984     47.0956     96.0052     52.4786     81.2712      67.897     88.5438     55.9017     59.1354     68.6804     54.2033     70.5762      22.561     72.8011     103.005     34.4093       1e+10     86.8332     64.3506     27.6586     94.8736     81.8841     65.2993     23.3238     70.5762      139.09          37     69.3542     160.016
9.90202e+21 1.56237e+22   8.956e+21 6.86003e+21 1.26099e+22     86.4523      54.037      83.006     54.8179     54.9181     73.6817     24.3516     95.6347     24.1868     67.6018     39.0512     50.9313       40.05     31.0644     101.533     36.8917     55.1543     23.8537     81.6149     17.8885     49.0918     58.5491     86.8332       1e+10     39.4081     59.3043     39.4588     30.4138     58.1378          66     99.0202     156.237       89.56     68.6003     126.099
1.05081e+22  1.1957e+22  5.4037e+21 8.20549e+21  1.0648e+22     78.7718     30.4138     55.5428     22.8473     15.6525     59.6657     17.4929     58.2495     35.0143     28.7924      65.192          13     69.7782       25.02     62.7694     55.3173     62.3939     15.6205     50.6952     21.9317     38.9487     30.0167     64.3506     39.4081       1e+10     39.6232     30.5287     18.4391     19.2094     41.0488     105.081      119.57      54.037     82.0549      106.48
7.20278e+21 1.36795e+22 4.11096e+21 5.81808e+21 1.42618e+22     40.3113     9.43398          25     20.8806     38.2753     20.2485     38.6264     50.8035     68.8767          39     59.3633     46.5296     66.3702     28.2843     61.4003     46.3249     38.5876      43.382     27.2029     45.2217      78.492     14.0357     27.6586     59.3043     39.6232       1e+10      69.527     55.8032     46.4866     9.21954     72.0278     136.795     41.1096     58.1808     142.618
1.29283e+22 1.22348e+22 8.12158e+21 1.02201e+22 8.70057e+21     107.168     60.6053     85.8662     53.2353          41     89.1067     35.3553     83.0963     17.4929     53.3385     77.0584      31.257     79.1012     48.0208     84.3801     71.3863     84.6936     29.5296     80.4114      32.573     10.4403     60.5392     94.8736     39.4588     30.5287      69.527       1e+10     14.4222     38.0132     71.5612     129.283     122.348     81.2158     102.201     87.0057
1.15039e+22  1.2621e+22 7.20278e+21 8.85268e+21 9.94082e+21     92.8493     47.1699      73.736     41.1096     32.1403     75.0733     21.0238     75.4255     17.2627     45.3982      65.192     24.3516     68.0661     33.6155     78.5875     58.3095     70.5762     15.2315     69.1231      19.105     24.5967      47.927     81.8841     30.4138     18.4391     55.8032     14.4222       1e+10     31.9531     58.5918     115.039      126.21     72.0278     88.5268     99.4082
1.17239e+22 1.00648e+22 4.39659e+21 9.74166e+21 9.62549e+21     86.7295     37.3631     53.7587      25.632     8.24621     66.3099     36.6197     45.0999     49.0408     15.8114      83.672     7.61577     88.5889     42.0595     46.8722     73.0548     77.1622     34.6554     46.4004     41.0366       42.45     33.1059     65.2993     58.1378     19.2094     46.4866     38.0132     31.9531       1e+10      43.909     117.239     100.648     43.9659     97.4166     96.2549
7.81601e+21 1.29437e+22 3.20156e+21 6.66483e+21 1.39989e+22     43.9318     12.1655     17.0294      19.105     36.0555     23.3452     43.7379     41.8808     73.0548     33.7343     68.5055     45.4533     75.4718     35.0571     52.7731     55.4707     47.4342     47.8017     18.0278      50.636     79.8123     11.3137     23.3238          66     41.0488     9.21954     71.5612     58.5918      43.909       1e+10     78.1601     129.437     32.0156     66.6483     139.989
      1e+40 2.07183e+32 1.05991e+32 3.22025e+31 2.11547e+32 3.76962e+21 8.03057e+21 8.20061e+21 9.23472e+21 1.09037e+22 5.57315e+21 9.40213e+21 1.16417e+22 1.20416e+22 1.11018e+22 6.56049e+21 1.15521e+22 7.01783e+21 8.17068e+21  1.2832e+22 6.23699e+21 4.47772e+21 9.98098e+21 9.02441e+21 9.70618e+21 1.39617e+22 8.60523e+21 7.05762e+21 9.90202e+21 1.05081e+22 7.20278e+21 1.29283e+22 1.15039e+22 1.17239e+22 7.81601e+21       1e+20 2.07183e+22 1.05991e+22 3.22025e+21 2.11547e+22
2.07183e+32       1e+40 1.02122e+32 1.94247e+32 8.60058e+31 1.70751e+22 1.30361e+22 1.26254e+22 1.19218e+22  1.0693e+22 1.51463e+22 1.37058e+22 9.20217e+21 1.39445e+22 9.92975e+21 1.84253e+22 1.06677e+22 1.89235e+22 1.42271e+22 8.00062e+21  1.7322e+22 1.73954e+22 1.34302e+22 1.17427e+22 1.40663e+22 1.17593e+22 1.23491e+22  1.3909e+22 1.56237e+22  1.1957e+22 1.36795e+22 1.22348e+22  1.2621e+22 1.00648e+22 1.29437e+22 2.07183e+22       1e+20 1.02122e+22 1.94247e+22 8.60058e+21
1.05991e+32 1.02122e+32       1e+40   9.827e+31 1.29468e+32  6.8884e+21 3.94081e+21 2.41868e+21 3.47851e+21 4.03113e+21 5.05964e+21 6.52534e+21 1.04403e+21 8.90056e+21 2.81603e+21 9.94887e+21   5.001e+21 1.06212e+22 6.12699e+21 2.23607e+21 8.65563e+21  7.9404e+21  6.7082e+21 1.58114e+21 7.20347e+21 8.64002e+21 3.27567e+21     3.7e+21   8.956e+21  5.4037e+21 4.11096e+21 8.12158e+21 7.20278e+21 4.39659e+21 3.20156e+21 1.05991e+22 1.02122e+22       1e+20   9.827e+21 1.29468e+22
3.22025e+31 1.94247e+32   9.827e+31       1e+40 1.87417e+32 4.30813e+21 6.38905e+21 7.68375e+21 7.51864e+21 8.96772e+21 5.02096e+21 6.80661e+21 1.08407e+22 9.12853e+21 9.50789e+21 3.34215e+21 9.40213e+21 3.80789e+21 5.71402e+21 1.19419e+22 3.17648e+21 2.03961e+21 7.35459e+21 8.29277e+21 6.96419e+21 1.12641e+22 7.08378e+21 6.93542e+21 6.86003e+21 8.20549e+21 5.81808e+21 1.02201e+22 8.85268e+21 9.74166e+21 6.66483e+21 3.22025e+21 1.94247e+22   9.827e+21       1e+20 1.87417e+22
2.11547e+32 8.60058e+31 1.29468e+32 1.87417e+32       1e+40 1.82923e+22  1.3333e+22  1.4734e+22 1.21852e+22 1.04389e+22 1.62561e+22 1.19365e+22 1.23843e+22 1.02313e+22 1.07541e+22 1.64049e+22 9.64624e+21 1.66027e+22 1.30614e+22 1.16043e+22 1.57715e+22 1.68467e+22 1.13991e+22 1.38679e+22 1.18512e+22  7.7026e+21 1.29356e+22 1.60016e+22 1.26099e+22  1.0648e+22 1.42618e+22 8.70057e+21 9.94082e+21 9.62549e+21 1.39989e+22 2.11547e+22 8.60058e+21 1.29468e+22 1.87417e+22       1e+20
