      1e+20 1.65052e+32 8.88144e+31 4.47214e+31 4.70106e+31 5.68595e+31     143.283      161.83     157.051     91.0494     152.555      148.57     128.316       1e+40 1.65052e+42 8.88144e+41 4.47214e+41 4.70106e+41 5.68595e+41
1.65052e+32       1e+20 1.91755e+32 2.00125e+32 2.11632e+32 1.76082e+32     140.769     124.808     158.345     83.9524     117.835     163.049     95.8175 1.65052e+42       1e+40 1.91755e+42 2.00125e+42 2.11632e+42 1.76082e+42
8.88144e+31 1.91755e+32       1e+20 6.44981e+31  9.1444e+31 3.20156e+31     93.6056     122.332     97.6166     109.005     117.034     85.4225     110.494 8.88144e+41 1.91755e+42       1e+40 6.44981e+41  9.1444e+41 3.20156e+41
4.47214e+31 2.00125e+32 6.44981e+31       1e+20 2.70185e+31 4.08044e+31     145.031     169.532     154.276     119.038     161.744     143.391      144.17 4.47214e+41 2.00125e+42 6.44981e+41       1e+40 2.70185e+41 4.08044e+41
4.70106e+31 2.11632e+32  9.1444e+31 2.70185e+31       1e+20 6.69104e+31     170.141     193.424     180.269     134.536     185.173     169.673     165.303 4.70106e+41 2.11632e+42  9.1444e+41 2.70185e+41       1e+40 6.69104e+41
5.68595e+31 1.76082e+32 3.20156e+31 4.08044e+31 6.69104e+31       1e+20     104.389     129.653     113.508     92.1792     122.319     102.772     107.629 5.68595e+41 1.76082e+42 3.20156e+41 4.08044e+41 6.69104e+41       1e+40
1.43283e+32 1.40769e+32 9.36056e+31 1.45031e+32 1.70141e+32 1.04389e+32       1e+10     30.0167      19.105     86.5332     28.4429      22.561      45.793     143.283     140.769     93.6056     145.031     170.141     104.389
 1.6183e+32 1.24808e+32 1.22332e+32 1.69532e+32 1.93424e+32 1.29653e+32     30.0167       1e+10     39.0128     89.7385      10.198     49.0306     41.1096      161.83     124.808     122.332     169.532     193.424     129.653
1.57051e+32 1.58345e+32 9.76166e+31 1.54276e+32 1.80269e+32 1.13508e+32      19.105     39.0128       1e+10     105.437     41.9762     12.7279      64.405     157.051     158.345     97.6166     154.276     180.269     113.508
9.10494e+31 8.39524e+31 1.09005e+32 1.19038e+32 1.34536e+32 9.21792e+31     86.5332     89.7385     105.437       1e+10      79.555     104.062     48.8365     91.0494     83.9524     109.005     119.038     134.536     92.1792
1.52555e+32 1.17835e+32 1.17034e+32 1.61744e+32 1.85173e+32 1.22319e+32     28.4429      10.198     41.9762      79.555       1e+10          50     31.0161     152.555     117.835     117.034     161.744     185.173     122.319
 1.4857e+32 1.63049e+32 8.54225e+31 1.43391e+32 1.69673e+32 1.02772e+32      22.561     49.0306     12.7279     104.062          50       1e+10     67.5426      148.57     163.049     85.4225     143.391     169.673     102.772
1.28316e+32 9.58175e+31 1.10494e+32  1.4417e+32 1.65303e+32 1.07629e+32      45.793     41.1096      64.405     48.8365     31.0161     67.5426       1e+10     128.316     95.8175     110.494      144.17     165.303     107.629
      1e+40 1.65052e+42 8.88144e+41 4.47214e+41 4.70106e+41 5.68595e+41 1.43283e+32  1.6183e+32 1.57051e+32 9.10494e+31 1.52555e+32  1.4857e+32 1.28316e+32       1e+20 1.65052e+32 8.88144e+31 4.47214e+31 4.70106e+31 5.68595e+31
1.65052e+42       1e+40 1.91755e+42 2.00125e+42 2.11632e+42 1.76082e+42 1.40769e+32 1.24808e+32 1.58345e+32 8.39524e+31 1.17835e+32 1.63049e+32 9.58175e+31 1.65052e+32       1e+20 1.91755e+32 2.00125e+32 2.11632e+32 1.76082e+32
8.88144e+41 1.91755e+42       1e+40 6.44981e+41  9.1444e+41 3.20156e+41 9.36056e+31 1.22332e+32 9.76166e+31 1.09005e+32 1.17034e+32 8.54225e+31 1.10494e+32 8.88144e+31 1.91755e+32       1e+20 6.44981e+31  9.1444e+31 3.20156e+31
4.47214e+41 2.00125e+42 6.44981e+41       1e+40 2.70185e+41 4.08044e+41 1.45031e+32 1.69532e+32 1.54276e+32 1.19038e+32 1.61744e+32 1.43391e+32  1.4417e+32 4.47214e+31 2.00125e+32 6.44981e+31       1e+20 2.70185e+31 4.08044e+31
4.70106e+41 2.11632e+42  9.1444e+41 2.70185e+41       1e+40 6.69104e+41 1.70141e+32 1.93424e+32 1.80269e+32 1.34536e+32 1.85173e+32 1.69673e+32 1.65303e+32 4.70106e+31 2.11632e+32  9.1444e+31 2.70185e+31       1e+20 6.69104e+31
5.68595e+41 1.76082e+42 3.20156e+41 4.08044e+41 6.69104e+41       1e+40 1.04389e+32 1.29653e+32 1.13508e+32 9.21792e+31 1.22319e+32 1.02772e+32 1.07629e+32 5.68595e+31 1.76082e+32 3.20156e+31 4.08044e+31 6.69104e+31       1e+20
