
  0 29.0689 42.0119 36.1248 11.1803 10.2956 26.9258 5.09902  34.176 33.9411 5.59017 27.2029 13.4164 38.5876  6.7082 43.0116 34.0147   32.28 47.8539 49.8197 28.8617 15.2315 45.5439  12.083 22.2036 53.2353 35.3553 47.3814 32.5576 37.0135
29.0689       0 52.1536 26.0768 36.0555 21.1896 12.6491 24.0208 14.3178 26.4764 34.5145 27.2947 26.9258 36.1386 35.3553 45.8803 36.2491 11.1803 52.9245 41.0488 46.8615      17 54.6374 36.4005      40  49.163  19.105 60.2163 48.7955 31.5753
42.0119 52.1536       0 31.6228 32.5576  37.855      40 43.1856 43.1393 29.2062 43.4885      25 30.4138 21.0238 39.6232 12.0416 17.0294 44.5982 9.43398 30.1496 16.1245 38.2753 3.64005 31.5753 20.3961 24.5153 39.0512 8.60233 12.2066 25.5539
36.1248 26.0768 31.6228       0 34.9285 26.1725 14.1421 33.3017      13       3  41.003 11.1803 24.1868 11.4018 39.1152 22.0227 14.7648 15.5242 29.2062 15.5242 34.2345 22.2036 32.9735 34.5398 30.0666 23.0868 8.06226 40.2244 33.9559 6.40312
11.1803 36.0555 32.5576 34.9285       0 14.8661      30 14.8661  37.054 32.2025 11.0114 24.1868 11.1803 33.9706 7.07107 35.8469 28.3196 36.0139 39.5601 46.2277 18.1108 19.4165 36.1836       1 12.1655  47.634 36.6742 37.0135 22.0227 33.8378
10.2956 21.1896  37.855 26.1725 14.8661       0 16.7631  7.2111 24.0416 24.2074 15.6924 18.3848 7.61577 30.0832 15.1327 36.2215 26.4764 22.3607      42 40.4969 28.0179 5.09902 41.1005 15.2315 20.8087 44.9444 25.0599 44.5982 30.8869 27.7849
26.9258 12.6491      40 14.1421      30 16.7631       0 22.8254 7.28011 14.0357  32.423      15  19.105 23.5372 31.7805 33.2415 23.7065 6.08276 40.3113 29.6142 36.7151 11.7047 42.2995 30.0167 30.4631      37 9.21954 48.2701 38.0132  19.105
5.09902 24.0208 43.1856 33.3017 14.8661  7.2111 22.8254       0 29.9666 31.4006    10.5 25.4951 13.0384 37.1618 11.7047 42.7551 33.2415 27.8568 48.1664 47.7074 31.3847 11.4018 46.5967 15.6205 24.3516      52 31.6228 49.2443 34.7851 34.9857
 34.176 14.3178 43.1393      13  37.054 24.0416 7.28011 29.9666       0 14.4222 39.6894  18.868      26 24.1868 39.0512 34.6699 26.1725 3.16228 41.8808 27.0185 42.1545 18.9737 44.9694 37.0135 36.4005 35.6931 5.09902 51.6624 42.9418 19.2354
33.9411 26.4764 29.2062       3 32.2025 24.2074 14.0357 31.4006 14.4222       0 38.6685 8.24621 21.6333 9.84886 36.6197 20.2485 12.2066 16.5529 27.4591 16.5529  31.257 20.5913 30.7612 31.7805  27.074 23.0217 9.89949 37.8021 31.0483 5.09902
5.59017 34.5145 43.4885  41.003 11.0114 15.6924  32.423    10.5 39.6894 38.6685       0 31.4841 17.3566    42.5 4.03113 45.8939 37.4733 37.8451 50.1423 54.1503 29.0388 20.7183  47.101 12.0104 23.1355 56.8705 40.6971 48.0026 33.0038 41.3793
27.2029 27.2947      25 11.1803 24.1868 18.3848      15 25.4951  18.868 8.24621 31.4841       0 14.1421 11.7047 29.0689 19.2354 9.21954 19.8494 25.9615 22.6716 23.7697 16.1245 27.3542 23.7065      19 26.5707 15.8114 33.3017 24.1661 9.89949
13.4164 26.9258 30.4138 24.1868 11.1803 7.61577  19.105 13.0384      26 21.6333 17.3566 14.1421       0 25.2389      15 29.8329 20.6155 25.1794 35.1283 36.7967 20.6155      10  33.738 11.0454 13.4536 39.8246 25.4951      37 23.3238 24.0416
38.5876 36.1386 21.0238 11.4018 33.9706 30.0832 23.5372 37.1618 24.1868 9.84886    42.5 11.7047 25.2389       0 39.6989 10.6301 6.32456 26.4008 17.8045   12.53 27.4591 27.6586 21.9146 33.3017 25.4951 14.8661 19.4165 29.5296 26.0192       5
 6.7082 35.3553 39.6232 39.1152 7.07107 15.1327 31.7805 11.7047 39.0512 36.6197 4.03113 29.0689      15 39.6989       0 42.4853 34.4093 37.4833 46.4866 51.6236   25.02 20.2237 43.2464 8.06226 19.2354 53.8238 39.5601      44      29 38.9487
43.0116 45.8803 12.0416 22.0227 35.8469 36.2215 33.2415 42.7551 34.6699 20.2485 45.8939 19.2354 29.8329 10.6301 42.4853       0 10.0499 36.7151  7.2111 18.1108 23.8537 35.0143 11.8849 34.9857 24.8395 13.4164      30 19.9249 21.0238 15.6205
34.0147 36.2491 17.0294 14.7648 28.3196 26.4764 23.7065 33.2415 26.1725 12.2066 37.4733 9.21954 20.6155 6.32456 34.4093 10.0499       0 27.8029 16.7631 18.7883 21.2132      25 18.8215 27.5862 19.2354 19.4165 22.0227 25.6125  20.025 9.21954
  32.28 11.1803 44.5982 15.5242 36.0139 22.3607 6.08276 27.8568 3.16228 16.5529 37.8451 19.8494 25.1794 26.4008 37.4833 36.7151 27.8029       0  43.909      30 42.4853 17.2627 46.6181 36.0555 36.4005 38.4708       8 53.0377  43.566 21.5407
47.8539 52.9245 9.43398 29.2062 39.5601      42 40.3113 48.1664 41.8808 27.4591 50.1423 25.9615 35.1283 17.8045 46.4866  7.2111 16.7631  43.909       0 23.4094 24.8395 41.3038 7.15891 38.6264 27.7308      16 37.2022      15 21.2132 22.8035
49.8197 41.0488 30.1496 15.5242 46.2277 40.4969 29.6142 47.7074 27.0185 16.5529 54.1503 22.6716 36.7967   12.53 51.6236 18.1108 18.7883      30 23.4094       0 39.5601 37.1214 29.7195  45.607 38.0132      10      22  37.855 37.6563 12.8062
28.8617 46.8615 16.1245 34.2345 18.1108 28.0179 36.7151 31.3847 42.1545  31.257 29.0388 23.7697 20.6155 27.4591   25.02 23.8537 21.2132 42.4853 24.8395 39.5601       0 30.4138 19.6787 17.1172  7.2111 37.2156 39.5601 19.0263 4.12311 30.0167
15.2315      17 38.2753 22.2036 19.4165 5.09902 11.7047 11.4018 18.9737 20.5913 20.7183 16.1245      10 27.6586 20.2237 35.0143      25 17.2627 41.3038 37.1214 30.4138       0 41.2826 19.6469 23.3452   42.45 20.2485  45.618 32.8024 24.6982
45.5439 54.6374 3.64005 32.9735 36.1836 41.1005 42.2995 46.5967 44.9694 30.7612  47.101 27.3542  33.738 21.9146 43.2464 11.8849 18.8215 46.6181 7.15891 29.7195 19.6787 41.2826       0  35.203  24.026 23.0489 40.6602 8.13941 15.6924 26.7067
 12.083 36.4005 31.5753 34.5398       1 15.2315 30.0167 15.6205 37.0135 31.7805 12.0104 23.7065 11.0454 33.3017 8.06226 34.9857 27.5862 36.0555 38.6264  45.607 17.1172 19.6469  35.203       0 11.1803 46.8615 36.4966 36.0139 21.0238 33.2866
22.2036      40 20.3961 30.0666 12.1655 20.8087 30.4631 24.3516 36.4005  27.074 23.1355      19 13.4536 25.4951 19.2354 24.8395 19.2354 36.4005 27.7308 38.0132  7.2111 23.3452  24.026 11.1803       0 37.5366 34.3657 25.1794 10.4403 26.9258
53.2353  49.163 24.5153 23.0868  47.634 44.9444      37      52 35.6931 23.0217 56.8705 26.5707 39.8246 14.8661 53.8238 13.4164 19.4165 38.4708      16      10 37.2156   42.45 23.0489 46.8615 37.5366       0 30.5941      31 34.4384 18.1108
35.3553  19.105 39.0512 8.06226 36.6742 25.0599 9.21954 31.6228 5.09902 9.89949 40.6971 15.8114 25.4951 19.4165 39.5601      30 22.0227       8 37.2022      22 39.5601 20.2485 40.6602 36.4966 34.3657 30.5941       0  47.634 39.9249 14.4222
47.3814 60.2163 8.60233 40.2244 37.0135 44.5982 48.2701 49.2443 51.6624 37.8021 48.0026 33.3017      37 29.5296      44 19.9249 25.6125 53.0377      15  37.855 19.0263  45.618 8.13941 36.0139 25.1794      31  47.634       0      15 34.1321
32.5576 48.7955 12.2066 33.9559 22.0227 30.8869 38.0132 34.7851 42.9418 31.0483 33.0038 24.1661 23.3238 26.0192      29 21.0238  20.025  43.566 21.2132 37.6563 4.12311 32.8024 15.6924 21.0238 10.4403 34.4384 39.9249      15       0 29.1548
37.0135 31.5753 25.5539 6.40312 33.8378 27.7849  19.105 34.9857 19.2354 5.09902 41.3793 9.89949 24.0416       5 38.9487 15.6205 9.21954 21.5407 22.8035 12.8062 30.0167 24.6982 26.7067 33.2866 26.9258 18.1108 14.4222 34.1321 29.1548       0


