      0 48.3011 44.1814 59.9416 38.4708 24.0416 31.6228 34.6554 47.7598 29.2746  27.074 53.4509 13.6015 32.0156 44.2945 41.4367 63.8122 57.9396 44.9444  64.622 68.0661      51 29.7321 51.0882 46.0977 39.9625 44.9222 70.8308      44 81.8352
48.3011       0 26.0192 50.9902  61.327 57.6281 34.5398 50.6952 38.0526 22.8035 63.8905  38.833 43.8634 68.4105 43.1856 28.0713 57.0701 11.0454 6.08276 49.0408      26 46.0435      23 26.2488 12.1655 9.05539      35 60.7289 78.7718 70.9366
44.1814 26.0192       0  25.632 39.6989 41.5933 15.2315      29 12.0416      17 47.8853 13.8924 33.2415 51.3128   17.72 3.60555 31.6228 26.9258 20.0998 25.6125 28.0179  20.025 35.3836 7.07107 14.0357 26.9258 9.05539 36.2353 59.4643 47.1699
59.9416 50.9902  25.632       0 35.5106 46.2709 29.2062 29.1548 14.4222      40 51.0098 12.1655 46.5188 52.1536 15.6525 25.0599 6.08276 49.0102 45.3542 8.06226 42.3792 8.94427 59.9083 25.0799  38.833 52.5547 18.0278 11.3137 55.3624 22.6274
38.4708  61.327 39.6989 35.5106       0 15.5563 26.8328 10.8167   32.45 39.5601 17.4642 37.5899 26.9258 17.1172 24.6982 36.2353      36 65.7343 55.4617 43.1741 67.2086 28.7924 56.0357 45.2769 51.6236   57.28 32.6497 43.0465 20.5913 51.9711
24.0416 57.6281 41.5933 46.2709 15.5563       0 26.4197 17.1172 38.6394 34.8281 6.40312 44.5533 15.5242 10.8167 32.0624 38.0132 48.2701 64.3817 52.4023 53.0094 69.4622 38.0132 46.8402 48.3322 50.3289 51.6236 37.3631 55.5428 22.1359 65.4599
31.6228 34.5398 15.2315 29.2062 26.8328 26.4197       0 16.1555 16.1555 14.0357 32.7567 21.8403  19.105 36.4005 14.2127 11.7047 33.9411 39.2046 28.6356 33.1059 43.0465 20.5183 33.5261 22.1359      25  31.257 13.3417 40.4599 45.3431 51.7397
34.6554 50.6952      29 29.1548 10.8167 17.1172 16.1555       0 22.8473 29.4279 22.0907 28.4605 21.4009 24.0416 15.5242 25.4951 31.3209 54.9181 44.7772 36.0139 56.7274 21.0238 47.1699 34.8281 40.8167 47.0744 22.4722 38.6005 30.6105 48.8467
47.7598 38.0526 12.0416 14.4222   32.45 38.6394 16.1555 22.8473       0 25.6125 44.3847       6 34.9285 46.8188 7.81025 10.7703 20.1246 38.0789 32.1403      17  35.609       8 45.4863 14.3178      26 38.6005 3.60555 25.6125      53 36.8782
29.2746 22.8035      17      40 39.5601 34.8281 14.0357 29.4279 25.6125       0 41.1096 29.7321 21.6333  45.607 26.9258 15.6205 45.4863 30.2324 17.6918 41.7732  38.833  32.249 20.1246 23.0868  17.088   17.72 22.0227  51.225 56.0803  62.482
 27.074 63.8905 47.8853 51.0098 17.4642 6.40312 32.7567 22.0907 44.3847 41.1096       0 50.2195 21.0238 5.09902 37.4833 44.2945  52.469 70.7672 58.7282 58.0775 75.8024 43.1045 52.2015 54.5619 56.7274 57.6888 43.3244 59.6825 17.1172 69.1231
53.4509  38.833 13.8924 12.1655 37.5899 44.5533 21.8403 28.4605       6 29.7321 50.2195       0 40.7922 52.4976      13 14.1421 18.2483 37.1214 33.2415 12.0416  32.249      10 49.0408      13 26.6833 40.7185   8.544 22.3607 58.1808 33.2866
13.6015 43.8634 33.2415 46.5188 26.9258 15.5242  19.105 21.4009 34.9285 21.6333 21.0238 40.7922       0      26 30.8707 30.0666 50.2494 51.8652 39.2046 51.5461 59.4643 37.5766 31.3209 40.3113 38.4708 37.0135 32.3883 57.3062 37.6431 68.2642
32.0156 68.4105 51.3128 52.1536 17.1172 10.8167 36.4005 24.0416 46.8188  45.607 5.09902 52.4976      26       0 39.5601 47.7074 53.0377 74.9533 63.1269 59.5399 79.3221 44.7214 57.2451 57.8014 60.8276  62.434 46.0977 60.1332 12.0416 69.0507
44.2945 43.1856   17.72 15.6525 24.6982 32.0624 14.2127 15.5242 7.81025 26.9258 37.4833      13 30.8707 39.5601       0 15.1327 19.8494 44.5982 37.1214 21.2132 43.2782  6.7082 47.0106 21.6333 31.5753 42.2966 8.94427 26.6271 45.2769 37.8021
41.4367 28.0713 3.60555 25.0599 36.2353 38.0132 11.7047 25.4951 10.7703 15.6205 44.2945 14.1421 30.0666 47.7074 15.1327       0 30.8707 29.9666 22.0227 26.1725 31.6228 18.4391      35 10.4403 16.4924 27.8927 7.28011 36.0555 55.9017 47.2017
63.8122 57.0701 31.6228 6.08276      36 48.2701 33.9411 31.3209 20.1246 45.4863  52.469 18.2483 50.2494 53.0377 19.8494 30.8707       0      55 51.4198 11.6619 47.8017 13.4536 65.5134 31.1448  44.911 58.5235 23.7065 7.28011 54.9181 18.0278
57.9396 11.0454 26.9258 49.0102 65.7343 64.3817 39.2046 54.9181 38.0789 30.2324 70.7672 37.1214 51.8652 74.9533 44.5982 29.9666      55       0      13 45.3982 15.8114 45.8912 34.0147 24.1868 14.2127      20 35.7351 57.4282 84.5044 66.7083
44.9444 6.08276 20.0998 45.3542 55.4617 52.4023 28.6356 44.7772 32.1403 17.6918 58.7282 33.2415 39.2046 63.1269 37.1214 22.0227 51.4198      13       0 43.8634  25.318 40.1123 22.8035 21.0238  6.7082 9.43398 29.0172 55.3624 73.2393 65.7951
 64.622 49.0408 25.6125 8.06226 43.1741 53.0094 33.1059 36.0139      17 41.7732 58.0775 12.0416 51.5461 59.5399 21.2132 26.1725 11.6619 45.3982 43.8634       0 36.6742      15  60.959 22.8473 37.1618 51.9711 20.2485 12.0416 63.2456 21.9317
68.0661      26 28.0179 42.3792 67.2086 69.4622 43.0465 56.7274  35.609  38.833 75.8024  32.249 59.4643 79.3221 43.2782 31.6228 47.8017 15.8114  25.318 36.6742       0   42.19 48.0521 21.9317 22.0907 34.2053 34.6554 48.3735 87.3212 56.0357
     51 46.0435  20.025 8.94427 28.7924 38.0132 20.5183 21.0238       8  32.249 43.1045      10 37.5766 44.7214  6.7082 18.4391 13.4536 45.8912 40.1123      15   42.19       0 52.3546 21.8403      34 46.3249 11.1803      20 49.2443  31.241
29.7321      23 35.3836 59.9083 56.0357 46.8402 33.5261 47.1699 45.4863 20.1246 52.2015 49.0408 31.3209 57.2451 47.0106      35 65.5134 34.0147 22.8035  60.959 48.0521 52.3546       0 39.8246 27.7308 14.0357 41.8808 71.0282 68.9638  82.201
51.0882 26.2488 7.07107 25.0799 45.2769 48.3322 22.1359 34.8281 14.3178 23.0868 54.5619      13 40.3113 57.8014 21.6333 10.4403 31.1448 24.1868 21.0238 22.8473 21.9317 21.8403 39.8246       0 14.3178 29.4109 12.8062 34.4819  65.437 44.7772
46.0977 12.1655 14.0357  38.833 51.6236 50.3289      25 40.8167      26  17.088 56.7274 26.6833 38.4708 60.8276 31.5753 16.4924  44.911 14.2127  6.7082 37.1618 22.0907      34 27.7308 14.3178       0 15.5563 23.0868 48.7032 70.2922 59.0931
39.9625 9.05539 26.9258 52.5547   57.28 51.6236  31.257 47.0744 38.6005   17.72 57.6888 40.7185 37.0135  62.434 42.2966 27.8927 58.5235      20 9.43398 51.9711 34.2053 46.3249 14.0357 29.4109 15.5563       0  35.171 63.0714 73.3553 73.8241
44.9222      35 9.05539 18.0278 32.6497 37.3631 13.3417 22.4722 3.60555 22.0227 43.3244   8.544 32.3883 46.0977 8.94427 7.28011 23.7065 35.7351 29.0172 20.2485 34.6554 11.1803 41.8808 12.8062 23.0868  35.171       0 29.2062 53.0094 40.4599
70.8308 60.7289 36.2353 11.3137 43.0465 55.5428 40.4599 38.6005 25.6125  51.225 59.6825 22.3607 57.3062 60.1332 26.6271 36.0555 7.28011 57.4282 55.3624 12.0416 48.3735      20 71.0282 34.4819 48.7032 63.0714 29.2062       0 61.5224 11.3137
     44 78.7718 59.4643 55.3624 20.5913 22.1359 45.3431 30.6105      53 56.0803 17.1172 58.1808 37.6431 12.0416 45.2769 55.9017 54.9181 84.5044 73.2393 63.2456 87.3212 49.2443 68.9638  65.437 70.2922 73.3553 53.0094 61.5224       0      69
81.8352 70.9366 47.1699 22.6274 51.9711 65.4599 51.7397 48.8467 36.8782  62.482 69.1231 33.2866 68.2642 69.0507 37.8021 47.2017 18.0278 66.7083 65.7951 21.9317 56.0357  31.241  82.201 44.7772 59.0931 73.8241 40.4599 11.3137      69       0


