      1e+20 3.60555e+10     3.16228           5     2.23607     5.38516     5.38516     7.07107       1e+20 3.60555e+20
3.60555e+10       1e+20           3     5.09902     5.65685     5.83095           2     3.60555 3.60555e+20       1e+20
3.16228e+10       3e+10       1e+10     2.23607     4.12311     7.81025     3.60555     6.32456     3.16228           3
      5e+10 5.09902e+10     2.23607       1e+10     5.09902          10     5.09902     8.06226           5     5.09902
2.23607e+10 5.65685e+10     4.12311     5.09902       1e+10     7.07107      7.2111     9.21954     2.23607     5.65685
5.38516e+10 5.83095e+10     7.81025          10     7.07107       1e+10     7.61577           7     5.38516     5.83095
5.38516e+10       2e+10     3.60555     5.09902      7.2111     7.61577       1e+10           3     5.38516           2
7.07107e+10 3.60555e+10     6.32456     8.06226     9.21954           7           3       1e+10     7.07107     3.60555
      1e+20 3.60555e+20 3.16228e+10       5e+10 2.23607e+10 5.38516e+10 5.38516e+10 7.07107e+10       1e+20 3.60555e+10
3.60555e+20       1e+20       3e+10 5.09902e+10 5.65685e+10 5.83095e+10       2e+10 3.60555e+10 3.60555e+10       1e+20
