      1e+20 1.49857e+12 2.39708e+12  3.1122e+12 1.84391e+11  2.1435e+12 2.03059e+12 2.04978e+12 1.01514e+12     204.384     209.411     164.806     145.962     154.156     202.872     180.646      198.64     169.685      212.81     219.185     222.266       193.6      207.87     159.424     189.095      181.97     216.813         137     185.699     177.192     195.658     195.133     166.066     191.818     224.617     192.169     199.459     180.499     196.817     173.566     205.806     190.919      208.83     155.795     194.517     152.761      193.83     221.603     196.698     166.337     186.078      152.62     204.088     182.705     130.863     221.687     179.805     156.646     146.373     203.273     138.409       1e+20 1.49857e+12 2.39708e+12  3.1122e+12 1.84391e+11  2.1435e+12 2.03059e+12 2.04978e+12 1.01514e+12
1.49857e+12       1e+20 2.68159e+12 1.83807e+12 1.45014e+12 1.14634e+12 1.09417e+12 5.51453e+11 9.77446e+11     158.013     136.132     117.388     96.3016     76.3217     142.352      72.111     91.2853     99.0051     154.548      133.15     148.489     125.483     128.098     70.0071     158.676     108.296     149.777     112.925     158.319     90.7965     99.6243     83.6301      149.04     129.139     155.724     76.9415     109.895     68.7095     132.378     149.907      133.66     151.648     149.482     92.9139     157.715     128.082     157.813     150.814     98.3514      68.593     153.584     118.406     106.626     106.471     89.5545     147.513     125.144     115.953     128.515     104.752     113.464 1.49857e+12       1e+20 2.68159e+12 1.83807e+12 1.45014e+12 1.14634e+12 1.09417e+12 5.51453e+11 9.77446e+11
2.39708e+12 2.68159e+12       1e+20 2.82676e+12 2.56531e+12 2.03652e+12 1.96156e+12 2.96007e+12 1.79869e+12     132.246     167.622     155.554     172.722     195.898      152.03     218.552     214.742     178.933         146     184.114     166.331     165.194     176.777     204.949     118.849     176.604     157.493     155.322     117.201       193.6     200.385     220.411     120.308     158.902     159.013     225.417     191.343     222.441     159.289     121.594     166.877      129.19       148.6     178.941     123.988     140.528     123.329     162.111     203.199     210.618     123.406     150.735     201.137     179.402     178.732     166.964     154.616     154.305     139.646     202.633     154.729 2.39708e+12 2.68159e+12       1e+20 2.82676e+12 2.56531e+12 2.03652e+12 1.96156e+12 2.96007e+12 1.79869e+12
 3.1122e+12 1.83807e+12 2.82676e+12       1e+20 3.13321e+12 1.02078e+12  1.1411e+12 1.46349e+12 2.16021e+12     157.801     126.495     166.148     173.738     158.474     141.891     130.602     113.031     149.335     142.302      109.49     121.458     137.931     121.062     152.086     177.609     140.004     130.943     192.065     181.202     137.321     118.828      116.09     193.018     143.402     126.874     119.269     119.038     130.973     139.904     185.723     129.066     167.356      141.76     161.895     169.921     187.451      170.88     125.228     117.098     144.921     175.354     180.069     111.364     138.033      185.97     121.165     154.829     174.046     194.312     111.544     191.042  3.1122e+12 1.83807e+12 2.82676e+12       1e+20 3.13321e+12 1.02078e+12  1.1411e+12 1.46349e+12 2.16021e+12
1.84391e+11 1.45014e+12 2.56531e+12 3.13321e+12       1e+20 2.18929e+12 2.08031e+12  2.0001e+12 1.09659e+12      214.59     216.926     173.358     153.052     158.518     211.568     182.923     201.777     175.889     222.036     225.535     230.083     201.159     214.611     162.788     200.412     188.438      225.22     146.414       197.2      181.97     200.085     197.618     177.859     199.905     233.026     194.064     204.793     182.362     204.893         185     213.335      201.42      217.83     162.049      205.38     163.132     204.749      229.73     200.883     169.163     197.091     161.941     208.634     188.915     137.612     229.445     188.282     165.487     157.115     207.663     147.828 1.84391e+11 1.45014e+12 2.56531e+12 3.13321e+12       1e+20 2.18929e+12 2.08031e+12  2.0001e+12 1.09659e+12
 2.1435e+12 1.14634e+12 2.03652e+12 1.02078e+12 2.18929e+12       1e+20 1.20416e+11 1.09371e+12 1.15521e+12     71.5052     36.4005     64.9384     72.0069     60.4152     51.6236     43.0465     23.4094     47.3814     59.0762     22.8035     42.3792     40.3113     26.9072     57.0088     86.4002     38.1182     48.7647     90.0056     89.0505     37.1618      18.868     31.3209     95.8541     46.6476     50.9215     38.3275     17.0294     46.0652          45     89.8944     36.7967     75.6042     55.6058     60.4152     80.1561     86.6833     80.9197     46.2385     18.4391     52.3259      82.662     78.5175     10.2956     36.0139     85.1645     41.4367     55.7136     72.4431     93.2148     11.4018          89  2.1435e+12 1.14634e+12 2.03652e+12 1.02078e+12 2.18929e+12       1e+20 1.20416e+11 1.09371e+12 1.15521e+12
2.03059e+12 1.09417e+12 1.96156e+12  1.1411e+12 2.08031e+12 1.20416e+11       1e+20 1.10023e+12  1.0374e+12     64.8999     31.6228     53.3667     60.0167     49.6488     44.9444     37.3631     21.3776     35.3553      54.231     23.7697     41.0488     31.1448     21.8403     47.3814     77.8332     26.3059     45.3542          78     80.1561     26.0768     9.84886     29.1548     85.4225     37.5366     49.2544     36.0555     5.38516          41     36.8782      79.925     30.8707     67.1789     50.0899     48.5077     72.1803     75.1864     72.8629     44.2832     11.1803     43.8292     73.7564     66.7533           5     24.0832     73.3757       40.05     45.1774     60.6712     81.5843      6.7082     77.0065 2.03059e+12 1.09417e+12 1.96156e+12  1.1411e+12 2.08031e+12 1.20416e+11       1e+20 1.10023e+12  1.0374e+12
2.04978e+12 5.51453e+11 2.96007e+12 1.46349e+12  2.0001e+12 1.09371e+12 1.10023e+12       1e+20  1.4258e+12     171.735     141.439      140.46     125.734     101.213     152.778     78.3901     88.6454     117.239     163.487     131.856     150.765     136.297     131.795     91.6079     178.899     121.462     155.332     146.509     179.789     103.368     102.108     81.0247     176.119     141.739     159.138     74.4648     113.031     74.3236     143.252     174.416     140.186     169.664     158.928     117.644     175.559     157.201      175.96     154.208     99.6895       85.44     173.968     146.605     105.546     118.849     125.208     149.777     142.695     142.302     159.928     103.576     146.578 2.04978e+12 5.51453e+11 2.96007e+12 1.46349e+12  2.0001e+12 1.09371e+12 1.10023e+12       1e+20  1.4258e+12
1.01514e+12 9.77446e+11 1.79869e+12 2.16021e+12 1.09659e+12 1.15521e+12  1.0374e+12  1.4258e+12       1e+20     105.802     107.898     63.7024     44.7214     58.0775     101.912     89.1403     103.484     69.0797      112.45     118.072     120.801     92.0869      106.55     66.0681     93.9149     80.9568     115.624     37.4433     91.2853     78.8543     97.5141      102.02     73.6817     90.4268     123.434     101.124     99.6243     90.4489     95.4254     79.3095     104.293     93.1933      108.19     55.3624     97.7548     55.4707     97.2471     120.254     99.0404     74.1687     89.9444     52.6308     105.513      81.939     30.3645     120.208     78.6448     55.8659     50.6952     105.019      38.833 1.01514e+12 9.77446e+11 1.79869e+12 2.16021e+12 1.09659e+12 1.15521e+12  1.0374e+12  1.4258e+12       1e+20
2.04384e+12 1.58013e+12 1.32246e+12 1.57801e+12  2.1459e+12 7.15052e+11 6.48999e+11 1.71735e+12 1.05802e+12       1e+10     35.3836     44.9444     68.9493     82.1523          20     93.6803          85     59.0085     15.5242     52.2015     36.4005     35.4683     44.5982     88.0511     21.0238     50.9902     26.9258     68.4105     25.0799     69.4262     70.6612     91.7061       42.72     30.0832     31.4006     97.6934     60.5392     97.8008     28.6356      34.176     34.7131     13.8924     16.6433     66.9104     13.0384     51.6236     14.0357      32.573     73.3553     90.6697     20.8806     53.2541     69.8928     53.3667     83.2586     36.7696     33.2415          51     58.1378     71.5612     67.0075     204.384     158.013     132.246     157.801      214.59     71.5052     64.8999     171.735     105.802
2.09411e+12 1.36132e+12 1.67622e+12 1.26495e+12 2.16926e+12 3.64005e+11 3.16228e+11 1.41439e+12 1.07898e+12     35.3836       1e+10     45.6946     63.8905     65.7647     16.1245          66     52.8867     43.0116     22.8254     17.4642     13.6015     15.8114     9.84886     68.0074     52.3259     30.5287     14.0357     74.3236     55.5428      45.607     39.4588     60.4152     66.6108     18.6815     19.6469      67.082     28.4429     70.0071     14.1421     59.2284     3.60555     41.6293     19.2094     55.9732     45.2769     64.1327     46.1411     14.8661     41.7732     67.6831     49.3964     59.4643     36.4005      31.305     79.3977     12.8062     31.3209      54.231     71.3863     38.2753     73.0068     209.411     136.132     167.622     126.495     216.926     36.4005     31.6228     141.439     107.898
1.64806e+12 1.17388e+12 1.55554e+12 1.66148e+12 1.73358e+12 6.49384e+11 5.33667e+11  1.4046e+12 6.37024e+11     44.9444     45.6946       1e+10     24.0416     41.4849     38.2099     63.7809          65     24.0416     49.0408     59.0339     57.8014     30.3645     46.8722     49.7695     41.3038     27.2029     52.0096     28.6356          41     39.6989     52.3927     68.6003     36.1248     27.2947     59.8164     72.2496     48.0521     67.4759      32.249          34     42.1545     35.2278     44.5982     24.5153     41.1096     21.8403     41.0488     56.8595     55.0364     55.0727     36.2215     14.1421       57.28     29.7321     38.4708     57.3062          15       8.544     28.2843     57.8705      27.313     164.806     117.388     155.554     166.148     173.358     64.9384     53.3667      140.46     63.7024
1.45962e+12 9.63016e+11 1.72722e+12 1.73738e+12 1.53052e+12 7.20069e+11 6.00167e+11 1.25734e+12 4.47214e+11     68.9493     63.8905     24.0416       1e+10     24.7588     60.2163     55.0091     63.7887     24.7386     71.8679     73.3553     77.1557     48.1664     61.9112     34.7131     64.0312     36.2491          73     21.9545     63.0317     37.1214     55.0364       64.56      52.811     47.5079     80.7217     65.9242     55.5428     57.8014     52.4023     53.7587     60.3075     59.0339     67.1193     12.0416     64.7765     32.2025     64.6297     77.0779          57     42.2019     59.0762     22.1359     62.3939     37.3363     15.5563     76.4853     37.2156      20.025     34.2053     62.2013     21.6333     145.962     96.3016     172.722     173.738     153.052     72.0069     60.0167     125.734     44.7214
1.54156e+12 7.63217e+11 1.95898e+12 1.58474e+12 1.58518e+12 6.04152e+11 4.96488e+11 1.01213e+12 5.80775e+11     82.1523     65.7647     41.4849     24.7588       1e+10     68.1542     32.0156     45.5412     23.7697     80.5233     69.3542     79.2591     52.2015     60.2163          10     82.5651     35.3412          78     46.4004     82.4621     23.6008     41.5933     44.0114      75.591     54.5711          85     43.7379     46.8615      34.176     58.5235     75.0267     62.6099      75.326     75.4321      17.088     81.3941     56.0357     81.4985     80.4984     42.5441     17.8885     77.4661     45.4863     50.1199     34.4819     29.6142     78.3901     49.0102     41.5933     58.7963     49.1935     46.2277     154.156     76.3217     195.898     158.474     158.518     60.4152     49.6488     101.213     58.0775
2.02872e+12 1.42352e+12  1.5203e+12 1.41891e+12 2.11568e+12 5.16236e+11 4.49444e+11 1.52778e+12 1.01912e+12          20     16.1245     38.2099     60.2163     68.1542       1e+10     75.3127      65.307     44.3847     12.3693      33.541     22.2036     17.0294     24.7588     72.5603     36.2491     34.0588     14.3178     66.0303     39.5601     52.0384     51.0784     72.2357     52.0096     13.6015     21.9545     78.4347     40.7063     79.4292          10     44.1814     14.8661      25.632     7.28011     55.0364     29.1548     52.9245     30.0167     19.9249     53.7122     74.0068     33.5261     50.4777       49.93          36     75.6042     22.0907     23.3452     46.2277     60.1664     51.6236     64.6375     202.872     142.352      152.03     141.891     211.568     51.6236     44.9444     152.778     101.912
1.80646e+12  7.2111e+11 2.18552e+12 1.30602e+12 1.82923e+12 4.30465e+11 3.73631e+11 7.83901e+11 8.91403e+11     93.6803          66     63.7809     55.0091     32.0156     75.3127       1e+10     20.5183     39.8246     86.7006      61.131     77.4145     58.4637     57.1402     23.0868     100.648     43.0813     80.0062     76.9415      101.71     25.0599     27.6586     14.7648      99.905     63.6003     85.1469          12     38.3275     4.12311     65.5134     97.2008     64.0703     91.2853     81.8841     44.1022       97.17     82.9759     97.5756     80.1561     26.2488          15     95.7706     72.4707     34.5398     40.4969     61.6117     76.4199     64.4127     67.2681     87.2009     32.6956     76.5376     180.646      72.111     218.552     130.602     182.923     43.0465     37.3631     78.3901     89.1403
 1.9864e+12 9.12853e+11 2.14742e+12 1.13031e+12 2.01777e+12 2.34094e+11 2.13776e+11 8.86454e+11 1.03484e+12          85     52.8867          65     63.7887     45.5412      65.307     20.5183       1e+10     42.1545     75.2728     44.0454     62.2896       49.93     43.1741     39.2173      95.901     39.0512     66.7083     84.6463     97.7446     26.9258     14.4222     8.06226         100     56.0357     70.5762     15.1327     24.6982     23.0217     56.4358     95.6713     51.8652     85.6037     70.9366      51.788      91.022     86.3134     91.6079     65.6201     11.6619     32.6497     91.4385     76.5572     17.0294     36.2353     74.0068     61.2944     60.8276     70.6824     91.7878     15.0333     83.9345      198.64     91.2853     214.742     113.031     201.777     23.4094     21.3776     88.6454     103.484
1.69685e+12 9.90051e+11 1.78933e+12 1.49335e+12 1.75889e+12 4.73814e+11 3.53553e+11 1.17239e+12 6.90797e+11     59.0085     43.0116     24.0416     24.7386     23.7697     44.3847     39.8246     42.1545       1e+10     56.7539     49.6488     56.6127     28.6356     38.9487     29.0689     62.0322     12.7279     54.5619     43.2897     62.6498     15.8114      31.257     44.9444     60.1415     30.8058     61.7738     48.2701     30.8058     43.6005     34.7851     57.4282     39.6611     53.6004     51.6624     13.8924     59.6657     44.4185     59.9083     57.4543      33.541      32.573     57.0088     34.4384     38.0132     13.0384     38.9102     55.8032     26.4764     28.6531     49.6588     38.0132     42.4264     169.685     99.0051     178.933     149.335     175.889     47.3814     35.3553     117.239     69.0797
 2.1281e+12 1.54548e+12    1.46e+12 1.42302e+12 2.22036e+12 5.90762e+11  5.4231e+11 1.63487e+12  1.1245e+12     15.5242     22.8254     49.0408     71.8679     80.5233     12.3693     86.7006     75.2728     56.7539       1e+10     38.1838     21.0238     29.0689     32.6497     84.8528     36.1248     46.2709     11.6619     75.8222       40.05     64.0078     61.4003     82.5651     56.0892     25.9615     16.0312     89.0225     50.5964     90.7965     22.2036      47.676     23.4094     27.1662     5.09902     67.2309     28.1603     61.0574     29.1548      17.088     63.8905      86.093     35.0571      60.208     59.0931     48.0937     87.0919     21.4709     34.6699     56.5862     68.0955     60.9262      74.411      212.81     154.548         146     142.302     222.036     59.0762      54.231     163.487      112.45
2.19185e+12  1.3315e+12 1.84114e+12  1.0949e+12 2.25535e+12 2.28035e+11 2.37697e+11 1.31856e+12 1.18072e+12     52.2015     17.4642     59.0339     73.3553     69.3542      33.541      61.131     44.0454     49.6488     38.1838       1e+10     19.6977     29.0689     12.1655     69.0652     69.7782     37.2156     27.0185     87.0919     73.0068     46.4004     33.5261     52.0865     83.5464     34.0588     28.2312     59.1354     23.7065     64.7611     30.4138     76.4003     19.6469     59.0931      35.609     63.5138     62.6498     79.1581     63.5295     23.7065     34.9285     66.6483     66.8506     73.1642     27.1662     36.6197     88.3233     18.7883     46.0435     67.4685     86.2844     29.1548     85.8662     219.185      133.15     184.114      109.49     225.535     22.8035     23.7697     131.856     118.072
2.22266e+12 1.48489e+12 1.66331e+12 1.21458e+12 2.30083e+12 4.23792e+11 4.10488e+11 1.50765e+12 1.20801e+12     36.4005     13.6015     57.8014     77.1557     79.2591     22.2036     77.4145     62.2896     56.6127     21.0238     19.6977       1e+10          29     20.3961     81.1542     56.2939     44.1022     9.48683     86.3539     60.0167     58.5235       50.04     70.1783      74.027     30.5287       8.544     77.1038     39.1152     81.3019     25.5539     66.0076     17.0294     46.3897     20.3961      69.527     48.5077     74.6324     49.4773     4.24264          52     80.3617     54.4518     71.1126     45.2769     44.7772     92.6984           1     42.9418      66.242     81.9085     47.2652          85     222.266     148.489     166.331     121.458     230.083     42.3792     41.0488     150.765     120.801
  1.936e+12 1.25483e+12 1.65194e+12 1.37931e+12 2.01159e+12 4.03113e+11 3.11448e+11 1.36297e+12 9.20869e+11     35.4683     15.8114     30.3645     48.1664     52.2015     17.0294     58.4637       49.93     28.6356     29.0689     29.0689          29       1e+10          17     55.9017     46.6905     17.2627     25.9422     58.8727     49.0408     35.0143     35.5106      56.356     55.9732     6.40312     33.2866     62.2415     26.1725     62.5859     7.07107     49.6588     12.2066     36.0694     24.0208     40.8044     41.2311     50.0899     41.8688     29.2062     38.2753     57.0351      42.638     44.3847     36.0694     19.0263     63.7024     28.3196          17     38.8973     57.2189     37.4833     57.5847       193.6     125.483     165.194     137.931     201.159     40.3113     31.1448     136.297     92.0869
 2.0787e+12 1.28098e+12 1.76777e+12 1.21062e+12 2.14611e+12 2.69072e+11 2.18403e+11 1.31795e+12  1.0655e+12     44.5982     9.84886     46.8722     61.9112     60.2163     24.7588     57.1402     43.1741     38.9487     32.6497     12.1655     20.3961          17       1e+10     61.2699      60.208     26.2488     23.5372          75     63.1348     38.4838     30.0666     50.8035     72.2772     22.3607     28.0179     57.5587     19.0263     61.0737     19.3132     65.4599     9.89949     49.3964     28.8444     52.6308     53.6004     67.0671     54.4059     23.0217      32.249     60.0833     56.8243          61     26.5707     26.1725     77.1038     19.4165          34     55.3173     74.1687     28.4605     73.7631      207.87     128.098     176.777     121.062     214.611     26.9072     21.8403     131.795      106.55
1.59424e+12 7.00071e+11 2.04949e+12 1.52086e+12 1.62788e+12 5.70088e+11 4.73814e+11 9.16079e+11 6.60681e+11     88.0511     68.0074     49.7695     34.7131          10     72.5603     23.0868     39.2173     29.0689     84.8528     69.0652     81.1542     55.9017     61.2699       1e+10     90.2497     38.6394     81.0432     56.4004     90.4434     22.8254     38.2884     36.3456     84.7231     59.2115     87.5957     35.0571      45.607     24.7386     62.6498      83.672      65.146     82.3772     79.7621     26.0768      88.459     65.6049     88.6454     82.8734     38.6005     8.24621     85.1645          55     46.8615      37.108     38.8973     80.2309     55.4437      50.774     68.6222      45.607     56.2228     159.424     70.0071     204.949     152.086     162.788     57.0088     47.3814     91.6079     66.0681
1.89095e+12 1.58676e+12 1.18849e+12 1.77609e+12 2.00412e+12 8.64002e+11 7.78332e+11 1.78899e+12 9.39149e+11     21.0238     52.3259     41.3038     64.0312     82.5651     36.2491     100.648      95.901     62.0322     36.1248     69.7782     56.2939     46.6905      60.208     90.2497       1e+10     57.9828     46.8722     57.0088     4.12311      75.591     81.5659     101.607     23.6008     40.3113     52.1536      106.78     72.8354     104.657     41.4005     15.5563     50.6063     10.8167     35.9026     65.7647           8     38.4838           7     52.7731      84.386      94.578     5.09902     43.9318     82.7587     60.7454     76.1183     56.5155     36.2353     44.1022      43.566     84.1487     55.7136     189.095     158.676     118.849     177.609     200.412     86.4002     77.8332     178.899     93.9149
 1.8197e+12 1.08296e+12 1.76604e+12 1.40004e+12 1.88438e+12 3.81182e+11 2.63059e+11 1.21462e+12 8.09568e+11     50.9902     30.5287     27.2029     36.2491     35.3412     34.0588     43.0813     39.0512     12.7279     46.2709     37.2156     44.1022     17.2627     26.2488     38.6394     57.9828       1e+10       42.72     52.1536     59.4054     18.4391     25.5539     43.9318     61.0328      21.095     49.6588     48.8262      21.095     47.1699     24.0832     56.6392     27.2947     48.3011     41.1947     26.4008     54.1295     49.0408     54.5619     45.1774     28.3019     40.0125     53.2541     40.4475     30.0832     2.82843     51.1077     43.2666     22.0227     34.3657     55.3173     30.6757     51.0882      181.97     108.296     176.604     140.004     188.438     38.1182     26.3059     121.462     80.9568
2.16813e+12 1.49777e+12 1.57493e+12 1.30943e+12  2.2522e+12 4.87647e+11 4.53542e+11 1.55332e+12 1.15624e+12     26.9258     14.0357     52.0096          73          78     14.3178     80.0062     66.7083     54.5619     11.6619     27.0185     9.48683     25.9422     23.5372     81.0432     46.8722       42.72       1e+10     80.1561      50.636     59.0339     53.4603     74.3303      65.192     25.4951     7.81025     81.0494     42.4264     84.0238     20.6155     57.0351     16.1245     37.1214     11.0454     66.5733     39.0512     67.2309      40.025           6     55.7315     81.2158     45.1774     64.6607          50     43.9659     88.5268     9.84886     37.0135     60.2163     74.4648      51.923     78.7718     216.813     149.777     157.493     130.943      225.22     48.7647     45.3542     155.332     115.624
   1.37e+12 1.12925e+12 1.55322e+12 1.92065e+12 1.46414e+12 9.00056e+11     7.8e+11 1.46509e+12 3.74433e+11     68.4105     74.3236     28.6356     21.9545     46.4004     66.0303     76.9415     84.6463     43.2897     75.8222     87.0919     86.3539     58.8727          75     56.4004     57.0088     52.1536     80.1561       1e+10     54.7083     57.7235     74.5453     86.0349     39.0512     55.9017     87.9204     87.7268     73.0274     79.7559     60.8276     43.1741     70.7743     55.7584     71.8401     33.2415     60.4152     18.6815     59.9416      85.235     76.7919     64.0703     52.8015     15.6205     81.0987      54.037     23.4094     85.8836     43.4166     20.1246     16.1245     81.2219     1.41421         137     112.925     155.322     192.065     146.414     90.0056          78     146.509     37.4433
1.85699e+12 1.58319e+12 1.17201e+12 1.81202e+12   1.972e+12 8.90505e+11 8.01561e+11 1.79789e+12 9.12853e+11     25.0799     55.5428          41     63.0317     82.4621     39.5601      101.71     97.7446     62.6498       40.05     73.0068     60.0167     49.0408     63.1348     90.4434     4.12311     59.4054      50.636     54.7083       1e+10     76.6616     83.4865     103.233     19.8494      42.638     56.0803     108.227     75.0733     105.679     44.1022     12.2066     53.6656     13.9284     39.6232     65.5134     12.0416     36.0555     11.0454     56.5685     86.3134     95.0789     6.40312     42.2966     85.0412     62.2013     74.5453      60.208     37.4433     43.0116     40.7063     86.3713     53.4509     185.699     158.319     117.201     181.202       197.2     89.0505     80.1561     179.789     91.2853
1.77192e+12 9.07965e+11   1.936e+12 1.37321e+12  1.8197e+12 3.71618e+11 2.60768e+11 1.03368e+12 7.88543e+11     69.4262      45.607     39.6989     37.1214     23.6008     52.0384     25.0599     26.9258     15.8114     64.0078     46.4004     58.5235     35.0143     38.4838     22.8254      75.591     18.4391     59.0339     57.7235     76.6616       1e+10     18.6815     29.1548     75.6637     39.4588     65.2534     32.5576     23.3452     29.0689     42.0476     72.4707     42.9535     66.3099          59     25.0799     72.2357      60.208     72.6154     60.4401     20.2237     22.2036     70.7107     50.1199     26.9258     16.1245     48.6621     57.5847     39.3573     44.4185     65.2993     26.2488     57.0088     177.192     90.7965       193.6     137.321      181.97     37.1618     26.0768     103.368     78.8543
1.95658e+12 9.96243e+11 2.00385e+12 1.18828e+12 2.00085e+12  1.8868e+11 9.84886e+10 1.02108e+12 9.75141e+11     70.6612     39.4588     52.3927     55.0364     41.5933     51.0784     27.6586     14.4222      31.257     61.4003     33.5261       50.04     35.5106     30.0666     38.2884     81.5659     25.5539     53.4603     74.5453     83.4865     18.6815       1e+10     21.1896     86.5332     41.6173     58.0086     27.6586     11.0454     31.4006     42.0595     81.8352     38.0789      71.218      56.921     43.1045     76.6094     74.0945      77.201     53.0094     2.82843     34.2053     77.1557      64.846     8.60233     22.8254     67.2681     49.0408     46.8615     58.8218     80.0062     7.61577     73.6817     195.658     99.6243     200.385     118.828     200.085      18.868     9.84886     102.108     97.5141
1.95133e+12 8.36301e+11 2.20411e+12  1.1609e+12 1.97618e+12 3.13209e+11 2.91548e+11 8.10247e+11  1.0202e+12     91.7061     60.4152     68.6003       64.56     44.0114     72.2357     14.7648     8.06226     44.9444     82.5651     52.0865     70.1783      56.356     50.8035     36.3456     101.607     43.9318     74.3303     86.0349     103.233     29.1548     21.1896       1e+10     104.235     62.2656     78.4092     7.07107     32.0156     16.2788     63.0714     100.409      59.203      91.526     78.1089      52.811     97.0979     89.3588     97.6371      73.437     18.6815     28.8617     97.0052     79.2591          25     41.1096     73.3348     69.1809     65.9469     73.5731      94.414          23       85.44     195.133     83.6301     220.411      116.09     197.618     31.3209     29.1548     81.0247      102.02
1.66066e+12  1.4904e+12 1.20308e+12 1.93018e+12 1.77859e+12 9.58541e+11 8.54225e+11 1.76119e+12 7.36817e+11       42.72     66.6108     36.1248      52.811      75.591     52.0096      99.905         100     60.1415     56.0892     83.5464      74.027     55.9732     72.2772     84.7231     23.6008     61.0328      65.192     39.0512     19.8494     75.6637     86.5332     104.235       1e+10          50     71.7008     108.208     80.0625     103.586     53.1507       8.544     63.9531     29.1204     54.3323     58.6686     30.4138     21.2132     29.5296     71.1758     89.3085     90.6973     21.9317     30.6757     89.9444     63.8201     61.2944     74.0068     40.2492          34     23.3452     90.9175     38.0132     166.066      149.04     120.308     193.018     177.859     95.8541     85.4225     176.119     73.6817
1.91818e+12 1.29139e+12 1.58902e+12 1.43402e+12 1.99905e+12 4.66476e+11 3.75366e+11 1.41739e+12 9.04268e+11     30.0832     18.6815     27.2947     47.5079     54.5711     13.6015     63.6003     56.0357     30.8058     25.9615     34.0588     30.5287     6.40312     22.3607     59.2115     40.3113      21.095     25.4951     55.9017      42.638     39.4588     41.6173     62.2656          50       1e+10     33.2415     67.9779     32.5269       67.72           5     43.4626     15.2971     29.7321     20.8806     41.5933          35     45.5412      35.609     29.8329     44.4072     61.0737     36.2353     40.8534       42.45     23.3452     63.0317     30.0167     12.6491     35.7771     52.7731     43.8406     54.5619     191.818     129.139     158.902     143.402     199.905     46.6476     37.5366     141.739     90.4268
2.24617e+12 1.55724e+12 1.59013e+12 1.26874e+12 2.33026e+12 5.09215e+11 4.92544e+11 1.59138e+12 1.23434e+12     31.4006     19.6469     59.8164     80.7217          85     21.9545     85.1469     70.5762     61.7738     16.0312     28.2312       8.544     33.2866     28.0179     87.5957     52.1536     49.6588     7.81025     87.9204     56.0803     65.2534     58.0086     78.4092     71.7008     33.2415       1e+10     85.2877          47     89.0898     28.3196     63.3877     22.4722     43.0465     17.4642     74.0608     44.1814     74.7329     45.1774           5      60.075     87.3212     51.0098     72.4017     53.6004     50.6952     96.2601     9.48683     44.8219     68.0074      81.939     55.5788     86.5332     224.617     155.724     159.013     126.874     233.026     50.9215     49.2544     159.138     123.434
1.92169e+12 7.69415e+11 2.25417e+12 1.19269e+12 1.94064e+12 3.83275e+11 3.60555e+11 7.44648e+11 1.01124e+12     97.6934      67.082     72.2496     65.9242     43.7379     78.4347          12     15.1327     48.2701     89.0225     59.1354     77.1038     62.2415     57.5587     35.0571      106.78     48.8262     81.0494     87.7268     108.227     32.5576     27.6586     7.07107     108.208     67.9779     85.2877       1e+10     38.6394     11.7047     69.0797     104.805     65.7343     96.8969     84.4808     54.5619     102.577     92.4175     103.078     80.3057      25.318          27     102.078     82.0975     32.0156     46.0435     73.3485     76.1052     70.8025     76.6094     97.0979     30.0167     87.2353     192.169     76.9415     225.417     119.269     194.064     38.3275     36.0555     74.4648     101.124
1.99459e+12 1.09895e+12 1.91343e+12 1.19038e+12 2.04793e+12 1.70294e+11 5.38516e+10 1.13031e+12 9.96243e+11     60.5392     28.4429     48.0521     55.5428     46.8615     40.7063     38.3275     24.6982     30.8058     50.5964     23.7065     39.1152     26.1725     19.0263      45.607     72.8354      21.095     42.4264     73.0274     75.0733     23.3452     11.0454     32.0156     80.0625     32.5269          47     38.6394       1e+10       42.19     32.2025     74.6257     27.2029     62.2415     46.2385     44.2719     67.3573      69.857     68.0147          42     13.3417     42.9418     68.6804     61.5224          10          19     69.2892     38.1182     39.8246     55.4437     76.2955     11.3137     72.0069     199.459     109.895     191.343     119.038     204.793     17.0294     5.38516     113.031     99.6243
1.80499e+12 6.87095e+11 2.22441e+12 1.30973e+12 1.82362e+12 4.60652e+11     4.1e+11 7.43236e+11 9.04489e+11     97.8008     70.0071     67.4759     57.8014      34.176     79.4292     4.12311     23.0217     43.6005     90.7965     64.7611     81.3019     62.5859     61.0737     24.7386     104.657     47.1699     84.0238     79.7559     105.679     29.0689     31.4006     16.2788     103.586       67.72     89.0898     11.7047       42.19       1e+10     69.6348      101.02     68.1175     95.3415     85.9884     47.2017     101.237     86.3713     101.637     84.0952     29.8329     16.4924     99.7647     75.8222     37.9473     44.5982     63.6003     80.3057     68.4251     70.7248     90.4268     36.0555      79.404     180.499     68.7095     222.441     130.973     182.362     46.0652          41     74.3236     90.4489
1.96817e+12 1.32378e+12 1.59289e+12 1.39904e+12 2.04893e+12     4.5e+11 3.68782e+11 1.43252e+12 9.54254e+11     28.6356     14.1421      32.249     52.4023     58.5235          10     65.5134     56.4358     34.7851     22.2036     30.4138     25.5539     7.07107     19.3132     62.6498     41.4005     24.0832     20.6155     60.8276     44.1022     42.0476     42.0595     63.0714     53.1507           5     28.3196     69.0797     32.2025     69.6348       1e+10     46.1736          11     30.6105     17.1172     46.1411     35.3553       50.01     36.0694     24.8395     44.7772     64.0078     37.7359     45.6946     41.8688          26     67.9412     25.0599     17.4642     40.7063     57.2713     43.4166     59.4811     196.817     132.378     159.289     139.904     204.893          45     36.8782     143.252     95.4254
1.73566e+12 1.49907e+12 1.21594e+12 1.85723e+12    1.85e+12 8.98944e+11  7.9925e+11 1.74416e+12 7.93095e+11      34.176     59.2284          34     53.7587     75.0267     44.1814     97.2008     95.6713     57.4282      47.676     76.4003     66.0076     49.6588     65.4599      83.672     15.5563     56.6392     57.0351     43.1741     12.2066     72.4707     81.8352     100.409       8.544     43.4626     63.3877     104.805     74.6257      101.02     46.1736       1e+10     56.7539     20.6155     46.0977     57.9396     21.9545     24.5153      21.095     63.0317     84.6463     89.0674     13.4164     32.0624     84.5991     59.4643     64.0312     66.0303          35     33.9559     28.6356      85.703     41.9762     173.566     149.907     121.594     185.723         185     89.8944      79.925     174.416     79.3095
2.05806e+12  1.3366e+12 1.66877e+12 1.29066e+12 2.13335e+12 3.67967e+11 3.08707e+11 1.40186e+12 1.04293e+12     34.7131     3.60555     42.1545     60.3075     62.6099     14.8661     64.0703     51.8652     39.6611     23.4094     19.6469     17.0294     12.2066     9.89949      65.146     50.6063     27.2947     16.1245     70.7743     53.6656     42.9535     38.0789      59.203     63.9531     15.2971     22.4722     65.7343     27.2029     68.1175          11     56.7539       1e+10     39.8246     19.2354     52.4976     43.8292     60.8276     44.6542     17.8885     40.5216     65.1153     47.4236     55.9732     35.7771     28.2312     75.8222     16.2788     27.8927     50.6952     68.0661     37.5766     69.4622     205.806      133.66     166.877     129.066     213.335     36.7967     30.8707     140.186     104.293
1.90919e+12 1.51648e+12  1.2919e+12 1.67356e+12  2.0142e+12 7.56042e+11 6.71789e+11 1.69664e+12 9.31933e+11     13.8924     41.6293     35.2278     59.0339      75.326      25.632     91.2853     85.6037     53.6004     27.1662     59.0931     46.3897     36.0694     49.3964     82.3772     10.8167     48.3011     37.1214     55.7584     13.9284     66.3099      71.218      91.526     29.1204     29.7321     43.0465     96.8969     62.2415     95.3415     30.6105     20.6155     39.8246       1e+10     26.0768     59.0085     6.08276     38.2884     6.32456     43.1045      74.027     86.1278     8.06226     41.1461     72.1249          51     72.4224     46.5296     27.2029     39.8497     44.5533     73.5527     54.3783     190.919     151.648      129.19     167.356      201.42     75.6042     67.1789     169.664     93.1933
 2.0883e+12 1.49482e+12   1.486e+12  1.4176e+12  2.1783e+12 5.56058e+11 5.00899e+11 1.58928e+12  1.0819e+12     16.6433     19.2094     44.5982     67.1193     75.4321     7.28011     81.8841     70.9366     51.6624     5.09902      35.609     20.3961     24.0208     28.8444     79.7621     35.9026     41.1947     11.0454     71.8401     39.6232          59      56.921     78.1089     54.3323     20.8806     17.4642     84.4808     46.2385     85.9884     17.1172     46.0977     19.2354     26.0768       1e+10     62.2415     28.1603     57.7062     29.1204     17.0294     59.4643     81.0555     34.1321     56.2228     55.0091     43.0465     82.4197     20.6155          30      52.345      64.846     56.7979     70.4344      208.83     149.482       148.6      141.76      217.83     55.6058     50.0899     158.928      108.19
1.55795e+12 9.29139e+11 1.78941e+12 1.61895e+12 1.62049e+12 6.04152e+11 4.85077e+11 1.17644e+12 5.53624e+11     66.9104     55.9732     24.5153     12.0416      17.088     55.0364     44.1022      51.788     13.8924     67.2309     63.5138      69.527     40.8044     52.6308     26.0768     65.7647     26.4008     66.5733     33.2415     65.5134     25.0799     43.1045      52.811     58.6686     41.5933     74.0608     54.5619     44.2719     47.2017     46.1411     57.9396     52.4976     59.0085     62.2415       1e+10     65.0308     39.6989     65.0692          70     45.0111     32.5576     60.6712     29.0689      50.636     26.9258     25.0799     68.7677     33.7343     24.6982     43.2782     50.3587     32.6956     155.795     92.9139     178.941     161.895     162.049     60.4152     48.5077     117.644     55.3624
1.94517e+12 1.57715e+12 1.23988e+12 1.69921e+12  2.0538e+12 8.01561e+11 7.21803e+11 1.75559e+12 9.77548e+11     13.0384     45.2769     41.1096     64.7765     81.3941     29.1548       97.17      91.022     59.6657     28.1603     62.6498     48.5077     41.2311     53.6004      88.459           8     54.1295     39.0512     60.4152     12.0416     72.2357     76.6094     97.0979     30.4138          35     44.1814     102.577     67.3573     101.237     35.3553     21.9545     43.8292     6.08276     28.1603     65.0308       1e+10     42.4382           1      44.911      79.404     92.1792     8.60233     46.2385     77.1557     56.7979     77.8845     48.7647     33.2415     45.3542     48.2701     78.6448     59.0593     194.517     157.715     123.988     169.921      205.38     80.1561     72.1803     175.559     97.7548
1.52761e+12 1.28082e+12 1.40528e+12 1.87451e+12 1.63132e+12 8.66833e+11 7.51864e+11 1.57201e+12 5.54707e+11     51.6236     64.1327     21.8403     32.2025     56.0357     52.9245     82.9759     86.3134     44.4185     61.0574     79.1581     74.6324     50.0899     67.0671     65.6049     38.4838     49.0408     67.2309     18.6815     36.0555      60.208     74.0945     89.3588     21.2132     45.5412     74.7329     92.4175      69.857     86.3713       50.01     24.5153     60.8276     38.2884     57.7062     39.6989     42.4382       1e+10     41.8808     72.8011     76.6942     72.2496     34.4819     10.6301     79.1202     51.5461     40.1123     74.3303     33.1361     15.8114     7.28011     79.6994     17.4642     152.761     128.082     140.528     187.451     163.132     86.6833     75.1864     157.201     55.4707
 1.9383e+12 1.57813e+12 1.23329e+12  1.7088e+12 2.04749e+12 8.09197e+11 7.28629e+11  1.7596e+12 9.72471e+11     14.0357     46.1411     41.0488     64.6297     81.4985     30.0167     97.5756     91.6079     59.9083     29.1548     63.5295     49.4773     41.8688     54.4059     88.6454           7     54.5619      40.025     59.9416     11.0454     72.6154      77.201     97.6371     29.5296      35.609     45.1774     103.078     68.0147     101.637     36.0694      21.095     44.6542     6.32456     29.1204     65.0692           1     41.8808       1e+10     45.8912          80     92.4446     7.81025     45.8803     77.8332     57.2451     77.6209     49.7293     33.5261     45.1221      47.634     79.3095     58.5918      193.83     157.813     123.329      170.88     204.749     80.9197     72.8629      175.96     97.2471
