      1e+20    1.18e+12 1.10023e+12     120.221     94.7629      170.52     140.698     146.294     136.499     113.759     144.368     95.7079     155.261     94.0213     117.516     89.7385     126.905      84.309     92.0706      120.15     143.087       1e+20    1.18e+12 1.10023e+12
   1.18e+12       1e+20 5.16236e+11          23     26.8328     61.8466     26.0768     45.2769     30.5287     30.0832     38.6005          30     68.9493     24.0832     11.0454     38.0132     27.6586      51.225     30.4138     6.32456     25.4951    1.18e+12       1e+20 5.16236e+11
1.10023e+12 5.16236e+11       1e+20     31.4006     36.3456     109.809     53.2635     96.6075     81.8596     77.7817     89.4707     66.1891     120.553     50.2494     41.1461     28.6356     79.0569     26.4008     34.9285     57.9396     61.5224 1.10023e+12 5.16236e+11       1e+20
1.20221e+12     2.3e+11 3.14006e+11       1e+10     26.4008     78.4092     23.7697     66.1287     51.5461     52.6118     58.6941     47.5079      90.956     34.6554     12.0416     31.0161     50.3587          41     28.4605     29.0689     30.8058     120.221          23     31.4006
9.47629e+11 2.68328e+11 3.63456e+11     26.4008       1e+10     88.2326     46.0435     69.3542     55.1725     44.0114     63.7024          30     90.2109          14     23.0217     12.2066     49.2037     25.6125     3.60555     31.6228     49.4975     94.7629     26.8328     36.3456
 1.7052e+12 6.18466e+11 1.09809e+12     78.4092     88.2326       1e+10     59.0339          25     34.5398     56.8859     26.2488          75     36.0694     80.9506     70.0071     99.8098     43.6807     113.071     91.8368     56.6127     49.6488      170.52     61.8466     109.809
1.40698e+12 2.60768e+11 5.32635e+11     23.7697     46.0435     59.0339       1e+10     53.0094     40.4475     52.4309     45.0111     56.0357     79.0063     48.7032     23.1948     53.6004     44.0114       64.56          49     28.2843     9.48683     140.698     26.0768     53.2635
1.46294e+12 4.52769e+11 9.66075e+11     66.1287     69.3542          25     53.0094       1e+10     14.7648      32.573           8     51.4782          26     59.8164     55.4617     81.4678     20.8087      94.921     72.8629     39.1152     44.0454     146.294     45.2769     96.6075
1.36499e+12 3.05287e+11 8.18596e+11     51.5461     55.1725     34.5398     40.4475     14.7648       1e+10     24.1868     8.60233     40.7922     39.6232     46.6476     40.7185     67.1789     10.0499     80.6226     58.7282     24.4131       32.28     136.499     30.5287     81.8596
1.13759e+12 3.00832e+11 7.77817e+11     52.6118     44.0114     56.8859     52.4309      32.573     24.1868       1e+10     31.0644     19.4165     47.5079     31.3847     40.6079     55.9464     14.1421      68.884     47.0106     25.0799     47.3814     113.759     30.0832     77.7817
1.44368e+12 3.86005e+11 8.94707e+11     58.6941     63.7024     26.2488     45.0111           8     8.60233     31.0644       1e+10     48.7647          34     55.2268     48.3735     75.6637     17.4642     89.0955     67.2681     32.6497     36.0555     144.368     38.6005     89.4707
9.57079e+11       3e+11 6.61891e+11     47.5079          30          75     56.0357     51.4782     40.7922     19.4165     48.7647       1e+10      66.468          16     37.0135     40.6079     31.3209     52.4976     32.1403     28.6356     54.1295     95.7079          30     66.1891
1.55261e+12 6.89493e+11 1.20553e+12      90.956     90.2109     36.0694     79.0063          26     39.6232     47.5079          34      66.468       1e+10     78.6003     79.6994     102.396     41.6293     115.663     93.4933     62.6259     70.0286     155.261     68.9493     120.553
9.40213e+11 2.40832e+11 5.02494e+11     34.6554          14     80.9506     48.7032     59.8164     46.6476     31.3847     55.2268          16     78.6003       1e+10     26.4197          25     39.0512     37.5766     16.2788     26.3059     49.4975     94.0213     24.0832     50.2494
1.17516e+12 1.10454e+11 4.11461e+11     12.0416     23.0217     70.0071     23.1948     55.4617     40.7185     40.6079     48.3735     37.0135     79.6994     26.4197       1e+10     31.9531     38.6394     44.2945     26.1725     17.2627     26.6833     117.516     11.0454     41.1461
8.97385e+11 3.80132e+11 2.86356e+11     31.0161     12.2066     99.8098     53.6004     81.4678     67.1789     55.9464     75.6637     40.6079     102.396          25     31.9531       1e+10     61.4003     13.4536     8.94427     43.2782     58.5235     89.7385     38.0132     28.6356
1.26905e+12 2.76586e+11 7.90569e+11     50.3587     49.2037     43.6807     44.0114     20.8087     10.0499     14.1421     17.4642     31.3209     41.6293     39.0512     38.6394     61.4003       1e+10     74.8131     52.6308     21.3776     37.2156     126.905     27.6586     79.0569
 8.4309e+11  5.1225e+11 2.64008e+11          41     25.6125     113.071       64.56      94.921     80.6226      68.884     89.0955     52.4976     115.663     37.5766     44.2945     13.4536     74.8131       1e+10     22.2036     56.6392     70.3847      84.309      51.225     26.4008
9.20706e+11 3.04138e+11 3.49285e+11     28.4605     3.60555     91.8368          49     72.8629     58.7282     47.0106     67.2681     32.1403     93.4933     16.2788     26.1725     8.94427     52.6308     22.2036       1e+10     35.2278     52.7731     92.0706     30.4138     34.9285
 1.2015e+12 6.32456e+10 5.79396e+11     29.0689     31.6228     56.6127     28.2843     39.1152     24.4131     25.0799     32.6497     28.6356     62.6259     26.3059     17.2627     43.2782     21.3776     56.6392     35.2278       1e+10     25.4951      120.15     6.32456     57.9396
1.43087e+12 2.54951e+11 6.15224e+11     30.8058     49.4975     49.6488     9.48683     44.0454       32.28     47.3814     36.0555     54.1295     70.0286     49.4975     26.6833     58.5235     37.2156     70.3847     52.7731     25.4951       1e+10     143.087     25.4951     61.5224
      1e+20    1.18e+12 1.10023e+12 1.20221e+12 9.47629e+11  1.7052e+12 1.40698e+12 1.46294e+12 1.36499e+12 1.13759e+12 1.44368e+12 9.57079e+11 1.55261e+12 9.40213e+11 1.17516e+12 8.97385e+11 1.26905e+12  8.4309e+11 9.20706e+11  1.2015e+12 1.43087e+12       1e+20    1.18e+12 1.10023e+12
   1.18e+12       1e+20 5.16236e+11     2.3e+11 2.68328e+11 6.18466e+11 2.60768e+11 4.52769e+11 3.05287e+11 3.00832e+11 3.86005e+11       3e+11 6.89493e+11 2.40832e+11 1.10454e+11 3.80132e+11 2.76586e+11  5.1225e+11 3.04138e+11 6.32456e+10 2.54951e+11    1.18e+12       1e+20 5.16236e+11
1.10023e+12 5.16236e+11       1e+20 3.14006e+11 3.63456e+11 1.09809e+12 5.32635e+11 9.66075e+11 8.18596e+11 7.77817e+11 8.94707e+11 6.61891e+11 1.20553e+12 5.02494e+11 4.11461e+11 2.86356e+11 7.90569e+11 2.64008e+11 3.49285e+11 5.79396e+11 6.15224e+11 1.10023e+12 5.16236e+11       1e+20
